%  SAM: modelfromalign v3.5 (July 15, 2005) compiled 12/05/20_11:48:22
%  (c) 1992-2001 Regents of the University of California, Santa Cruz
%
%          Sequence Alignment and Modeling Software System
%         http://www.cse.ucsc.edu/research/compbio/sam.html
%
% ----------------- Citations (SAM, SAM-T2K, HMMs) --------------------
% R. Hughey, A. Krogh, Hidden Markov models for sequence analysis:
%  Extension and analysis of the basic method, CABIOS 12:95-107, 1996.
% K. Karplus, et al., What is the value added by human intervention in protein
%  structure prediction, Proteins: Stucture, Function, Genetics 45(S5):86--91, 2001.
% A. Krogh et al., Hidden Markov models in computational biology:
%  Applications to protein modeling, JMB 235:1501-1531, Feb 1994.
% ---------------------------------------------------------------------
%  trimmed-uniq   Host: gauntlet    Thu Feb 11 19:02:09 2021
%  dgpinheiro     Dir:  /data/GitHub/sfFinder/example/output/subfamily/TEST2/flowerpower/fp-workspace/iter1
% ---------------------------------------------------------------------
% Prior File:  Internal (Name: recode3.20comp) 
%   20 priors on 20 characters.
%  Alignment weights from internal calc.  Total (0.85) Max (0.85) Min (0.85)
%  Weights from alignment method 1 (karplus), b=0.500000, e=0.500000
MODEL --  Model from alignment file trimmed-uniq.a2m
alphabet protein
FREQAVE
0.000000 0.000000 0.000000 
0.000000 0.000000 0.000000 
0.000000 0.000000 0.000000 
0.083686 0.013435 0.056151 0.064175 0.045701 
0.078867 0.024803 0.054132 0.054058 0.086113 
0.021399 0.040488 0.046928 0.036716 0.052707 
0.059019 0.054312 0.064942 0.024854 0.037513 
0.083686 0.013435 0.056151 0.064175 0.045701 
0.078867 0.024803 0.054132 0.054058 0.086113 
0.021399 0.040488 0.046928 0.036716 0.052707 
0.059019 0.054312 0.064942 0.024854 0.037513 
Begin
0.000000 0.000000 0.000000 
0.000000 0.000000 0.000000 
0.000000 0.015744 0.491768 
0.000000 0.000000 0.000000 0.000000 0.000000 
0.000000 0.000000 0.000000 0.000000 0.000000 
0.000000 0.000000 0.000000 0.000000 0.000000 
0.000000 0.000000 0.000000 0.000000 0.000000 
0.087130 0.033470 0.046870 0.049530 0.039770 
0.088610 0.033620 0.036890 0.080480 0.085360 
0.014750 0.040430 0.050680 0.038260 0.040900 
0.069580 0.058540 0.064720 0.010490 0.029920 
   1
0.000000 0.015091 0.046210 
0.000000 0.969166 0.462022 
0.057405 0.015744 0.491768 
0.060597 0.012719 0.022521 0.035216 0.052174 
0.026929 0.016948 0.086837 0.035525 0.158728 
0.175308 0.022102 0.022735 0.027076 0.033960 
0.036896 0.041476 0.087333 0.012404 0.032515 
0.087130 0.033470 0.046870 0.049530 0.039770 
0.088610 0.033620 0.036890 0.080480 0.085360 
0.014750 0.040430 0.050680 0.038260 0.040900 
0.069580 0.058540 0.064720 0.010490 0.029920 
   2
0.479817 0.015091 0.046210 
0.462778 0.969166 0.462022 
0.057405 0.015744 0.491768 
0.055275 0.007607 0.046413 0.069285 0.019801 
0.043319 0.024584 0.028148 0.098843 0.048196 
0.014906 0.041817 0.033743 0.049030 0.253281 
0.052505 0.046346 0.036514 0.008260 0.022128 
0.087130 0.033470 0.046870 0.049530 0.039770 
0.088610 0.033620 0.036890 0.080480 0.085360 
0.014750 0.040430 0.050680 0.038260 0.040900 
0.069580 0.058540 0.064720 0.010490 0.029920 
   3
0.479817 0.015091 0.046210 
0.462778 0.969166 0.462022 
0.057405 0.015744 0.491768 
0.055275 0.007607 0.046413 0.069285 0.019801 
0.043319 0.024584 0.028148 0.098843 0.048196 
0.014906 0.041817 0.033743 0.049030 0.253281 
0.052505 0.046346 0.036514 0.008260 0.022128 
0.087130 0.033470 0.046870 0.049530 0.039770 
0.088610 0.033620 0.036890 0.080480 0.085360 
0.014750 0.040430 0.050680 0.038260 0.040900 
0.069580 0.058540 0.064720 0.010490 0.029920 
   4
0.479817 0.015091 0.046210 
0.462778 0.969166 0.462022 
0.057405 0.015744 0.491768 
0.073439 0.008914 0.048149 0.040721 0.013583 
0.440119 0.016412 0.015904 0.038266 0.027332 
0.008738 0.044591 0.030649 0.024705 0.030820 
0.057426 0.034135 0.024841 0.005835 0.015422 
0.087130 0.033470 0.046870 0.049530 0.039770 
0.088610 0.033620 0.036890 0.080480 0.085360 
0.014750 0.040430 0.050680 0.038260 0.040900 
0.069580 0.058540 0.064720 0.010490 0.029920 
   5
0.479817 0.015091 0.046210 
0.462778 0.969166 0.462022 
0.057405 0.015744 0.491768 
0.084798 0.011932 0.059379 0.060626 0.019827 
0.066892 0.021031 0.026139 0.054001 0.041716 
0.013396 0.050346 0.042230 0.035894 0.043075 
0.224263 0.075819 0.039642 0.007565 0.021429 
0.087130 0.033470 0.046870 0.049530 0.039770 
0.088610 0.033620 0.036890 0.080480 0.085360 
0.014750 0.040430 0.050680 0.038260 0.040900 
0.069580 0.058540 0.064720 0.010490 0.029920 
   6
0.479817 0.015091 0.046210 
0.462778 0.969166 0.462022 
0.057405 0.015744 0.491768 
0.073387 0.015858 0.018950 0.030273 0.038905 
0.024435 0.012803 0.123069 0.029344 0.124578 
0.027116 0.017809 0.024624 0.020930 0.026428 
0.034806 0.046077 0.276706 0.008997 0.024905 
0.087130 0.033470 0.046870 0.049530 0.039770 
0.088610 0.033620 0.036890 0.080480 0.085360 
0.014750 0.040430 0.050680 0.038260 0.040900 
0.069580 0.058540 0.064720 0.010490 0.029920 
   7
0.479817 0.015091 0.046210 
0.462778 0.969166 0.462022 
0.057405 0.015744 0.491768 
0.267145 0.016529 0.039085 0.052278 0.023580 
0.066765 0.016239 0.043746 0.045134 0.061867 
0.017466 0.030885 0.038114 0.030891 0.036796 
0.066199 0.051458 0.067525 0.007423 0.020874 
0.087130 0.033470 0.046870 0.049530 0.039770 
0.088610 0.033620 0.036890 0.080480 0.085360 
0.014750 0.040430 0.050680 0.038260 0.040900 
0.069580 0.058540 0.064720 0.010490 0.029920 
   8
0.479817 0.015091 0.046210 
0.462778 0.969166 0.462022 
0.057405 0.015744 0.491768 
0.073439 0.008914 0.048149 0.040721 0.013583 
0.440119 0.016412 0.015904 0.038266 0.027332 
0.008738 0.044591 0.030649 0.024705 0.030820 
0.057426 0.034135 0.024841 0.005835 0.015422 
0.087130 0.033470 0.046870 0.049530 0.039770 
0.088610 0.033620 0.036890 0.080480 0.085360 
0.014750 0.040430 0.050680 0.038260 0.040900 
0.069580 0.058540 0.064720 0.010490 0.029920 
   9
0.479817 0.015091 0.046210 
0.462778 0.969166 0.462022 
0.057405 0.015744 0.491768 
0.062249 0.007926 0.046864 0.054245 0.017933 
0.046858 0.017553 0.026571 0.047786 0.043384 
0.011398 0.034635 0.356334 0.030160 0.037346 
0.055601 0.041949 0.037283 0.006276 0.017648 
0.087130 0.033470 0.046870 0.049530 0.039770 
0.088610 0.033620 0.036890 0.080480 0.085360 
0.014750 0.040430 0.050680 0.038260 0.040900 
0.069580 0.058540 0.064720 0.010490 0.029920 
  10
0.479817 0.015091 0.046210 
0.462778 0.969166 0.462022 
0.057405 0.015744 0.491768 
0.073439 0.008914 0.048149 0.040721 0.013583 
0.440119 0.016412 0.015904 0.038266 0.027332 
0.008738 0.044591 0.030649 0.024705 0.030820 
0.057426 0.034135 0.024841 0.005835 0.015422 
0.087130 0.033470 0.046870 0.049530 0.039770 
0.088610 0.033620 0.036890 0.080480 0.085360 
0.014750 0.040430 0.050680 0.038260 0.040900 
0.069580 0.058540 0.064720 0.010490 0.029920 
  11
0.479817 0.015091 0.046210 
0.462778 0.969166 0.462022 
0.057405 0.015744 0.491768 
0.073439 0.008914 0.048149 0.040721 0.013583 
0.440119 0.016412 0.015904 0.038266 0.027332 
0.008738 0.044591 0.030649 0.024705 0.030820 
0.057426 0.034135 0.024841 0.005835 0.015422 
0.087130 0.033470 0.046870 0.049530 0.039770 
0.088610 0.033620 0.036890 0.080480 0.085360 
0.014750 0.040430 0.050680 0.038260 0.040900 
0.069580 0.058540 0.064720 0.010490 0.029920 
  12
0.479817 0.015091 0.046210 
0.462778 0.969166 0.462022 
0.057405 0.015744 0.491768 
0.044708 0.011334 0.018436 0.024037 0.282400 
0.023431 0.020878 0.069634 0.024202 0.128723 
0.028673 0.019579 0.019979 0.018610 0.024587 
0.030051 0.031553 0.068411 0.028736 0.082040 
0.087130 0.033470 0.046870 0.049530 0.039770 
0.088610 0.033620 0.036890 0.080480 0.085360 
0.014750 0.040430 0.050680 0.038260 0.040900 
0.069580 0.058540 0.064720 0.010490 0.029920 
  13
0.479817 0.015091 0.046210 
0.462778 0.969166 0.462022 
0.057405 0.015744 0.491768 
0.073439 0.008914 0.048149 0.040721 0.013583 
0.440119 0.016412 0.015904 0.038266 0.027332 
0.008738 0.044591 0.030649 0.024705 0.030820 
0.057426 0.034135 0.024841 0.005835 0.015422 
0.087130 0.033470 0.046870 0.049530 0.039770 
0.088610 0.033620 0.036890 0.080480 0.085360 
0.014750 0.040430 0.050680 0.038260 0.040900 
0.069580 0.058540 0.064720 0.010490 0.029920 
  14
0.479817 0.015091 0.046210 
0.462778 0.969166 0.462022 
0.057405 0.015744 0.491768 
0.062249 0.007926 0.046864 0.054245 0.017933 
0.046858 0.017553 0.026571 0.047786 0.043384 
0.011398 0.034635 0.356334 0.030160 0.037346 
0.055601 0.041949 0.037283 0.006276 0.017648 
0.087130 0.033470 0.046870 0.049530 0.039770 
0.088610 0.033620 0.036890 0.080480 0.085360 
0.014750 0.040430 0.050680 0.038260 0.040900 
0.069580 0.058540 0.064720 0.010490 0.029920 
  15
0.479817 0.015091 0.046210 
0.462778 0.969166 0.462022 
0.057405 0.015744 0.491768 
0.055275 0.007607 0.046413 0.069285 0.019801 
0.043319 0.024584 0.028148 0.098843 0.048196 
0.014906 0.041817 0.033743 0.049030 0.253281 
0.052505 0.046346 0.036514 0.008260 0.022128 
0.087130 0.033470 0.046870 0.049530 0.039770 
0.088610 0.033620 0.036890 0.080480 0.085360 
0.014750 0.040430 0.050680 0.038260 0.040900 
0.069580 0.058540 0.064720 0.010490 0.029920 
  16
0.479817 0.015091 0.046210 
0.462778 0.969166 0.462022 
0.057405 0.015744 0.491768 
0.062249 0.007926 0.046864 0.054245 0.017933 
0.046858 0.017553 0.026571 0.047786 0.043384 
0.011398 0.034635 0.356334 0.030160 0.037346 
0.055601 0.041949 0.037283 0.006276 0.017648 
0.087130 0.033470 0.046870 0.049530 0.039770 
0.088610 0.033620 0.036890 0.080480 0.085360 
0.014750 0.040430 0.050680 0.038260 0.040900 
0.069580 0.058540 0.064720 0.010490 0.029920 
  17
0.479817 0.015091 0.046210 
0.462778 0.969166 0.462022 
0.057405 0.015744 0.491768 
0.040522 0.009412 0.022502 0.027824 0.082250 
0.028991 0.021042 0.041638 0.027500 0.075799 
0.019765 0.022950 0.019943 0.020959 0.029122 
0.033078 0.031888 0.045387 0.324345 0.075082 
0.087130 0.033470 0.046870 0.049530 0.039770 
0.088610 0.033620 0.036890 0.080480 0.085360 
0.014750 0.040430 0.050680 0.038260 0.040900 
0.069580 0.058540 0.064720 0.010490 0.029920 
  18
0.479817 0.015091 0.046210 
0.462778 0.969166 0.462022 
0.057405 0.015744 0.491768 
0.073439 0.008914 0.048149 0.040721 0.013583 
0.440119 0.016412 0.015904 0.038266 0.027332 
0.008738 0.044591 0.030649 0.024705 0.030820 
0.057426 0.034135 0.024841 0.005835 0.015422 
0.087130 0.033470 0.046870 0.049530 0.039770 
0.088610 0.033620 0.036890 0.080480 0.085360 
0.014750 0.040430 0.050680 0.038260 0.040900 
0.069580 0.058540 0.064720 0.010490 0.029920 
  19
0.479817 0.015091 0.046210 
0.462778 0.969166 0.462022 
0.057405 0.015744 0.491768 
0.053524 0.008284 0.089164 0.066783 0.018113 
0.073287 0.027301 0.021071 0.060399 0.036161 
0.011381 0.229748 0.035065 0.039050 0.048452 
0.070539 0.053359 0.028802 0.007299 0.022218 
0.087130 0.033470 0.046870 0.049530 0.039770 
0.088610 0.033620 0.036890 0.080480 0.085360 
0.014750 0.040430 0.050680 0.038260 0.040900 
0.069580 0.058540 0.064720 0.010490 0.029920 
  20
0.479817 0.015091 0.046210 
0.462778 0.969166 0.462022 
0.057405 0.015744 0.491768 
0.072646 0.012676 0.046028 0.056062 0.023161 
0.043394 0.019157 0.042349 0.052045 0.056512 
0.016734 0.042111 0.035021 0.034763 0.042792 
0.083625 0.230356 0.060023 0.008109 0.022435 
0.087130 0.033470 0.046870 0.049530 0.039770 
0.088610 0.033620 0.036890 0.080480 0.085360 
0.014750 0.040430 0.050680 0.038260 0.040900 
0.069580 0.058540 0.064720 0.010490 0.029920 
  21
0.479817 0.015091 0.046210 
0.462778 0.969166 0.462022 
0.057405 0.015744 0.491768 
0.058892 0.007021 0.056971 0.083616 0.017070 
0.047343 0.023014 0.025963 0.231726 0.044152 
0.013625 0.045683 0.038086 0.052402 0.086632 
0.057231 0.048959 0.035192 0.006723 0.019699 
0.087130 0.033470 0.046870 0.049530 0.039770 
0.088610 0.033620 0.036890 0.080480 0.085360 
0.014750 0.040430 0.050680 0.038260 0.040900 
0.069580 0.058540 0.064720 0.010490 0.029920 
  22
0.479817 0.015091 0.046210 
0.462778 0.969166 0.462022 
0.057405 0.015744 0.491768 
0.060935 0.006289 0.089290 0.263478 0.015308 
0.044778 0.020461 0.022475 0.074681 0.037795 
0.012199 0.045331 0.038478 0.053746 0.053801 
0.057465 0.047251 0.032523 0.006175 0.017544 
0.087130 0.033470 0.046870 0.049530 0.039770 
0.088610 0.033620 0.036890 0.080480 0.085360 
0.014750 0.040430 0.050680 0.038260 0.040900 
0.069580 0.058540 0.064720 0.010490 0.029920 
  23
0.479817 0.015091 0.046210 
0.462778 0.969166 0.462022 
0.057405 0.015744 0.491768 
0.267145 0.016529 0.039085 0.052278 0.023580 
0.066765 0.016239 0.043746 0.045134 0.061867 
0.017466 0.030885 0.038114 0.030891 0.036796 
0.066199 0.051458 0.067525 0.007423 0.020874 
0.087130 0.033470 0.046870 0.049530 0.039770 
0.088610 0.033620 0.036890 0.080480 0.085360 
0.014750 0.040430 0.050680 0.038260 0.040900 
0.069580 0.058540 0.064720 0.010490 0.029920 
  24
0.479817 0.015091 0.046210 
0.462778 0.969166 0.462022 
0.057405 0.015744 0.491768 
0.084798 0.011932 0.059379 0.060626 0.019827 
0.066892 0.021031 0.026139 0.054001 0.041716 
0.013396 0.050346 0.042230 0.035894 0.043075 
0.224263 0.075819 0.039642 0.007565 0.021429 
0.087130 0.033470 0.046870 0.049530 0.039770 
0.088610 0.033620 0.036890 0.080480 0.085360 
0.014750 0.040430 0.050680 0.038260 0.040900 
0.069580 0.058540 0.064720 0.010490 0.029920 
  25
0.479817 0.015091 0.046210 
0.462778 0.969166 0.462022 
0.057405 0.015744 0.491768 
0.060597 0.012719 0.022521 0.035216 0.052174 
0.026929 0.016948 0.086837 0.035525 0.158728 
0.175308 0.022102 0.022735 0.027076 0.033960 
0.036896 0.041476 0.087333 0.012404 0.032515 
0.087130 0.033470 0.046870 0.049530 0.039770 
0.088610 0.033620 0.036890 0.080480 0.085360 
0.014750 0.040430 0.050680 0.038260 0.040900 
0.069580 0.058540 0.064720 0.010490 0.029920 
  26
0.479817 0.015091 0.046210 
0.462778 0.969166 0.462022 
0.057405 0.015744 0.491768 
0.062249 0.007926 0.046864 0.054245 0.017933 
0.046858 0.017553 0.026571 0.047786 0.043384 
0.011398 0.034635 0.356334 0.030160 0.037346 
0.055601 0.041949 0.037283 0.006276 0.017648 
0.087130 0.033470 0.046870 0.049530 0.039770 
0.088610 0.033620 0.036890 0.080480 0.085360 
0.014750 0.040430 0.050680 0.038260 0.040900 
0.069580 0.058540 0.064720 0.010490 0.029920 
  27
0.479817 0.015091 0.046210 
0.462778 0.969166 0.462022 
0.057405 0.015744 0.491768 
0.058892 0.007021 0.056971 0.083616 0.017070 
0.047343 0.023014 0.025963 0.231726 0.044152 
0.013625 0.045683 0.038086 0.052402 0.086632 
0.057231 0.048959 0.035192 0.006723 0.019699 
0.087130 0.033470 0.046870 0.049530 0.039770 
0.088610 0.033620 0.036890 0.080480 0.085360 
0.014750 0.040430 0.050680 0.038260 0.040900 
0.069580 0.058540 0.064720 0.010490 0.029920 
  28
0.479817 0.015091 0.046210 
0.462778 0.969166 0.462022 
0.057405 0.015744 0.491768 
0.053142 0.011959 0.018099 0.027917 0.057324 
0.021409 0.013829 0.103042 0.029367 0.330198 
0.038082 0.017844 0.022807 0.021267 0.027957 
0.028987 0.034892 0.099001 0.012065 0.030813 
0.087130 0.033470 0.046870 0.049530 0.039770 
0.088610 0.033620 0.036890 0.080480 0.085360 
0.014750 0.040430 0.050680 0.038260 0.040900 
0.069580 0.058540 0.064720 0.010490 0.029920 
  29
0.479817 0.015091 0.046210 
0.462778 0.969166 0.462022 
0.057405 0.015744 0.491768 
0.267145 0.016529 0.039085 0.052278 0.023580 
0.066765 0.016239 0.043746 0.045134 0.061867 
0.017466 0.030885 0.038114 0.030891 0.036796 
0.066199 0.051458 0.067525 0.007423 0.020874 
0.087130 0.033470 0.046870 0.049530 0.039770 
0.088610 0.033620 0.036890 0.080480 0.085360 
0.014750 0.040430 0.050680 0.038260 0.040900 
0.069580 0.058540 0.064720 0.010490 0.029920 
  30
0.479817 0.015091 0.046210 
0.462778 0.969166 0.462022 
0.057405 0.015744 0.491768 
0.055275 0.007607 0.046413 0.069285 0.019801 
0.043319 0.024584 0.028148 0.098843 0.048196 
0.014906 0.041817 0.033743 0.049030 0.253281 
0.052505 0.046346 0.036514 0.008260 0.022128 
0.087130 0.033470 0.046870 0.049530 0.039770 
0.088610 0.033620 0.036890 0.080480 0.085360 
0.014750 0.040430 0.050680 0.038260 0.040900 
0.069580 0.058540 0.064720 0.010490 0.029920 
  31
0.479817 0.015091 0.046210 
0.462778 0.969166 0.462022 
0.057405 0.015744 0.491768 
0.084798 0.011932 0.059379 0.060626 0.019827 
0.066892 0.021031 0.026139 0.054001 0.041716 
0.013396 0.050346 0.042230 0.035894 0.043075 
0.224263 0.075819 0.039642 0.007565 0.021429 
0.087130 0.033470 0.046870 0.049530 0.039770 
0.088610 0.033620 0.036890 0.080480 0.085360 
0.014750 0.040430 0.050680 0.038260 0.040900 
0.069580 0.058540 0.064720 0.010490 0.029920 
  32
0.479817 0.015091 0.046210 
0.462778 0.969166 0.462022 
0.057405 0.015744 0.491768 
0.051293 0.006400 0.300455 0.100680 0.012974 
0.059162 0.021305 0.016072 0.057174 0.027585 
0.008839 0.067808 0.036935 0.040817 0.040659 
0.062964 0.043783 0.023171 0.005497 0.016425 
0.087130 0.033470 0.046870 0.049530 0.039770 
0.088610 0.033620 0.036890 0.080480 0.085360 
0.014750 0.040430 0.050680 0.038260 0.040900 
0.069580 0.058540 0.064720 0.010490 0.029920 
  33
0.479817 0.015091 0.046210 
0.462778 0.969166 0.462022 
0.057405 0.015744 0.491768 
0.040522 0.009412 0.022502 0.027824 0.082250 
0.028991 0.021042 0.041638 0.027500 0.075799 
0.019765 0.022950 0.019943 0.020959 0.029122 
0.033078 0.031888 0.045387 0.324345 0.075082 
0.087130 0.033470 0.046870 0.049530 0.039770 
0.088610 0.033620 0.036890 0.080480 0.085360 
0.014750 0.040430 0.050680 0.038260 0.040900 
0.069580 0.058540 0.064720 0.010490 0.029920 
  34
0.479817 0.015091 0.046210 
0.462778 0.969166 0.462022 
0.057405 0.015744 0.491768 
0.046340 0.011407 0.027578 0.032428 0.095758 
0.031284 0.030763 0.045570 0.032898 0.078910 
0.020908 0.028160 0.023042 0.023839 0.032343 
0.038131 0.035811 0.050843 0.030481 0.283505 
0.087130 0.033470 0.046870 0.049530 0.039770 
0.088610 0.033620 0.036890 0.080480 0.085360 
0.014750 0.040430 0.050680 0.038260 0.040900 
0.069580 0.058540 0.064720 0.010490 0.029920 
  35
0.479817 0.015091 0.046210 
0.462778 0.969166 0.462022 
0.057405 0.015744 0.491768 
0.051293 0.006400 0.300455 0.100680 0.012974 
0.059162 0.021305 0.016072 0.057174 0.027585 
0.008839 0.067808 0.036935 0.040817 0.040659 
0.062964 0.043783 0.023171 0.005497 0.016425 
0.087130 0.033470 0.046870 0.049530 0.039770 
0.088610 0.033620 0.036890 0.080480 0.085360 
0.014750 0.040430 0.050680 0.038260 0.040900 
0.069580 0.058540 0.064720 0.010490 0.029920 
  36
0.479817 0.015091 0.046210 
0.462778 0.969166 0.462022 
0.057405 0.015744 0.491768 
0.053142 0.011959 0.018099 0.027917 0.057324 
0.021409 0.013829 0.103042 0.029367 0.330198 
0.038082 0.017844 0.022807 0.021267 0.027957 
0.028987 0.034892 0.099001 0.012065 0.030813 
0.087130 0.033470 0.046870 0.049530 0.039770 
0.088610 0.033620 0.036890 0.080480 0.085360 
0.014750 0.040430 0.050680 0.038260 0.040900 
0.069580 0.058540 0.064720 0.010490 0.029920 
  37
0.479817 0.015091 0.046210 
0.462778 0.969166 0.462022 
0.057405 0.015744 0.491768 
0.267145 0.016529 0.039085 0.052278 0.023580 
0.066765 0.016239 0.043746 0.045134 0.061867 
0.017466 0.030885 0.038114 0.030891 0.036796 
0.066199 0.051458 0.067525 0.007423 0.020874 
0.087130 0.033470 0.046870 0.049530 0.039770 
0.088610 0.033620 0.036890 0.080480 0.085360 
0.014750 0.040430 0.050680 0.038260 0.040900 
0.069580 0.058540 0.064720 0.010490 0.029920 
  38
0.479817 0.015091 0.046210 
0.462778 0.969166 0.462022 
0.057405 0.015744 0.491768 
0.055275 0.007607 0.046413 0.069285 0.019801 
0.043319 0.024584 0.028148 0.098843 0.048196 
0.014906 0.041817 0.033743 0.049030 0.253281 
0.052505 0.046346 0.036514 0.008260 0.022128 
0.087130 0.033470 0.046870 0.049530 0.039770 
0.088610 0.033620 0.036890 0.080480 0.085360 
0.014750 0.040430 0.050680 0.038260 0.040900 
0.069580 0.058540 0.064720 0.010490 0.029920 
  39
0.479817 0.015091 0.046210 
0.462778 0.969166 0.462022 
0.057405 0.015744 0.491768 
0.051293 0.006400 0.300455 0.100680 0.012974 
0.059162 0.021305 0.016072 0.057174 0.027585 
0.008839 0.067808 0.036935 0.040817 0.040659 
0.062964 0.043783 0.023171 0.005497 0.016425 
0.087130 0.033470 0.046870 0.049530 0.039770 
0.088610 0.033620 0.036890 0.080480 0.085360 
0.014750 0.040430 0.050680 0.038260 0.040900 
0.069580 0.058540 0.064720 0.010490 0.029920 
  40
0.479817 0.015091 0.046210 
0.462778 0.969166 0.462022 
0.057405 0.015744 0.491768 
0.072646 0.012676 0.046028 0.056062 0.023161 
0.043394 0.019157 0.042349 0.052045 0.056512 
0.016734 0.042111 0.035021 0.034763 0.042792 
0.083625 0.230356 0.060023 0.008109 0.022435 
0.087130 0.033470 0.046870 0.049530 0.039770 
0.088610 0.033620 0.036890 0.080480 0.085360 
0.014750 0.040430 0.050680 0.038260 0.040900 
0.069580 0.058540 0.064720 0.010490 0.029920 
  41
0.479817 0.015091 0.046210 
0.462778 0.969166 0.462022 
0.057405 0.015744 0.491768 
0.053524 0.008284 0.089164 0.066783 0.018113 
0.073287 0.027301 0.021071 0.060399 0.036161 
0.011381 0.229748 0.035065 0.039050 0.048452 
0.070539 0.053359 0.028802 0.007299 0.022218 
0.087130 0.033470 0.046870 0.049530 0.039770 
0.088610 0.033620 0.036890 0.080480 0.085360 
0.014750 0.040430 0.050680 0.038260 0.040900 
0.069580 0.058540 0.064720 0.010490 0.029920 
  42
0.479817 0.015091 0.046210 
0.462778 0.969166 0.462022 
0.057405 0.015744 0.491768 
0.040522 0.009412 0.022502 0.027824 0.082250 
0.028991 0.021042 0.041638 0.027500 0.075799 
0.019765 0.022950 0.019943 0.020959 0.029122 
0.033078 0.031888 0.045387 0.324345 0.075082 
0.087130 0.033470 0.046870 0.049530 0.039770 
0.088610 0.033620 0.036890 0.080480 0.085360 
0.014750 0.040430 0.050680 0.038260 0.040900 
0.069580 0.058540 0.064720 0.010490 0.029920 
  43
0.479817 0.015091 0.046210 
0.462778 0.969166 0.462022 
0.057405 0.015744 0.491768 
0.084798 0.011932 0.059379 0.060626 0.019827 
0.066892 0.021031 0.026139 0.054001 0.041716 
0.013396 0.050346 0.042230 0.035894 0.043075 
0.224263 0.075819 0.039642 0.007565 0.021429 
0.087130 0.033470 0.046870 0.049530 0.039770 
0.088610 0.033620 0.036890 0.080480 0.085360 
0.014750 0.040430 0.050680 0.038260 0.040900 
0.069580 0.058540 0.064720 0.010490 0.029920 
  44
0.479817 0.015091 0.046210 
0.462778 0.969166 0.462022 
0.057405 0.015744 0.491768 
0.044708 0.011334 0.018436 0.024037 0.282400 
0.023431 0.020878 0.069634 0.024202 0.128723 
0.028673 0.019579 0.019979 0.018610 0.024587 
0.030051 0.031553 0.068411 0.028736 0.082040 
0.087130 0.033470 0.046870 0.049530 0.039770 
0.088610 0.033620 0.036890 0.080480 0.085360 
0.014750 0.040430 0.050680 0.038260 0.040900 
0.069580 0.058540 0.064720 0.010490 0.029920 
  45
0.479817 0.015091 0.046210 
0.462778 0.969166 0.462022 
0.057405 0.015744 0.491768 
0.073439 0.008914 0.048149 0.040721 0.013583 
0.440119 0.016412 0.015904 0.038266 0.027332 
0.008738 0.044591 0.030649 0.024705 0.030820 
0.057426 0.034135 0.024841 0.005835 0.015422 
0.087130 0.033470 0.046870 0.049530 0.039770 
0.088610 0.033620 0.036890 0.080480 0.085360 
0.014750 0.040430 0.050680 0.038260 0.040900 
0.069580 0.058540 0.064720 0.010490 0.029920 
  46
0.479817 0.015091 0.046210 
0.462778 0.969166 0.462022 
0.057405 0.015744 0.491768 
0.046340 0.011407 0.027578 0.032428 0.095758 
0.031284 0.030763 0.045570 0.032898 0.078910 
0.020908 0.028160 0.023042 0.023839 0.032343 
0.038131 0.035811 0.050843 0.030481 0.283505 
0.087130 0.033470 0.046870 0.049530 0.039770 
0.088610 0.033620 0.036890 0.080480 0.085360 
0.014750 0.040430 0.050680 0.038260 0.040900 
0.069580 0.058540 0.064720 0.010490 0.029920 
  47
0.479817 0.015091 0.046210 
0.462778 0.969166 0.462022 
0.057405 0.015744 0.491768 
0.073387 0.015858 0.018950 0.030273 0.038905 
0.024435 0.012803 0.123069 0.029344 0.124578 
0.027116 0.017809 0.024624 0.020930 0.026428 
0.034806 0.046077 0.276706 0.008997 0.024905 
0.087130 0.033470 0.046870 0.049530 0.039770 
0.088610 0.033620 0.036890 0.080480 0.085360 
0.014750 0.040430 0.050680 0.038260 0.040900 
0.069580 0.058540 0.064720 0.010490 0.029920 
  48
0.479817 0.015091 0.046210 
0.462778 0.969166 0.462022 
0.057405 0.015744 0.491768 
0.084798 0.011932 0.059379 0.060626 0.019827 
0.066892 0.021031 0.026139 0.054001 0.041716 
0.013396 0.050346 0.042230 0.035894 0.043075 
0.224263 0.075819 0.039642 0.007565 0.021429 
0.087130 0.033470 0.046870 0.049530 0.039770 
0.088610 0.033620 0.036890 0.080480 0.085360 
0.014750 0.040430 0.050680 0.038260 0.040900 
0.069580 0.058540 0.064720 0.010490 0.029920 
  49
0.479817 0.015091 0.046210 
0.462778 0.969166 0.462022 
0.057405 0.015744 0.491768 
0.060935 0.006289 0.089290 0.263478 0.015308 
0.044778 0.020461 0.022475 0.074681 0.037795 
0.012199 0.045331 0.038478 0.053746 0.053801 
0.057465 0.047251 0.032523 0.006175 0.017544 
0.087130 0.033470 0.046870 0.049530 0.039770 
0.088610 0.033620 0.036890 0.080480 0.085360 
0.014750 0.040430 0.050680 0.038260 0.040900 
0.069580 0.058540 0.064720 0.010490 0.029920 
  50
0.479817 0.015091 0.046210 
0.462778 0.969166 0.462022 
0.057405 0.015744 0.491768 
0.061927 0.007950 0.062470 0.092601 0.019873 
0.046157 0.026111 0.028378 0.080977 0.049302 
0.015861 0.045273 0.036217 0.184621 0.065987 
0.058320 0.050249 0.038383 0.007707 0.021635 
0.087130 0.033470 0.046870 0.049530 0.039770 
0.088610 0.033620 0.036890 0.080480 0.085360 
0.014750 0.040430 0.050680 0.038260 0.040900 
0.069580 0.058540 0.064720 0.010490 0.029920 
  51
0.479817 0.015091 0.046210 
0.462778 0.969166 0.462022 
0.057405 0.015744 0.491768 
0.051293 0.006400 0.300455 0.100680 0.012974 
0.059162 0.021305 0.016072 0.057174 0.027585 
0.008839 0.067808 0.036935 0.040817 0.040659 
0.062964 0.043783 0.023171 0.005497 0.016425 
0.087130 0.033470 0.046870 0.049530 0.039770 
0.088610 0.033620 0.036890 0.080480 0.085360 
0.014750 0.040430 0.050680 0.038260 0.040900 
0.069580 0.058540 0.064720 0.010490 0.029920 
  52
0.479817 0.015091 0.046210 
0.462778 0.969166 0.462022 
0.057405 0.015744 0.491768 
0.073387 0.015858 0.018950 0.030273 0.038905 
0.024435 0.012803 0.123069 0.029344 0.124578 
0.027116 0.017809 0.024624 0.020930 0.026428 
0.034806 0.046077 0.276706 0.008997 0.024905 
0.087130 0.033470 0.046870 0.049530 0.039770 
0.088610 0.033620 0.036890 0.080480 0.085360 
0.014750 0.040430 0.050680 0.038260 0.040900 
0.069580 0.058540 0.064720 0.010490 0.029920 
  53
0.479817 0.015091 0.046210 
0.462778 0.969166 0.462022 
0.057405 0.015744 0.491768 
0.044708 0.011334 0.018436 0.024037 0.282400 
0.023431 0.020878 0.069634 0.024202 0.128723 
0.028673 0.019579 0.019979 0.018610 0.024587 
0.030051 0.031553 0.068411 0.028736 0.082040 
0.087130 0.033470 0.046870 0.049530 0.039770 
0.088610 0.033620 0.036890 0.080480 0.085360 
0.014750 0.040430 0.050680 0.038260 0.040900 
0.069580 0.058540 0.064720 0.010490 0.029920 
  54
0.479817 0.015091 0.046210 
0.462778 0.969166 0.462022 
0.057405 0.015744 0.491768 
0.062249 0.007926 0.046864 0.054245 0.017933 
0.046858 0.017553 0.026571 0.047786 0.043384 
0.011398 0.034635 0.356334 0.030160 0.037346 
0.055601 0.041949 0.037283 0.006276 0.017648 
0.087130 0.033470 0.046870 0.049530 0.039770 
0.088610 0.033620 0.036890 0.080480 0.085360 
0.014750 0.040430 0.050680 0.038260 0.040900 
0.069580 0.058540 0.064720 0.010490 0.029920 
  55
0.479817 0.015091 0.046210 
0.462778 0.969166 0.462022 
0.057405 0.015744 0.491768 
0.060935 0.006289 0.089290 0.263478 0.015308 
0.044778 0.020461 0.022475 0.074681 0.037795 
0.012199 0.045331 0.038478 0.053746 0.053801 
0.057465 0.047251 0.032523 0.006175 0.017544 
0.087130 0.033470 0.046870 0.049530 0.039770 
0.088610 0.033620 0.036890 0.080480 0.085360 
0.014750 0.040430 0.050680 0.038260 0.040900 
0.069580 0.058540 0.064720 0.010490 0.029920 
  56
0.479817 0.015091 0.046210 
0.462778 0.969166 0.462022 
0.057405 0.015744 0.491768 
0.060935 0.006289 0.089290 0.263478 0.015308 
0.044778 0.020461 0.022475 0.074681 0.037795 
0.012199 0.045331 0.038478 0.053746 0.053801 
0.057465 0.047251 0.032523 0.006175 0.017544 
0.087130 0.033470 0.046870 0.049530 0.039770 
0.088610 0.033620 0.036890 0.080480 0.085360 
0.014750 0.040430 0.050680 0.038260 0.040900 
0.069580 0.058540 0.064720 0.010490 0.029920 
  57
0.479817 0.015091 0.046210 
0.462778 0.969166 0.462022 
0.057405 0.015744 0.491768 
0.053142 0.011959 0.018099 0.027917 0.057324 
0.021409 0.013829 0.103042 0.029367 0.330198 
0.038082 0.017844 0.022807 0.021267 0.027957 
0.028987 0.034892 0.099001 0.012065 0.030813 
0.087130 0.033470 0.046870 0.049530 0.039770 
0.088610 0.033620 0.036890 0.080480 0.085360 
0.014750 0.040430 0.050680 0.038260 0.040900 
0.069580 0.058540 0.064720 0.010490 0.029920 
  58
0.479817 0.015091 0.046210 
0.462778 0.969166 0.462022 
0.057405 0.015744 0.491768 
0.084798 0.011932 0.059379 0.060626 0.019827 
0.066892 0.021031 0.026139 0.054001 0.041716 
0.013396 0.050346 0.042230 0.035894 0.043075 
0.224263 0.075819 0.039642 0.007565 0.021429 
0.087130 0.033470 0.046870 0.049530 0.039770 
0.088610 0.033620 0.036890 0.080480 0.085360 
0.014750 0.040430 0.050680 0.038260 0.040900 
0.069580 0.058540 0.064720 0.010490 0.029920 
  59
0.479817 0.015091 0.046210 
0.462778 0.969166 0.462022 
0.057405 0.015744 0.491768 
0.073439 0.008914 0.048149 0.040721 0.013583 
0.440119 0.016412 0.015904 0.038266 0.027332 
0.008738 0.044591 0.030649 0.024705 0.030820 
0.057426 0.034135 0.024841 0.005835 0.015422 
0.087130 0.033470 0.046870 0.049530 0.039770 
0.088610 0.033620 0.036890 0.080480 0.085360 
0.014750 0.040430 0.050680 0.038260 0.040900 
0.069580 0.058540 0.064720 0.010490 0.029920 
  60
0.479817 0.015091 0.046210 
0.462778 0.969166 0.462022 
0.057405 0.015744 0.491768 
0.072646 0.012676 0.046028 0.056062 0.023161 
0.043394 0.019157 0.042349 0.052045 0.056512 
0.016734 0.042111 0.035021 0.034763 0.042792 
0.083625 0.230356 0.060023 0.008109 0.022435 
0.087130 0.033470 0.046870 0.049530 0.039770 
0.088610 0.033620 0.036890 0.080480 0.085360 
0.014750 0.040430 0.050680 0.038260 0.040900 
0.069580 0.058540 0.064720 0.010490 0.029920 
  61
0.479817 0.015091 0.046210 
0.462778 0.969166 0.462022 
0.057405 0.015744 0.491768 
0.073439 0.008914 0.048149 0.040721 0.013583 
0.440119 0.016412 0.015904 0.038266 0.027332 
0.008738 0.044591 0.030649 0.024705 0.030820 
0.057426 0.034135 0.024841 0.005835 0.015422 
0.087130 0.033470 0.046870 0.049530 0.039770 
0.088610 0.033620 0.036890 0.080480 0.085360 
0.014750 0.040430 0.050680 0.038260 0.040900 
0.069580 0.058540 0.064720 0.010490 0.029920 
  62
0.479817 0.015091 0.046210 
0.462778 0.969166 0.462022 
0.057405 0.015744 0.491768 
0.055275 0.007607 0.046413 0.069285 0.019801 
0.043319 0.024584 0.028148 0.098843 0.048196 
0.014906 0.041817 0.033743 0.049030 0.253281 
0.052505 0.046346 0.036514 0.008260 0.022128 
0.087130 0.033470 0.046870 0.049530 0.039770 
0.088610 0.033620 0.036890 0.080480 0.085360 
0.014750 0.040430 0.050680 0.038260 0.040900 
0.069580 0.058540 0.064720 0.010490 0.029920 
  63
0.479817 0.015091 0.046210 
0.462778 0.969166 0.462022 
0.057405 0.015744 0.491768 
0.073387 0.015858 0.018950 0.030273 0.038905 
0.024435 0.012803 0.123069 0.029344 0.124578 
0.027116 0.017809 0.024624 0.020930 0.026428 
0.034806 0.046077 0.276706 0.008997 0.024905 
0.087130 0.033470 0.046870 0.049530 0.039770 
0.088610 0.033620 0.036890 0.080480 0.085360 
0.014750 0.040430 0.050680 0.038260 0.040900 
0.069580 0.058540 0.064720 0.010490 0.029920 
  64
0.479817 0.015091 0.046210 
0.462778 0.969166 0.462022 
0.057405 0.015744 0.491768 
0.062249 0.007926 0.046864 0.054245 0.017933 
0.046858 0.017553 0.026571 0.047786 0.043384 
0.011398 0.034635 0.356334 0.030160 0.037346 
0.055601 0.041949 0.037283 0.006276 0.017648 
0.087130 0.033470 0.046870 0.049530 0.039770 
0.088610 0.033620 0.036890 0.080480 0.085360 
0.014750 0.040430 0.050680 0.038260 0.040900 
0.069580 0.058540 0.064720 0.010490 0.029920 
  65
0.479817 0.015091 0.046210 
0.462778 0.969166 0.462022 
0.057405 0.015744 0.491768 
0.267145 0.016529 0.039085 0.052278 0.023580 
0.066765 0.016239 0.043746 0.045134 0.061867 
0.017466 0.030885 0.038114 0.030891 0.036796 
0.066199 0.051458 0.067525 0.007423 0.020874 
0.087130 0.033470 0.046870 0.049530 0.039770 
0.088610 0.033620 0.036890 0.080480 0.085360 
0.014750 0.040430 0.050680 0.038260 0.040900 
0.069580 0.058540 0.064720 0.010490 0.029920 
  66
0.479817 0.015091 0.046210 
0.462778 0.969166 0.462022 
0.057405 0.015744 0.491768 
0.060935 0.006289 0.089290 0.263478 0.015308 
0.044778 0.020461 0.022475 0.074681 0.037795 
0.012199 0.045331 0.038478 0.053746 0.053801 
0.057465 0.047251 0.032523 0.006175 0.017544 
0.087130 0.033470 0.046870 0.049530 0.039770 
0.088610 0.033620 0.036890 0.080480 0.085360 
0.014750 0.040430 0.050680 0.038260 0.040900 
0.069580 0.058540 0.064720 0.010490 0.029920 
  67
0.479817 0.015091 0.046210 
0.462778 0.969166 0.462022 
0.057405 0.015744 0.491768 
0.073439 0.008914 0.048149 0.040721 0.013583 
0.440119 0.016412 0.015904 0.038266 0.027332 
0.008738 0.044591 0.030649 0.024705 0.030820 
0.057426 0.034135 0.024841 0.005835 0.015422 
0.087130 0.033470 0.046870 0.049530 0.039770 
0.088610 0.033620 0.036890 0.080480 0.085360 
0.014750 0.040430 0.050680 0.038260 0.040900 
0.069580 0.058540 0.064720 0.010490 0.029920 
  68
0.479817 0.015091 0.046210 
0.462778 0.969166 0.462022 
0.057405 0.015744 0.491768 
0.040522 0.009412 0.022502 0.027824 0.082250 
0.028991 0.021042 0.041638 0.027500 0.075799 
0.019765 0.022950 0.019943 0.020959 0.029122 
0.033078 0.031888 0.045387 0.324345 0.075082 
0.087130 0.033470 0.046870 0.049530 0.039770 
0.088610 0.033620 0.036890 0.080480 0.085360 
0.014750 0.040430 0.050680 0.038260 0.040900 
0.069580 0.058540 0.064720 0.010490 0.029920 
  69
0.479817 0.015091 0.046210 
0.462778 0.969166 0.462022 
0.057405 0.015744 0.491768 
0.053142 0.011959 0.018099 0.027917 0.057324 
0.021409 0.013829 0.103042 0.029367 0.330198 
0.038082 0.017844 0.022807 0.021267 0.027957 
0.028987 0.034892 0.099001 0.012065 0.030813 
0.087130 0.033470 0.046870 0.049530 0.039770 
0.088610 0.033620 0.036890 0.080480 0.085360 
0.014750 0.040430 0.050680 0.038260 0.040900 
0.069580 0.058540 0.064720 0.010490 0.029920 
  70
0.479817 0.015091 0.046210 
0.462778 0.969166 0.462022 
0.057405 0.015744 0.491768 
0.267145 0.016529 0.039085 0.052278 0.023580 
0.066765 0.016239 0.043746 0.045134 0.061867 
0.017466 0.030885 0.038114 0.030891 0.036796 
0.066199 0.051458 0.067525 0.007423 0.020874 
0.087130 0.033470 0.046870 0.049530 0.039770 
0.088610 0.033620 0.036890 0.080480 0.085360 
0.014750 0.040430 0.050680 0.038260 0.040900 
0.069580 0.058540 0.064720 0.010490 0.029920 
  71
0.479817 0.015091 0.046210 
0.462778 0.969166 0.462022 
0.057405 0.015744 0.491768 
0.040522 0.009412 0.022502 0.027824 0.082250 
0.028991 0.021042 0.041638 0.027500 0.075799 
0.019765 0.022950 0.019943 0.020959 0.029122 
0.033078 0.031888 0.045387 0.324345 0.075082 
0.087130 0.033470 0.046870 0.049530 0.039770 
0.088610 0.033620 0.036890 0.080480 0.085360 
0.014750 0.040430 0.050680 0.038260 0.040900 
0.069580 0.058540 0.064720 0.010490 0.029920 
  72
0.479817 0.015091 0.046210 
0.462778 0.969166 0.462022 
0.057405 0.015744 0.491768 
0.051293 0.006400 0.300455 0.100680 0.012974 
0.059162 0.021305 0.016072 0.057174 0.027585 
0.008839 0.067808 0.036935 0.040817 0.040659 
0.062964 0.043783 0.023171 0.005497 0.016425 
0.087130 0.033470 0.046870 0.049530 0.039770 
0.088610 0.033620 0.036890 0.080480 0.085360 
0.014750 0.040430 0.050680 0.038260 0.040900 
0.069580 0.058540 0.064720 0.010490 0.029920 
  73
0.479817 0.015091 0.046210 
0.462778 0.969166 0.462022 
0.057405 0.015744 0.491768 
0.060935 0.006289 0.089290 0.263478 0.015308 
0.044778 0.020461 0.022475 0.074681 0.037795 
0.012199 0.045331 0.038478 0.053746 0.053801 
0.057465 0.047251 0.032523 0.006175 0.017544 
0.087130 0.033470 0.046870 0.049530 0.039770 
0.088610 0.033620 0.036890 0.080480 0.085360 
0.014750 0.040430 0.050680 0.038260 0.040900 
0.069580 0.058540 0.064720 0.010490 0.029920 
  74
0.479817 0.015091 0.046210 
0.462778 0.969166 0.462022 
0.057405 0.015744 0.491768 
0.062249 0.007926 0.046864 0.054245 0.017933 
0.046858 0.017553 0.026571 0.047786 0.043384 
0.011398 0.034635 0.356334 0.030160 0.037346 
0.055601 0.041949 0.037283 0.006276 0.017648 
0.087130 0.033470 0.046870 0.049530 0.039770 
0.088610 0.033620 0.036890 0.080480 0.085360 
0.014750 0.040430 0.050680 0.038260 0.040900 
0.069580 0.058540 0.064720 0.010490 0.029920 
  75
0.479817 0.015091 0.046210 
0.462778 0.969166 0.462022 
0.057405 0.015744 0.491768 
0.046340 0.011407 0.027578 0.032428 0.095758 
0.031284 0.030763 0.045570 0.032898 0.078910 
0.020908 0.028160 0.023042 0.023839 0.032343 
0.038131 0.035811 0.050843 0.030481 0.283505 
0.087130 0.033470 0.046870 0.049530 0.039770 
0.088610 0.033620 0.036890 0.080480 0.085360 
0.014750 0.040430 0.050680 0.038260 0.040900 
0.069580 0.058540 0.064720 0.010490 0.029920 
  76
0.479817 0.015091 0.046210 
0.462778 0.969166 0.462022 
0.057405 0.015744 0.491768 
0.058892 0.007021 0.056971 0.083616 0.017070 
0.047343 0.023014 0.025963 0.231726 0.044152 
0.013625 0.045683 0.038086 0.052402 0.086632 
0.057231 0.048959 0.035192 0.006723 0.019699 
0.087130 0.033470 0.046870 0.049530 0.039770 
0.088610 0.033620 0.036890 0.080480 0.085360 
0.014750 0.040430 0.050680 0.038260 0.040900 
0.069580 0.058540 0.064720 0.010490 0.029920 
  77
0.479817 0.015091 0.046210 
0.462778 0.969166 0.462022 
0.057405 0.015744 0.491768 
0.056461 0.013400 0.015554 0.024835 0.047386 
0.018377 0.012344 0.266678 0.025749 0.157228 
0.032319 0.015449 0.020700 0.018367 0.024368 
0.027163 0.039097 0.147915 0.009895 0.026715 
0.087130 0.033470 0.046870 0.049530 0.039770 
0.088610 0.033620 0.036890 0.080480 0.085360 
0.014750 0.040430 0.050680 0.038260 0.040900 
0.069580 0.058540 0.064720 0.010490 0.029920 
  78
0.479817 0.015091 0.046210 
0.462778 0.969166 0.462022 
0.057405 0.015744 0.491768 
0.072646 0.012676 0.046028 0.056062 0.023161 
0.043394 0.019157 0.042349 0.052045 0.056512 
0.016734 0.042111 0.035021 0.034763 0.042792 
0.083625 0.230356 0.060023 0.008109 0.022435 
0.087130 0.033470 0.046870 0.049530 0.039770 
0.088610 0.033620 0.036890 0.080480 0.085360 
0.014750 0.040430 0.050680 0.038260 0.040900 
0.069580 0.058540 0.064720 0.010490 0.029920 
  79
0.479817 0.015091 0.046210 
0.462778 0.969166 0.462022 
0.057405 0.015744 0.491768 
0.046340 0.011407 0.027578 0.032428 0.095758 
0.031284 0.030763 0.045570 0.032898 0.078910 
0.020908 0.028160 0.023042 0.023839 0.032343 
0.038131 0.035811 0.050843 0.030481 0.283505 
0.087130 0.033470 0.046870 0.049530 0.039770 
0.088610 0.033620 0.036890 0.080480 0.085360 
0.014750 0.040430 0.050680 0.038260 0.040900 
0.069580 0.058540 0.064720 0.010490 0.029920 
  80
0.479817 0.015091 0.046210 
0.462778 0.969166 0.462022 
0.057405 0.015744 0.491768 
0.055275 0.007607 0.046413 0.069285 0.019801 
0.043319 0.024584 0.028148 0.098843 0.048196 
0.014906 0.041817 0.033743 0.049030 0.253281 
0.052505 0.046346 0.036514 0.008260 0.022128 
0.087130 0.033470 0.046870 0.049530 0.039770 
0.088610 0.033620 0.036890 0.080480 0.085360 
0.014750 0.040430 0.050680 0.038260 0.040900 
0.069580 0.058540 0.064720 0.010490 0.029920 
  81
0.479817 0.015091 0.046210 
0.462778 0.969166 0.462022 
0.057405 0.015744 0.491768 
0.060935 0.006289 0.089290 0.263478 0.015308 
0.044778 0.020461 0.022475 0.074681 0.037795 
0.012199 0.045331 0.038478 0.053746 0.053801 
0.057465 0.047251 0.032523 0.006175 0.017544 
0.087130 0.033470 0.046870 0.049530 0.039770 
0.088610 0.033620 0.036890 0.080480 0.085360 
0.014750 0.040430 0.050680 0.038260 0.040900 
0.069580 0.058540 0.064720 0.010490 0.029920 
  82
0.479817 0.015091 0.046210 
0.462778 0.969166 0.462022 
0.057405 0.015744 0.491768 
0.046340 0.011407 0.027578 0.032428 0.095758 
0.031284 0.030763 0.045570 0.032898 0.078910 
0.020908 0.028160 0.023042 0.023839 0.032343 
0.038131 0.035811 0.050843 0.030481 0.283505 
0.087130 0.033470 0.046870 0.049530 0.039770 
0.088610 0.033620 0.036890 0.080480 0.085360 
0.014750 0.040430 0.050680 0.038260 0.040900 
0.069580 0.058540 0.064720 0.010490 0.029920 
  83
0.479817 0.015091 0.046210 
0.462778 0.969166 0.462022 
0.057405 0.015744 0.491768 
0.073387 0.015858 0.018950 0.030273 0.038905 
0.024435 0.012803 0.123069 0.029344 0.124578 
0.027116 0.017809 0.024624 0.020930 0.026428 
