{{N436} {name {N436} dist 0 subfamily 0 my_cost 0.823378 node_weight 3 sam_hmm {
%  SAM: modelfromalign v3.5 (July 15, 2005) compiled 12/05/20_11:48:22
%  (c) 1992-2001 Regents of the University of California, Santa Cruz
%
%          Sequence Alignment and Modeling Software System
%         http://www.cse.ucsc.edu/research/compbio/sam.html
%
% ----------------- Citations (SAM, SAM-T2K, HMMs) --------------------
% R. Hughey, A. Krogh, Hidden Markov models for sequence analysis:
%  Extension and analysis of the basic method, CABIOS 12:95-107, 1996.
% K. Karplus, et al., What is the value added by human intervention in protein
%  structure prediction, Proteins: Stucture, Function, Genetics 45(S5):86--91, 2001.
% A. Krogh et al., Hidden Markov models in computational biology:
%  Applications to protein modeling, JMB 235:1501-1531, Feb 1994.
% ---------------------------------------------------------------------
%  trimmed-uniq   Host: gauntlet    Thu Feb 11 19:02:32 2021
%  dgpinheiro     Dir:  /data/GitHub/sfFinder/example/output/subfamily/TEST2/flowerpower/fp-workspace/iter2
% ---------------------------------------------------------------------
% Prior File:  Internal (Name: recode3.20comp) 
%   20 priors on 20 characters.
%  Alignment weights from internal calc.  Total (1.75) Max (0.01) Min (0.01)
%  Weights from alignment method 1 (karplus), b=0.500000, e=0.500000
MODEL --  Model from alignment file trimmed-uniq.a2m
alphabet protein
FREQAVE
0.000000 0.000000 0.000000 
0.000000 0.000000 0.000000 
0.000000 0.000000 0.000000 
0.073931 0.014952 0.058201 0.067179 0.051212 
0.060193 0.028502 0.051264 0.057774 0.084353 
0.026062 0.041362 0.044995 0.042529 0.052413 
0.059165 0.053570 0.060060 0.024641 0.047642 
0.073931 0.014952 0.058201 0.067179 0.051212 
0.060193 0.028502 0.051264 0.057774 0.084353 
0.026062 0.041362 0.044995 0.042529 0.052413 
0.059165 0.053570 0.060060 0.024641 0.047642 
Begin
0.000000 0.000000 0.000000 
0.000000 0.000000 0.000000 
0.000000 0.106907 0.762380 
0.000000 0.000000 0.000000 0.000000 0.000000 
0.000000 0.000000 0.000000 0.000000 0.000000 
0.000000 0.000000 0.000000 0.000000 0.000000 
0.000000 0.000000 0.000000 0.000000 0.000000 
0.087227 0.033417 0.046837 0.049478 0.039707 
0.088511 0.033570 0.036846 0.080636 0.085411 
0.014913 0.040466 0.050641 0.038263 0.040940 
0.069510 0.058589 0.064653 0.010473 0.029911 
   1
0.000000 0.020124 0.082783 
0.000000 0.872969 0.154837 
0.039804 0.016569 0.491768 
0.079196 0.015334 0.050480 0.062565 0.043288 
0.060908 0.021353 0.066879 0.057880 0.099599 
0.026718 0.039757 0.044577 0.037956 0.049697 
0.060016 0.055646 0.078251 0.014640 0.035262 
0.087130 0.033470 0.046870 0.049530 0.039770 
0.088610 0.033620 0.036890 0.080480 0.085360 
0.014750 0.040430 0.050680 0.038260 0.040900 
0.069580 0.058540 0.064720 0.010490 0.029920 
   2
0.639316 0.015883 0.046210 
0.320881 0.967548 0.462022 
0.039804 0.016569 0.491768 
0.076496 0.014794 0.057940 0.067401 0.036373 
0.075350 0.025716 0.054299 0.061724 0.082853 
0.021179 0.044564 0.050024 0.039911 0.058337 
0.062763 0.056243 0.066079 0.014447 0.033508 
0.087130 0.033470 0.046870 0.049530 0.039770 
0.088610 0.033620 0.036890 0.080480 0.085360 
0.014750 0.040430 0.050680 0.038260 0.040900 
0.069580 0.058540 0.064720 0.010490 0.029920 
   3
0.639316 0.015883 0.046210 
0.320881 0.967548 0.462022 
0.039804 0.016569 0.491768 
0.076496 0.014794 0.057940 0.067401 0.036373 
0.075350 0.025716 0.054299 0.061724 0.082853 
0.021179 0.044564 0.050024 0.039911 0.058337 
0.062763 0.056243 0.066079 0.014447 0.033508 
0.087130 0.033470 0.046870 0.049530 0.039770 
0.088610 0.033620 0.036890 0.080480 0.085360 
0.014750 0.040430 0.050680 0.038260 0.040900 
0.069580 0.058540 0.064720 0.010490 0.029920 
   4
0.639316 0.015883 0.046210 
0.320881 0.967548 0.462022 
0.039804 0.016569 0.491768 
0.082145 0.016885 0.058353 0.065764 0.035410 
0.087395 0.022184 0.051412 0.059649 0.081415 
0.020910 0.045001 0.051531 0.038652 0.050426 
0.064643 0.056856 0.064761 0.014102 0.032507 
0.087130 0.033470 0.046870 0.049530 0.039770 
0.088610 0.033620 0.036890 0.080480 0.085360 
0.014750 0.040430 0.050680 0.038260 0.040900 
0.069580 0.058540 0.064720 0.010490 0.029920 
   5
0.639316 0.015883 0.046210 
0.320881 0.967548 0.462022 
0.039804 0.016569 0.491768 
0.080254 0.017546 0.058019 0.065370 0.037786 
0.078882 0.024945 0.053241 0.058972 0.082346 
0.020951 0.044507 0.050225 0.038298 0.050325 
0.067655 0.056859 0.066222 0.013946 0.033651 
0.087130 0.033470 0.046870 0.049530 0.039770 
0.088610 0.033620 0.036890 0.080480 0.085360 
0.014750 0.040430 0.050680 0.038260 0.040900 
0.069580 0.058540 0.064720 0.010490 0.029920 
   6
0.639316 0.015883 0.046210 
0.320881 0.967548 0.462022 
0.039804 0.016569 0.491768 
0.078962 0.018244 0.052449 0.062201 0.041549 
0.067689 0.022936 0.064250 0.056601 0.094305 
0.022854 0.040606 0.048508 0.036956 0.048383 
0.060441 0.055334 0.079052 0.014319 0.034359 
0.087130 0.033470 0.046870 0.049530 0.039770 
0.088610 0.033620 0.036890 0.080480 0.085360 
0.014750 0.040430 0.050680 0.038260 0.040900 
0.069580 0.058540 0.064720 0.010490 0.029920 
   7
0.639316 0.015883 0.046210 
0.320881 0.967548 0.462022 
0.039804 0.016569 0.491768 
0.085476 0.017578 0.056826 0.065459 0.039812 
0.079140 0.021470 0.050724 0.058968 0.087859 
0.022058 0.043400 0.050306 0.038346 0.050333 
0.063209 0.056614 0.064024 0.014267 0.034131 
0.087130 0.033470 0.046870 0.049530 0.039770 
0.088610 0.033620 0.036890 0.080480 0.085360 
0.014750 0.040430 0.050680 0.038260 0.040900 
0.069580 0.058540 0.064720 0.010490 0.029920 
   8
0.639316 0.015883 0.046210 
0.320881 0.967548 0.462022 
0.039804 0.016569 0.491768 
0.082145 0.016885 0.058353 0.065764 0.035410 
0.087395 0.022184 0.051412 0.059649 0.081415 
0.020910 0.045001 0.051531 0.038652 0.050426 
0.064643 0.056856 0.064761 0.014102 0.032507 
0.087130 0.033470 0.046870 0.049530 0.039770 
0.088610 0.033620 0.036890 0.080480 0.085360 
0.014750 0.040430 0.050680 0.038260 0.040900 
0.069580 0.058540 0.064720 0.010490 0.029920 
   9
0.639316 0.015883 0.046210 
0.320881 0.967548 0.462022 
0.039804 0.016569 0.491768 
0.080256 0.016772 0.057371 0.065217 0.037704 
0.076681 0.024362 0.055881 0.059404 0.084948 
0.021156 0.043894 0.055078 0.037157 0.049813 
0.063670 0.056758 0.068451 0.013020 0.032406 
0.087130 0.033470 0.046870 0.049530 0.039770 
0.088610 0.033620 0.036890 0.080480 0.085360 
0.014750 0.040430 0.050680 0.038260 0.040900 
0.069580 0.058540 0.064720 0.010490 0.029920 
  10
0.639316 0.015883 0.046210 
0.320881 0.967548 0.462022 
0.039804 0.016569 0.491768 
0.082145 0.016885 0.058353 0.065764 0.035410 
0.087395 0.022184 0.051412 0.059649 0.081415 
0.020910 0.045001 0.051531 0.038652 0.050426 
0.064643 0.056856 0.064761 0.014102 0.032507 
0.087130 0.033470 0.046870 0.049530 0.039770 
0.088610 0.033620 0.036890 0.080480 0.085360 
0.014750 0.040430 0.050680 0.038260 0.040900 
0.069580 0.058540 0.064720 0.010490 0.029920 
  11
0.639316 0.015883 0.046210 
0.320881 0.967548 0.462022 
0.039804 0.016569 0.491768 
0.082145 0.016885 0.058353 0.065764 0.035410 
0.087395 0.022184 0.051412 0.059649 0.081415 
0.020910 0.045001 0.051531 0.038652 0.050426 
0.064643 0.056856 0.064761 0.014102 0.032507 
0.087130 0.033470 0.046870 0.049530 0.039770 
0.088610 0.033620 0.036890 0.080480 0.085360 
0.014750 0.040430 0.050680 0.038260 0.040900 
0.069580 0.058540 0.064720 0.010490 0.029920 
  12
0.639316 0.015883 0.046210 
0.320881 0.967548 0.462022 
0.039804 0.016569 0.491768 
0.076681 0.015667 0.051037 0.060030 0.049202 
0.065633 0.025126 0.065610 0.054679 0.098072 
0.023657 0.040378 0.046499 0.036273 0.047659 
0.059036 0.053734 0.076380 0.016907 0.037743 
0.087130 0.033470 0.046870 0.049530 0.039770 
0.088610 0.033620 0.036890 0.080480 0.085360 
0.014750 0.040430 0.050680 0.038260 0.040900 
0.069580 0.058540 0.064720 0.010490 0.029920 
  13
0.639316 0.015883 0.046210 
0.320881 0.967548 0.462022 
0.039804 0.016569 0.491768 
0.082145 0.016885 0.058353 0.065764 0.035410 
0.087395 0.022184 0.051412 0.059649 0.081415 
0.020910 0.045001 0.051531 0.038652 0.050426 
0.064643 0.056856 0.064761 0.014102 0.032507 
0.087130 0.033470 0.046870 0.049530 0.039770 
0.088610 0.033620 0.036890 0.080480 0.085360 
0.014750 0.040430 0.050680 0.038260 0.040900 
0.069580 0.058540 0.064720 0.010490 0.029920 
  14
0.639316 0.015883 0.046210 
0.320881 0.967548 0.462022 
0.039804 0.016569 0.491768 
0.080256 0.016772 0.057371 0.065217 0.037704 
0.076681 0.024362 0.055881 0.059404 0.084948 
0.021156 0.043894 0.055078 0.037157 0.049813 
0.063670 0.056758 0.068451 0.013020 0.032406 
0.087130 0.033470 0.046870 0.049530 0.039770 
0.088610 0.033620 0.036890 0.080480 0.085360 
0.014750 0.040430 0.050680 0.038260 0.040900 
0.069580 0.058540 0.064720 0.010490 0.029920 
  15
0.639316 0.015883 0.046210 
0.320881 0.967548 0.462022 
0.039804 0.016569 0.491768 
0.076496 0.014794 0.057940 0.067401 0.036373 
0.075350 0.025716 0.054299 0.061724 0.082853 
0.021179 0.044564 0.050024 0.039911 0.058337 
0.062763 0.056243 0.066079 0.014447 0.033508 
0.087130 0.033470 0.046870 0.049530 0.039770 
0.088610 0.033620 0.036890 0.080480 0.085360 
0.014750 0.040430 0.050680 0.038260 0.040900 
0.069580 0.058540 0.064720 0.010490 0.029920 
  16
0.636492 0.015883 0.046210 
0.323704 0.967548 0.462022 
0.039916 0.016553 0.491768 
0.081378 0.015154 0.059450 0.068693 0.034745 
0.073713 0.024073 0.051631 0.061787 0.079370 
0.020505 0.045276 0.062488 0.038974 0.051485 
0.065709 0.058109 0.065104 0.011634 0.030721 
0.087130 0.033470 0.046870 0.049530 0.039770 
0.088610 0.033620 0.036890 0.080480 0.085360 
0.014750 0.040430 0.050680 0.038260 0.040900 
0.069580 0.058540 0.064720 0.010490 0.029920 
  17
0.638294 0.015867 0.046210 
0.321789 0.967581 0.462022 
0.039916 0.016553 0.491768 
0.078700 0.013683 0.053551 0.062118 0.047257 
0.069635 0.024703 0.053395 0.057383 0.094928 
0.024291 0.044207 0.045040 0.038845 0.050295 
0.062295 0.055232 0.064049 0.019012 0.041382 
0.087130 0.033470 0.046870 0.049530 0.039770 
0.088610 0.033620 0.036890 0.080480 0.085360 
0.014750 0.040430 0.050680 0.038260 0.040900 
0.069580 0.058540 0.064720 0.010490 0.029920 
  18
0.638294 0.015867 0.046210 
0.321789 0.967581 0.462022 
0.039916 0.016553 0.491768 
0.087642 0.015406 0.058170 0.067341 0.034068 
0.087004 0.022361 0.048160 0.060635 0.079874 
0.020887 0.044932 0.052361 0.039465 0.051062 
0.065990 0.057991 0.062719 0.012410 0.031521 
0.087130 0.033470 0.046870 0.049530 0.039770 
0.088610 0.033620 0.036890 0.080480 0.085360 
0.014750 0.040430 0.050680 0.038260 0.040900 
0.069580 0.058540 0.064720 0.010490 0.029920 
  19
0.633852 0.015867 0.046210 
0.326231 0.967581 0.462022 
0.040094 0.016527 0.491768 
0.073125 0.011280 0.078836 0.081104 0.027145 
0.084123 0.027550 0.036505 0.069195 0.057301 
0.017385 0.060017 0.051637 0.045666 0.056746 
0.071486 0.061630 0.048887 0.010120 0.030262 
0.087130 0.033470 0.046870 0.049530 0.039770 
0.088610 0.033620 0.036890 0.080480 0.085360 
0.014750 0.040430 0.050680 0.038260 0.040900 
0.069580 0.058540 0.064720 0.010490 0.029920 
  20
0.586755 0.015842 0.046210 
0.373150 0.967631 0.462022 
0.042201 0.016243 0.491768 
0.079293 0.012473 0.052723 0.071595 0.029211 
0.047116 0.023833 0.049210 0.066612 0.071815 
0.023182 0.045427 0.040093 0.046412 0.055376 
0.073329 0.108220 0.065497 0.010135 0.028447 
0.087130 0.033470 0.046870 0.049530 0.039770 
0.088610 0.033620 0.036890 0.080480 0.085360 
0.014750 0.040430 0.050680 0.038260 0.040900 
0.069580 0.058540 0.064720 0.010490 0.029920 
  21
0.598180 0.015570 0.046210 
0.359618 0.968187 0.462022 
0.043037 0.016141 0.491768 
0.065994 0.008235 0.060838 0.088907 0.021567 
0.050226 0.026384 0.031040 0.137083 0.052430 
0.016578 0.050523 0.042214 0.056200 0.098400 
0.064426 0.055253 0.041195 0.008433 0.024075 
0.087130 0.033470 0.046870 0.049530 0.039770 
0.088610 0.033620 0.036890 0.080480 0.085360 
0.014750 0.040430 0.050680 0.038260 0.040900 
0.069580 0.058540 0.064720 0.010490 0.029920 
  22
0.608434 0.015472 0.046210 
0.348530 0.968387 0.462022 
0.043105 0.016133 0.491768 
0.070287 0.008060 0.078363 0.138324 0.021113 
0.049250 0.024776 0.030882 0.085650 0.050304 
0.016030 0.052550 0.044487 0.062429 0.063419 
0.068493 0.062421 0.041860 0.008225 0.023075 
0.087130 0.033470 0.046870 0.049530 0.039770 
0.088610 0.033620 0.036890 0.080480 0.085360 
0.014750 0.040430 0.050680 0.038260 0.040900 
0.069580 0.058540 0.064720 0.010490 0.029920 
  23
0.609400 0.015464 0.046210 
0.347495 0.968403 0.462022 
0.043105 0.016133 0.491768 
0.113188 0.013927 0.049904 0.067411 0.026733 
0.050603 0.021655 0.050179 0.060500 0.068633 
0.019978 0.042347 0.041826 0.040874 0.049231 
0.072955 0.103156 0.072329 0.009073 0.025498 
0.087130 0.033470 0.046870 0.049530 0.039770 
0.088610 0.033620 0.036890 0.080480 0.085360 
0.014750 0.040430 0.050680 0.038260 0.040900 
0.069580 0.058540 0.064720 0.010490 0.029920 
  24
0.604954 0.015464 0.046210 
0.351941 0.968403 0.462022 
0.043297 0.016110 0.491768 
0.091274 0.011562 0.060299 0.075249 0.024668 
0.056518 0.024629 0.036008 0.068304 0.055958 
0.018758 0.053304 0.043185 0.045383 0.054207 
0.115030 0.080274 0.050109 0.009261 0.026020 
0.087130 0.033470 0.046870 0.049530 0.039770 
0.088610 0.033620 0.036890 0.080480 0.085360 
0.014750 0.040430 0.050680 0.038260 0.040900 
0.069580 0.058540 0.064720 0.010490 0.029920 
  25
0.587888 0.015442 0.046210 
0.368815 0.968448 0.462022 
0.044171 0.016010 0.491768 
0.070434 0.010040 0.049088 0.080339 0.029700 
0.039558 0.025618 0.045242 0.116993 0.070900 
0.033189 0.042930 0.035983 0.052146 0.084205 
0.059859 0.057340 0.055642 0.010938 0.029855 
0.087130 0.033470 0.046870 0.049530 0.039770 
0.088610 0.033620 0.036890 0.080480 0.085360 
0.014750 0.040430 0.050680 0.038260 0.040900 
0.069580 0.058540 0.064720 0.010490 0.029920 
  26
0.599744 0.015346 0.046210 
0.356086 0.968644 0.462022 
0.044171 0.016010 0.491768 
0.076004 0.008658 0.063947 0.088788 0.022398 
0.050833 0.025305 0.032533 0.118793 0.053067 
0.016672 0.051262 0.069174 0.052217 0.067658 
0.068719 0.056637 0.044492 0.008653 0.024189 
0.087130 0.033470 0.046870 0.049530 0.039770 
0.088610 0.033620 0.036890 0.080480 0.085360 
0.014750 0.040430 0.050680 0.038260 0.040900 
0.069580 0.058540 0.064720 0.010490 0.029920 
  27
0.560943 0.015346 0.046210 
0.394886 0.968644 0.462022 
0.045954 0.015821 0.491768 
0.067233 0.011355 0.039233 0.068405 0.035456 
0.034195 0.025542 0.054056 0.094823 0.115349 
0.029433 0.036846 0.032565 0.047840 0.085499 
0.054025 0.056093 0.065257 0.012717 0.034078 
0.087130 0.033470 0.046870 0.049530 0.039770 
0.088610 0.033620 0.036890 0.080480 0.085360 
0.014750 0.040430 0.050680 0.038260 0.040900 
0.069580 0.058540 0.064720 0.010490 0.029920 
  28
0.581598 0.015165 0.046210 
0.372449 0.969014 0.462022 
0.046045 0.015812 0.491768 
0.066086 0.011818 0.047316 0.062067 0.036937 
0.043313 0.027398 0.052442 0.061591 0.131929 
0.025164 0.073901 0.035321 0.042534 0.055334 
0.058554 0.056533 0.062649 0.012913 0.036199 
0.087130 0.033470 0.046870 0.049530 0.039770 
0.088610 0.033620 0.036890 0.080480 0.085360 
0.014750 0.040430 0.050680 0.038260 0.040900 
0.069580 0.058540 0.064720 0.010490 0.029920 
  29
0.544080 0.015157 0.046210 
0.409875 0.969032 0.462022 
0.047898 0.015636 0.491768 
0.117790 0.009263 0.069426 0.083027 0.022346 
0.063273 0.026451 0.029209 0.070722 0.048454 
0.015635 0.082977 0.041261 0.048123 0.055008 
0.085692 0.058374 0.039333 0.008922 0.024714 
0.087130 0.033470 0.046870 0.049530 0.039770 
0.088610 0.033620 0.036890 0.080480 0.085360 
0.014750 0.040430 0.050680 0.038260 0.040900 
0.069580 0.058540 0.064720 0.010490 0.029920 
  30
0.482612 0.014988 0.046210 
0.469491 0.969377 0.462022 
0.052253 0.015283 0.491768 
0.059596 0.007068 0.045900 0.085494 0.019436 
0.032629 0.022800 0.031391 0.164826 0.070062 
0.018128 0.039454 0.028665 0.072666 0.129576 
0.053444 0.049362 0.041243 0.007420 0.020840 
0.087130 0.033470 0.046870 0.049530 0.039770 
0.088610 0.033620 0.036890 0.080480 0.085360 
0.014750 0.040430 0.050680 0.038260 0.040900 
0.069580 0.058540 0.064720 0.010490 0.029920 
  31
0.526500 0.014649 0.046210 
0.421247 0.970068 0.462022 
0.052253 0.015283 0.491768 
0.064542 0.005020 0.120042 0.174658 0.011595 
0.045834 0.021585 0.017867 0.121874 0.031093 
0.010187 0.052506 0.034832 0.059180 0.063101 
0.066661 0.051256 0.028567 0.004965 0.014634 
0.087130 0.033470 0.046870 0.049530 0.039770 
0.088610 0.033620 0.036890 0.080480 0.085360 
0.014750 0.040430 0.050680 0.038260 0.040900 
0.069580 0.058540 0.064720 0.010490 0.029920 
  32
0.526500 0.014649 0.046210 
0.421247 0.970068 0.462022 
0.052253 0.015283 0.491768 
0.065099 0.005620 0.102664 0.116322 0.013196 
0.048214 0.023205 0.019756 0.140238 0.034460 
0.011218 0.054981 0.035059 0.058788 0.099379 
0.067182 0.052994 0.029663 0.005611 0.016352 
0.087130 0.033470 0.046870 0.049530 0.039770 
0.088610 0.033620 0.036890 0.080480 0.085360 
0.014750 0.040430 0.050680 0.038260 0.040900 
0.069580 0.058540 0.064720 0.010490 0.029920 
  33
0.526500 0.014649 0.046210 
0.421247 0.970068 0.462022 
0.052253 0.015283 0.491768 
0.059230 0.012886 0.034317 0.043325 0.055456 
0.037493 0.030116 0.051802 0.077316 0.082480 
0.025846 0.036824 0.029408 0.034058 0.048526 
0.051192 0.050505 0.060966 0.028542 0.149714 
0.087130 0.033470 0.046870 0.049530 0.039770 
0.088610 0.033620 0.036890 0.080480 0.085360 
0.014750 0.040430 0.050680 0.038260 0.040900 
0.069580 0.058540 0.064720 0.010490 0.029920 
  34
0.526500 0.014649 0.046210 
0.421247 0.970068 0.462022 
0.052253 0.015761 0.491266 
0.089825 0.011564 0.044277 0.056011 0.036072 
0.043941 0.028133 0.047420 0.059698 0.075356 
0.023862 0.043651 0.033493 0.042819 0.102019 
0.059247 0.054761 0.057014 0.013336 0.077500 
0.087131 0.033470 0.046870 0.049530 0.039770 
0.088610 0.033620 0.036890 0.080480 0.085360 
0.014750 0.040430 0.050680 0.038260 0.040900 
0.069580 0.058540 0.064720 0.010490 0.029920 
  35
0.526500 0.014649 0.046163 
0.421247 0.969590 0.462570 
0.052253 0.033959 0.472902 
0.096004 0.026670 0.054443 0.056050 0.036273 
0.047609 0.031681 0.048917 0.057116 0.079288 
0.027039 0.047487 0.034319 0.039729 0.067233 
0.078278 0.063092 0.058580 0.013602 0.036590 
0.087127 0.033486 0.046868 0.049528 0.039769 
0.088607 0.033619 0.036891 0.080477 0.085363 
0.014750 0.040429 0.050678 0.038259 0.040899 
0.069578 0.058538 0.064726 0.010490 0.029919 
  36
0.436757 0.014649 0.044438 
0.510989 0.951392 0.482661 
0.057405 0.014950 0.491768 
0.045546 0.011406 0.011587 0.019543 0.056703 
0.015661 0.013153 0.103863 0.021339 0.323168 
0.124949 0.014294 0.015910 0.018496 0.022406 
0.024027 0.033636 0.087848 0.010147 0.026319 
0.087130 0.033470 0.046870 0.049530 0.039770 
0.088610 0.033620 0.036890 0.080480 0.085360 
0.014750 0.040430 0.050680 0.038260 0.040900 
0.069580 0.058540 0.064720 0.010490 0.029920 
  37
0.479817 0.014330 0.046210 
0.462778 0.970721 0.462022 
0.057405 0.015848 0.490805 
0.079397 0.012285 0.034130 0.046026 0.020600 
0.034190 0.016048 0.040647 0.043519 0.052423 
0.019829 0.035611 0.026822 0.029950 0.036062 
0.089720 0.296642 0.059612 0.006941 0.019544 
0.087130 0.033470 0.046870 0.049530 0.039770 
0.088610 0.033620 0.036890 0.080480 0.085360 
0.014750 0.040430 0.050680 0.038260 0.040900 
0.069580 0.058542 0.064720 0.010490 0.029920 
  38
0.479817 0.014330 0.046120 
0.462778 0.969822 0.463075 
0.057405 0.014950 0.491768 
0.045314 0.006043 0.035463 0.057060 0.014111 
0.033118 0.022752 0.021299 0.115526 0.038662 
0.012018 0.035752 0.026344 0.046806 0.356298 
0.042257 0.040476 0.027736 0.005975 0.016990 
0.087130 0.033470 0.046870 0.049530 0.039770 
0.088610 0.033620 0.036890 0.080480 0.085360 
0.014750 0.040430 0.050680 0.038260 0.040900 
0.069580 0.058540 0.064720 0.010490 0.029920 
  39
0.479817 0.014330 0.046210 
0.462778 0.970721 0.462022 
0.057405 0.014950 0.491768 
0.053106 0.006160 0.247374 0.092027 0.011618 
0.103719 0.024554 0.011251 0.059775 0.022251 
0.007417 0.074838 0.037103 0.042521 0.044351 
0.071887 0.051165 0.017391 0.005450 0.016042 
0.087130 0.033470 0.046870 0.049530 0.039770 
0.088610 0.033620 0.036890 0.080480 0.085360 
0.014750 0.040430 0.050680 0.038260 0.040900 
0.069580 0.058540 0.064720 0.010490 0.029920 
  40
0.479817 0.014330 0.046210 
0.462778 0.970721 0.462022 
0.057405 0.014950 0.491768 
0.051149 0.011948 0.013434 0.022293 0.049994 
0.016790 0.012336 0.098704 0.023965 0.385625 
0.039931 0.014803 0.017718 0.018182 0.023588 
0.025464 0.042770 0.096645 0.009433 0.025226 
0.087130 0.033470 0.046870 0.049530 0.039770 
0.088610 0.033620 0.036890 0.080480 0.085360 
0.014750 0.040430 0.050680 0.038260 0.040900 
0.069580 0.058540 0.064720 0.010490 0.029920 
  41
0.479817 0.014330 0.046210 
0.462778 0.970721 0.462022 
0.057405 0.014950 0.491768 
0.079650 0.006622 0.161490 0.079131 0.013074 
0.151367 0.027323 0.011991 0.062692 0.024189 
0.008066 0.080056 0.038473 0.042458 0.047170 
0.076539 0.047371 0.018454 0.006142 0.017741 
0.087130 0.033470 0.046870 0.049530 0.039770 
0.088610 0.033620 0.036890 0.080480 0.085360 
0.014750 0.040430 0.050680 0.038260 0.040900 
0.069580 0.058540 0.064720 0.010490 0.029920 
  42
0.479817 0.014330 0.046210 
0.462778 0.970721 0.462022 
0.057405 0.014950 0.491768 
0.027095 0.008721 0.013371 0.016816 0.078803 
0.018520 0.016389 0.028876 0.016767 0.056800 
0.014108 0.014433 0.012173 0.013213 0.019231 
0.021290 0.020417 0.030891 0.498694 0.073393 
0.087130 0.033470 0.046870 0.049530 0.039770 
0.088610 0.033620 0.036890 0.080480 0.085360 
0.014750 0.040430 0.050680 0.038260 0.040900 
0.069580 0.058540 0.064720 0.010490 0.029920 
  43
0.479817 0.014330 0.046210 
0.462778 0.970721 0.462022 
0.057405 0.014950 0.491768 
0.055956 0.004149 0.167656 0.253719 0.009203 
0.041255 0.018673 0.013602 0.073488 0.024011 
0.007969 0.049185 0.031939 0.055616 0.047994 
0.058902 0.049097 0.021563 0.004006 0.012017 
0.087130 0.033470 0.046870 0.049530 0.039770 
0.088610 0.033620 0.036890 0.080480 0.085360 
0.014750 0.040430 0.050680 0.038260 0.040900 
0.069580 0.058540 0.064720 0.010490 0.029920 
  44
0.479817 0.014330 0.046210 
0.462778 0.970721 0.462022 
0.057405 0.014950 0.491768 
0.063577 0.012663 0.036565 0.045684 0.069769 
0.039308 0.025802 0.054985 0.045519 0.086237 
0.026297 0.037824 0.080415 0.034728 0.044158 
0.054964 0.118484 0.065547 0.014422 0.043051 
0.087130 0.033470 0.046870 0.049530 0.039770 
0.088610 0.033620 0.036890 0.080480 0.085360 
0.014750 0.040430 0.050680 0.038260 0.040900 
0.069580 0.058540 0.064720 0.010490 0.029920 
  45
0.479817 0.014330 0.046210 
0.462778 0.970721 0.462022 
0.057405 0.014950 0.491768 
0.059955 0.009495 0.054631 0.057238 0.015604 
0.046404 0.019257 0.022239 0.053181 0.034179 
0.011886 0.050757 0.031896 0.034645 0.039878 
0.218283 0.183128 0.033765 0.006145 0.017432 
0.087130 0.033470 0.046870 0.049530 0.039770 
0.088610 0.033620 0.036890 0.080480 0.085360 
0.014750 0.040430 0.050680 0.038260 0.040900 
0.069580 0.058540 0.064720 0.010490 0.029920 
  46
0.479817 0.014330 0.046210 
0.462778 0.970721 0.462022 
0.057405 0.014950 0.491768 
0.031191 0.010025 0.015744 0.018845 0.120944 
0.019072 0.031003 0.036233 0.020204 0.064865 
0.016233 0.018631 0.014184 0.014293 0.020743 
0.024744 0.023141 0.037495 0.034287 0.428121 
0.087130 0.033470 0.046870 0.049530 0.039770 
0.088610 0.033620 0.036890 0.080480 0.085360 
0.014750 0.040430 0.050680 0.038260 0.040900 
0.069580 0.058540 0.064720 0.010490 0.029920 
  47
0.479817 0.014330 0.046210 
0.462778 0.970721 0.462022 
0.057405 0.014950 0.491768 
0.093737 0.006293 0.057844 0.129802 0.017241 
0.033141 0.020077 0.028925 0.087664 0.046655 
0.015099 0.039862 0.030556 0.145091 0.064734 
0.056756 0.052091 0.049444 0.006600 0.018388 
0.087130 0.033470 0.046870 0.049530 0.039770 
0.088610 0.033620 0.036890 0.080480 0.085360 
0.014750 0.040430 0.050680 0.038260 0.040900 
0.069580 0.058540 0.064720 0.010490 0.029920 
  48
0.479817 0.014330 0.046210 
0.462778 0.970721 0.462022 
0.057405 0.014950 0.491768 
0.063470 0.006949 0.110778 0.081377 0.016127 
0.061003 0.027103 0.018599 0.078382 0.033672 
0.010916 0.062623 0.105975 0.047000 0.055631 
0.093855 0.073124 0.026567 0.007005 0.019843 
0.087130 0.033470 0.046870 0.049530 0.039770 
0.088610 0.033620 0.036890 0.080480 0.085360 
0.014750 0.040430 0.050680 0.038260 0.040900 
0.069580 0.058540 0.064720 0.010490 0.029920 
  49
0.479817 0.014330 0.046210 
0.462778 0.970721 0.462022 
0.057405 0.014950 0.491768 
0.062178 0.011129 0.036758 0.066725 0.034950 
0.034672 0.039692 0.050179 0.082512 0.078466 
0.087624 0.036030 0.030480 0.041499 0.094511 
0.051790 0.052664 0.060774 0.012802 0.034566 
0.087130 0.033470 0.046870 0.049530 0.039770 
0.088610 0.033620 0.036890 0.080480 0.085360 
0.014750 0.040430 0.050680 0.038260 0.040900 
0.069580 0.058540 0.064720 0.010490 0.029920 
  50
0.479817 0.014330 0.046210 
0.462778 0.970721 0.462022 
0.057405 0.014950 0.491768 
0.057873 0.004770 0.181119 0.153186 0.010097 
0.050007 0.021740 0.013426 0.116178 0.024779 
0.008219 0.057086 0.034563 0.055272 0.053645 
0.071680 0.046487 0.021622 0.004586 0.013665 
0.087130 0.033470 0.046870 0.049530 0.039770 
0.088610 0.033620 0.036890 0.080480 0.085360 
0.014750 0.040430 0.050680 0.038260 0.040900 
0.069580 0.058540 0.064720 0.010490 0.029920 
  51
0.479817 0.014330 0.046210 
0.462778 0.970721 0.462022 
0.057405 0.014950 0.491768 
0.072887 0.004778 0.129874 0.146024 0.010750 
0.045577 0.021220 0.016581 0.143579 0.029184 
0.009580 0.052080 0.033587 0.060266 0.061028 
0.064433 0.052971 0.027032 0.004683 0.013886 
0.087130 0.033470 0.046870 0.049530 0.039770 
0.088610 0.033620 0.036890 0.080480 0.085360 
0.014750 0.040430 0.050680 0.038260 0.040900 
0.069580 0.058540 0.064720 0.010490 0.029920 
  52
0.479817 0.014330 0.046210 
0.462778 0.970721 0.462022 
0.057405 0.014950 0.491768 
0.129120 0.019449 0.012218 0.022273 0.031732 
0.017364 0.011713 0.159339 0.021973 0.121588 
0.026658 0.013958 0.018070 0.016913 0.021474 
0.026897 0.050796 0.249020 0.007880 0.021564 
0.087130 0.033470 0.046870 0.049530 0.039770 
0.088610 0.033620 0.036890 0.080480 0.085360 
0.014750 0.040430 0.050680 0.038260 0.040900 
0.069580 0.058540 0.064720 0.010490 0.029920 
  53
0.479817 0.014330 0.046210 
0.462778 0.970721 0.462022 
0.057405 0.014950 0.491768 
0.027316 0.009356 0.009388 0.013152 0.375323 
0.012626 0.022504 0.045039 0.014001 0.087979 
0.020161 0.012723 0.011445 0.010927 0.015463 
0.019167 0.019742 0.042296 0.035013 0.196379 
0.087130 0.033470 0.046870 0.049530 0.039770 
0.088610 0.033620 0.036890 0.080480 0.085360 
0.014750 0.040430 0.050680 0.038260 0.040900 
0.069580 0.058540 0.064720 0.010490 0.029920 
  54
0.479817 0.014330 0.046210 
0.462778 0.970721 0.462022 
0.057405 0.036034 0.470123 
0.046674 0.004328 0.028280 0.033295 0.008696 
0.029911 0.009571 0.015155 0.031415 0.026358 
0.005534 0.018364 0.599824 0.017578 0.022078 
0.041173 0.026501 0.023796 0.002824 0.008645 
0.087127 0.033469 0.046868 0.049528 0.039771 
0.088607 0.033619 0.036889 0.080477 0.085357 
0.014749 0.040428 0.050678 0.038259 0.040898 
0.069577 0.058538 0.064718 0.010490 0.029954 
  55
0.479817 0.052532 0.044176 
0.462778 0.911434 0.485701 
0.048946 0.015543 0.491768 
0.065693 0.010298 0.064570 0.109109 0.030510 
0.055367 0.052795 0.037659 0.062836 0.061504 
0.019622 0.055530 0.038311 0.052493 0.053242 
0.068750 0.055379 0.046680 0.011550 0.048103 
0.087130 0.033470 0.046870 0.049530 0.039770 
0.088610 0.033620 0.036890 0.080480 0.085360 
0.014750 0.040430 0.050680 0.038260 0.040900 
0.069580 0.058540 0.064720 0.010490 0.029920 
  56
0.554751 0.018614 0.046210 
0.396303 0.965842 0.462022 
0.048363 0.015594 0.491768 
0.063207 0.006117 0.105615 0.209044 0.015794 
0.043161 0.021587 0.025746 0.081406 0.039404 
0.012750 0.048986 0.037256 0.056843 0.058028 
0.064211 0.050939 0.034793 0.006291 0.018820 
0.087130 0.033470 0.046870 0.049530 0.039770 
0.088610 0.033620 0.036890 0.080480 0.085360 
0.014750 0.040430 0.050680 0.038260 0.040900 
0.069580 0.058540 0.064720 0.010490 0.029920 
  57
0.417855 0.044248 0.046210 
0.533782 0.940158 0.462022 
0.050213 0.015438 0.491768 
0.053653 0.013405 0.020256 0.030539 0.164824 
0.025504 0.027454 0.063133 0.032252 0.108831 
0.035358 0.024679 0.023460 0.026154 0.035794 
0.038988 0.045921 0.069472 0.026901 0.133423 
0.087130 0.033470 0.046870 0.049530 0.039770 
0.088610 0.033620 0.036890 0.080480 0.085360 
0.014750 0.040430 0.050680 0.038260 0.040900 
0.069580 0.058540 0.064720 0.010490 0.029920 
  58
0.530852 0.015717 0.046210 
0.418935 0.968845 0.462022 
0.050752 0.015396 0.491768 
0.070391 0.006257 0.149397 0.153184 0.015849 
0.051359 0.023522 0.021875 0.077252 0.034930 
0.011382 0.055984 0.037428 0.053244 0.054346 
0.073736 0.056291 0.029158 0.006331 0.018085 
0.087130 0.033470 0.046870 0.049530 0.039770 
0.088610 0.033620 0.036890 0.080480 0.085360 
0.014750 0.040430 0.050680 0.038260 0.040900 
0.069580 0.058540 0.064720 0.010490 0.029920 
  59
0.427763 0.014758 0.046210 
0.521486 0.969847 0.462022 
0.057175 0.014963 0.491768 
0.061486 0.007187 0.075958 0.082649 0.016944 
0.102968 0.027389 0.019433 0.116416 0.035292 
0.011492 0.065163 0.037973 0.052599 0.094358 
0.075078 0.061555 0.027214 0.007362 0.021484 
0.087130 0.033470 0.046870 0.049530 0.039770 
0.088610 0.033620 0.036890 0.080480 0.085360 
0.014750 0.040430 0.050680 0.038260 0.040900 
0.069580 0.058540 0.064720 0.010490 0.029920 
  60
0.477895 0.035446 0.046210 
0.464930 0.949591 0.462022 
0.052406 0.015272 0.491768 
0.061445 0.013694 0.025239 0.037183 0.154523 
0.030854 0.032415 0.054922 0.036837 0.088556 
0.026938 0.029407 0.025750 0.028973 0.039559 
0.045858 0.048064 0.064041 0.022553 0.133190 
0.087130 0.033470 0.046870 0.049530 0.039770 
0.088610 0.033620 0.036890 0.080480 0.085360 
0.014750 0.040430 0.050680 0.038260 0.040900 
0.069580 0.058540 0.064720 0.010490 0.029920 
  61
0.525113 0.014639 0.046210 
0.422480 0.970090 0.462022 
0.052406 0.015272 0.491768 
0.061508 0.006499 0.082709 0.237532 0.018863 
0.044472 0.021893 0.025686 0.078377 0.041460 
0.014412 0.046525 0.035113 0.057447 0.057100 
0.059694 0.049250 0.035666 0.006722 0.019071 
0.087130 0.033470 0.046870 0.049530 0.039770 
0.088610 0.033620 0.036890 0.080480 0.085360 
0.014750 0.040430 0.050680 0.038260 0.040900 
0.069580 0.058540 0.064720 0.010490 0.029920 
  62
0.525113 0.015094 0.046210 
0.422480 0.969635 0.462022 
0.052310 0.015278 0.491768 
0.052827 0.006044 0.051648 0.037657 0.009879 
0.524183 0.015009 0.010337 0.035075 0.018752 
0.006252 0.043444 0.025777 0.022511 0.030104 
0.049741 0.028120 0.016064 0.004458 0.012118 
0.087130 0.033470 0.046870 0.049530 0.039770 
0.088610 0.033620 0.036890 0.080480 0.085360 
0.014750 0.040430 0.050680 0.038260 0.040900 
0.069580 0.058540 0.064720 0.010490 0.029920 
  63
0.437232 0.014645 0.046210 
0.510458 0.970076 0.462022 
0.057405 0.014950 0.491768 
0.043275 0.011269 0.007508 0.012464 0.039480 
0.010039 0.007026 0.384562 0.013799 0.153941 
0.028547 0.008372 0.011903 0.010164 0.013380 
0.015679 0.028097 0.175799 0.006477 0.018218 
0.087130 0.033470 0.046870 0.049530 0.039770 
0.088610 0.033620 0.036890 0.080480 0.085360 
0.014750 0.040430 0.050680 0.038260 0.040900 
0.069580 0.058540 0.064720 0.010490 0.029920 
  64
0.479817 0.014776 0.046210 
0.462778 0.970275 0.462022 
0.057290 0.014956 0.491768 
0.059235 0.008535 0.046393 0.078509 0.021647 
0.035368 0.025651 0.036019 0.210952 0.053804 
0.017026 0.040315 0.038503 0.050688 0.088828 
0.054878 0.049771 0.052924 0.008205 0.022747 
0.087130 0.033470 0.046870 0.049530 0.039770 
0.088610 0.033620 0.036890 0.080480 0.085360 
0.014750 0.040430 0.050680 0.038260 0.040900 
0.069580 0.058540 0.064720 0.010490 0.029920 
  65
0.480865 0.014336 0.046210 
0.461846 0.970707 0.462022 
0.057290 0.014956 0.491768 
0.069551 0.016180 0.013230 0.023139 0.040886 
0.019859 0.013128 0.276843 0.023937 0.149785 
0.039508 0.015248 0.018501 0.018494 0.023988 
0.027819 0.045311 0.130319 0.009282 0.024993 
0.087130 0.033470 0.046870 0.049530 0.039770 
0.088610 0.033620 0.036890 0.080480 0.085360 
0.014750 0.040430 0.050680 0.038260 0.040900 
0.069580 0.058540 0.064720 0.010490 0.029920 
  66
0.478851 0.014336 0.046210 
0.463859 0.970707 0.462022 
0.057405 0.014950 0.491768 
0.059741 0.009088 0.059030 0.078562 0.024948 
0.050563 0.090435 0.032140 0.067236 0.052935 
0.017058 0.052306 0.035132 0.044102 0.054898 
0.066624 0.127459 0.041030 0.009770 0.026944 
0.087130 0.033470 0.046870 0.049530 0.039770 
0.088610 0.033620 0.036890 0.080480 0.085360 
0.014750 0.040430 0.050680 0.038260 0.040900 
0.069580 0.058540 0.064720 0.010490 0.029920 
  67
0.479817 0.014330 0.046210 
0.462778 0.970721 0.462022 
0.057405 0.014950 0.491768 
0.052492 0.005345 0.308744 0.116310 0.010460 
0.052769 0.020574 0.013534 0.061175 0.022509 
0.007434 0.068700 0.034077 0.042520 0.039957 
0.062161 0.043885 0.018746 0.004641 0.013968 
0.087130 0.033470 0.046870 0.049530 0.039770 
0.088610 0.033620 0.036890 0.080480 0.085360 
0.014750 0.040430 0.050680 0.038260 0.040900 
0.069580 0.058540 0.064720 0.010490 0.029920 
  68
0.479817 0.014330 0.046210 
0.462778 0.970721 0.462022 
0.057405 0.014950 0.491768 
0.017086 0.004269 0.008584 0.010840 0.065451 
0.013232 0.010657 0.018766 0.010489 0.040755 
0.009498 0.008899 0.007877 0.007913 0.014105 
0.013840 0.012966 0.019562 0.647137 0.058072 
0.087130 0.033470 0.046870 0.049530 0.039770 
0.088610 0.033620 0.036890 0.080480 0.085360 
0.014750 0.040430 0.050680 0.038260 0.040900 
0.069580 0.058540 0.064720 0.010490 0.029920 
  69
0.479817 0.014330 0.046210 
0.462778 0.970721 0.462022 
0.057405 0.014950 0.491768 
0.054515 0.006328 0.199287 0.103349 0.013067 
0.064247 0.025930 0.013017 0.065138 0.026250 
0.008421 0.077185 0.037904 0.045019 0.047999 
0.119523 0.048666 0.019691 0.006945 0.017521 
0.087130 0.033470 0.046870 0.049530 0.039770 
0.088610 0.033620 0.036890 0.080480 0.085360 
0.014750 0.040430 0.050680 0.038260 0.040900 
0.069580 0.058540 0.064720 0.010490 0.029920 
  70
0.479817 0.014330 0.046210 
0.462778 0.970721 0.462022 
0.057405 0.014950 0.491768 
0.070704 0.006541 0.065762 0.086837 0.015446 
0.068573 0.024264 0.020904 0.205886 0.036671 
0.011848 0.054650 0.035964 0.053812 0.068950 
0.066205 0.052438 0.029526 0.006476 0.018542 
0.087130 0.033470 0.046870 0.049530 0.039770 
0.088610 0.033620 0.036890 0.080480 0.085360 
0.014750 0.040430 0.050680 0.038260 0.040900 
0.069580 0.058540 0.064720 0.010490 0.029920 
  71
0.479817 0.014330 0.046210 
0.462778 0.970721 0.462022 
0.057405 0.014950 0.491768 
0.018567 0.005079 0.008366 0.011216 0.084523 
0.011629 0.013210 0.022056 0.011182 0.046555 
0.011146 0.009628 0.008293 0.008482 0.014612 
0.014896 0.014472 0.022919 0.578285 0.084885 
0.087130 0.033470 0.046870 0.049530 0.039770 
0.088610 0.033620 0.036890 0.080480 0.085360 
0.014750 0.040430 0.050680 0.038260 0.040900 
0.069580 0.058540 0.064720 0.010490 0.029920 
  72
0.479817 0.014330 0.046210 
0.462778 0.970721 0.462022 
0.057405 0.014950 0.491768 
0.056382 0.004005 0.118305 0.309120 0.009558 
0.033957 0.017059 0.016317 0.077131 0.027579 
0.009137 0.041323 0.031195 0.060372 0.050635 
0.052165 0.042450 0.027687 0.003916 0.011707 
0.087130 0.033470 0.046870 0.049530 0.039770 
0.088610 0.033620 0.036890 0.080480 0.085360 
0.014750 0.040430 0.050680 0.038260 0.040900 
0.069580 0.058540 0.064720 0.010490 0.029920 
  73
0.479817 0.014330 0.046210 
0.462778 0.970721 0.462022 
0.057405 0.014950 0.491768 
0.045279 0.004673 0.352675 0.141609 0.008646 
0.047436 0.018309 0.010337 0.051640 0.018814 
0.006268 0.064226 0.031610 0.040449 0.034055 
0.056008 0.036276 0.015883 0.003888 0.011918 
0.087130 0.033470 0.046870 0.049530 0.039770 
0.088610 0.033620 0.036890 0.080480 0.085360 
0.014750 0.040430 0.050680 0.038260 0.040900 
0.069580 0.058540 0.064720 0.010490 0.029920 
  74
0.479817 0.014330 0.046210 
0.462778 0.970721 0.462022 
0.057405 0.014950 0.491768 
0.046530 0.004493 0.027335 0.032178 0.009327 
0.029552 0.009755 0.015498 0.029418 0.026885 
0.005534 0.017581 0.606769 0.016938 0.021305 
0.039166 0.025897 0.024104 0.002948 0.008787 
0.087130 0.033470 0.046870 0.049530 0.039770 
0.088610 0.033620 0.036890 0.080480 0.085360 
0.014750 0.040430 0.050680 0.038260 0.040900 
0.069580 0.058540 0.064720 0.010490 0.029920 
  75
0.479817 0.014330 0.046210 
0.462778 0.970721 0.462022 
0.057405 0.014950 0.491768 
0.027490 0.008884 0.009432 0.012947 0.428034 
0.012603 0.019484 0.048219 0.013522 0.098897 
0.021625 0.012006 0.011515 0.010754 0.014784 
0.018482 0.019073 0.045305 0.035325 0.131621 
0.087130 0.033470 0.046870 0.049530 0.039770 
0.088610 0.033620 0.036890 0.080480 0.085360 
0.014750 0.040430 0.050680 0.038260 0.040900 
0.069580 0.058540 0.064720 0.010490 0.029920 
  76
0.479817 0.014330 0.046210 
0.462778 0.970721 0.462022 
0.057405 0.014950 0.491768 
0.044858 0.005670 0.035747 0.059576 0.012798 
0.032007 0.023159 0.020283 0.139020 0.037780 
0.011872 0.036855 0.025924 0.049821 0.336731 
0.042189 0.038031 0.026440 0.005257 0.015983 
0.087130 0.033470 0.046870 0.049530 0.039770 
0.088610 0.033620 0.036890 0.080480 0.085360 
0.014750 0.040430 0.050680 0.038260 0.040900 
0.069580 0.058540 0.064720 0.010490 0.029920 
  77
0.479817 0.014330 0.046210 
0.462778 0.970721 0.462022 
0.057405 0.014950 0.491768 
0.049581 0.011905 0.013773 0.023632 0.051244 
0.017625 0.014713 0.096449 0.025361 0.344437 
0.074424 0.016317 0.017869 0.022456 0.026130 
0.027461 0.039499 0.088738 0.010672 0.027714 
0.087130 0.033470 0.046870 0.049530 0.039770 
0.088610 0.033620 0.036890 0.080480 0.085360 
0.014750 0.040430 0.050680 0.038260 0.040900 
0.069580 0.058540 0.064720 0.010490 0.029920 
  78
0.479817 0.014330 0.046210 
0.462778 0.970721 0.462022 
0.057405 0.014950 0.491768 
0.062236 0.011387 0.036946 0.041610 0.015569 
0.034969 0.014377 0.028867 0.039373 0.037281 
0.012432 0.039764 0.027349 0.026607 0.031986 
0.116218 0.356680 0.045063 0.005489 0.015797 
0.087130 0.033470 0.046870 0.049530 0.039770 
0.088610 0.033620 0.036890 0.080480 0.085360 
0.014750 0.040430 0.050680 0.038260 0.040900 
0.069580 0.058540 0.064720 0.010490 0.029920 
  79
0.479817 0.014330 0.046210 
0.462778 0.970721 0.462022 
0.057405 0.014950 0.491768 
0.050658 0.011675 0.016814 0.026705 0.064539 
0.021094 0.017329 0.080388 0.027946 0.154016 
0.221734 0.019133 0.019349 0.023210 0.029072 
0.031385 0.036603 0.080796 0.014964 0.052590 
0.087130 0.033470 0.046870 0.049530 0.039770 
0.088610 0.033620 0.036890 0.080480 0.085360 
0.014750 0.040430 0.050680 0.038260 0.040900 
0.069580 0.058540 0.064720 0.010490 0.029920 
  80
0.479817 0.014330 0.046210 
0.462778 0.970721 0.462022 
0.057405 0.014950 0.491768 
0.050185 0.005292 0.303498 0.116370 0.010467 
0.053556 0.020965 0.012103 0.058741 0.022238 
0.007311 0.063959 0.045955 0.042998 0.045047 
0.062551 0.041581 0.018450 0.004692 0.014040 
0.087130 0.033470 0.046870 0.049530 0.039770 
0.088610 0.033620 0.036890 0.080480 0.085360 
0.014750 0.040430 0.050680 0.038260 0.040900 
0.069580 0.058540 0.064720 0.010490 0.029920 
  81
0.479817 0.014330 0.046210 
0.462778 0.970721 0.462022 
0.057405 0.014950 0.491768 
0.224647 0.010913 0.051917 0.080427 0.020382 
0.049507 0.020272 0.030853 0.060140 0.048008 
0.015579 0.042588 0.034424 0.041190 0.046510 
0.076118 0.072726 0.045047 0.007627 0.021125 
0.087130 0.033470 0.046870 0.049530 0.039770 
0.088610 0.033620 0.036890 0.080480 0.085360 
0.014750 0.040430 0.050680 0.038260 0.040900 
0.069580 0.058540 0.064720 0.010490 0.029920 
  82
0.479817 0.014330 0.046210 
0.462778 0.970721 0.462022 
0.057405 0.014950 0.491768 
0.025476 0.008261 0.013984 0.016001 0.099781 
0.016585 0.027126 0.026885 0.016773 0.051277 
0.012909 0.016056 0.011442 0.012050 0.017352 
0.020559 0.018748 0.029394 0.029589 0.529752 
0.087130 0.033470 0.046870 0.049530 0.039770 
0.088610 0.033620 0.036890 0.080480 0.085360 
0.014750 0.040430 0.050680 0.038260 0.040900 
0.069580 0.058540 0.064720 0.010490 0.029920 
  83
0.479817 0.014330 0.046210 
0.462778 0.970721 0.462022 
0.057405 0.014950 0.491768 
0.033414 0.008066 0.014147 0.019393 0.081465 
