%  SAM: modelfromalign v3.5 (July 15, 2005) compiled 12/05/20_11:48:22
%  (c) 1992-2001 Regents of the University of California, Santa Cruz
%
%          Sequence Alignment and Modeling Software System
%         http://www.cse.ucsc.edu/research/compbio/sam.html
%
% ----------------- Citations (SAM, SAM-T2K, HMMs) --------------------
% R. Hughey, A. Krogh, Hidden Markov models for sequence analysis:
%  Extension and analysis of the basic method, CABIOS 12:95-107, 1996.
% K. Karplus, et al., What is the value added by human intervention in protein
%  structure prediction, Proteins: Stucture, Function, Genetics 45(S5):86--91, 2001.
% A. Krogh et al., Hidden Markov models in computational biology:
%  Applications to protein modeling, JMB 235:1501-1531, Feb 1994.
% ---------------------------------------------------------------------
%  trimmed-uniq   Host: gauntlet    Thu Feb 11 19:02:32 2021
%  dgpinheiro     Dir:  /data/GitHub/sfFinder/example/output/subfamily/TEST2/flowerpower/fp-workspace/iter2
% ---------------------------------------------------------------------
% Prior File:  Internal (Name: recode3.20comp) 
%   20 priors on 20 characters.
%  Alignment weights from internal calc.  Total (1.75) Max (0.01) Min (0.01)
%  Weights from alignment method 1 (karplus), b=0.500000, e=0.500000
MODEL --  Model from alignment file trimmed-uniq.a2m
alphabet protein
FREQAVE
0.000000 0.000000 0.000000 
0.000000 0.000000 0.000000 
0.000000 0.000000 0.000000 
0.073931 0.014952 0.058201 0.067179 0.051212 
0.060193 0.028502 0.051264 0.057774 0.084353 
0.026062 0.041362 0.044995 0.042529 0.052413 
0.059165 0.053570 0.060060 0.024641 0.047642 
0.073931 0.014952 0.058201 0.067179 0.051212 
0.060193 0.028502 0.051264 0.057774 0.084353 
0.026062 0.041362 0.044995 0.042529 0.052413 
0.059165 0.053570 0.060060 0.024641 0.047642 
Begin
0.000000 0.000000 0.000000 
0.000000 0.000000 0.000000 
0.000000 0.106907 0.762380 
0.000000 0.000000 0.000000 0.000000 0.000000 
0.000000 0.000000 0.000000 0.000000 0.000000 
0.000000 0.000000 0.000000 0.000000 0.000000 
0.000000 0.000000 0.000000 0.000000 0.000000 
0.087227 0.033417 0.046837 0.049478 0.039707 
0.088511 0.033570 0.036846 0.080636 0.085411 
0.014913 0.040466 0.050641 0.038263 0.040940 
0.069510 0.058589 0.064653 0.010473 0.029911 
1
0.000000 0.020124 0.082783 
0.000000 0.872969 0.154837 
0.039804 0.016569 0.491768 
0.079196 0.015334 0.050480 0.062565 0.043288 
0.060908 0.021353 0.066879 0.057880 0.099599 
0.026718 0.039757 0.044577 0.037956 0.049697 
0.060016 0.055646 0.078251 0.014640 0.035262 
0.087130 0.033470 0.046870 0.049530 0.039770 
0.088610 0.033620 0.036890 0.080480 0.085360 
0.014750 0.040430 0.050680 0.038260 0.040900 
0.069580 0.058540 0.064720 0.010490 0.029920 
2
0.639316 0.015883 0.046210 
0.320881 0.967548 0.462022 
0.039804 0.016569 0.491768 
0.076496 0.014794 0.057940 0.067401 0.036373 
0.075350 0.025716 0.054299 0.061724 0.082853 
0.021179 0.044564 0.050024 0.039911 0.058337 
0.062763 0.056243 0.066079 0.014447 0.033508 
0.087130 0.033470 0.046870 0.049530 0.039770 
0.088610 0.033620 0.036890 0.080480 0.085360 
0.014750 0.040430 0.050680 0.038260 0.040900 
0.069580 0.058540 0.064720 0.010490 0.029920 
3
0.639316 0.015883 0.046210 
0.320881 0.967548 0.462022 
0.039804 0.016569 0.491768 
0.076496 0.014794 0.057940 0.067401 0.036373 
0.075350 0.025716 0.054299 0.061724 0.082853 
0.021179 0.044564 0.050024 0.039911 0.058337 
0.062763 0.056243 0.066079 0.014447 0.033508 
0.087130 0.033470 0.046870 0.049530 0.039770 
0.088610 0.033620 0.036890 0.080480 0.085360 
0.014750 0.040430 0.050680 0.038260 0.040900 
0.069580 0.058540 0.064720 0.010490 0.029920 
4
0.639316 0.015883 0.046210 
0.320881 0.967548 0.462022 
0.039804 0.016569 0.491768 
0.082145 0.016885 0.058353 0.065764 0.035410 
0.087395 0.022184 0.051412 0.059649 0.081415 
0.020910 0.045001 0.051531 0.038652 0.050426 
0.064643 0.056856 0.064761 0.014102 0.032507 
0.087130 0.033470 0.046870 0.049530 0.039770 
0.088610 0.033620 0.036890 0.080480 0.085360 
0.014750 0.040430 0.050680 0.038260 0.040900 
0.069580 0.058540 0.064720 0.010490 0.029920 
5
0.639316 0.015883 0.046210 
0.320881 0.967548 0.462022 
0.039804 0.016569 0.491768 
0.080254 0.017546 0.058019 0.065370 0.037786 
0.078882 0.024945 0.053241 0.058972 0.082346 
0.020951 0.044507 0.050225 0.038298 0.050325 
0.067655 0.056859 0.066222 0.013946 0.033651 
0.087130 0.033470 0.046870 0.049530 0.039770 
0.088610 0.033620 0.036890 0.080480 0.085360 
0.014750 0.040430 0.050680 0.038260 0.040900 
0.069580 0.058540 0.064720 0.010490 0.029920 
6
0.639316 0.015883 0.046210 
0.320881 0.967548 0.462022 
0.039804 0.016569 0.491768 
0.078962 0.018244 0.052449 0.062201 0.041549 
0.067689 0.022936 0.064250 0.056601 0.094305 
0.022854 0.040606 0.048508 0.036956 0.048383 
0.060441 0.055334 0.079052 0.014319 0.034359 
0.087130 0.033470 0.046870 0.049530 0.039770 
0.088610 0.033620 0.036890 0.080480 0.085360 
0.014750 0.040430 0.050680 0.038260 0.040900 
0.069580 0.058540 0.064720 0.010490 0.029920 
7
0.639316 0.015883 0.046210 
0.320881 0.967548 0.462022 
0.039804 0.016569 0.491768 
0.085476 0.017578 0.056826 0.065459 0.039812 
0.079140 0.021470 0.050724 0.058968 0.087859 
0.022058 0.043400 0.050306 0.038346 0.050333 
0.063209 0.056614 0.064024 0.014267 0.034131 
0.087130 0.033470 0.046870 0.049530 0.039770 
0.088610 0.033620 0.036890 0.080480 0.085360 
0.014750 0.040430 0.050680 0.038260 0.040900 
0.069580 0.058540 0.064720 0.010490 0.029920 
8
0.639316 0.015883 0.046210 
0.320881 0.967548 0.462022 
0.039804 0.016569 0.491768 
0.082145 0.016885 0.058353 0.065764 0.035410 
0.087395 0.022184 0.051412 0.059649 0.081415 
0.020910 0.045001 0.051531 0.038652 0.050426 
0.064643 0.056856 0.064761 0.014102 0.032507 
0.087130 0.033470 0.046870 0.049530 0.039770 
0.088610 0.033620 0.036890 0.080480 0.085360 
0.014750 0.040430 0.050680 0.038260 0.040900 
0.069580 0.058540 0.064720 0.010490 0.029920 
9
0.639316 0.015883 0.046210 
0.320881 0.967548 0.462022 
0.039804 0.016569 0.491768 
0.080256 0.016772 0.057371 0.065217 0.037704 
0.076681 0.024362 0.055881 0.059404 0.084948 
0.021156 0.043894 0.055078 0.037157 0.049813 
0.063670 0.056758 0.068451 0.013020 0.032406 
0.087130 0.033470 0.046870 0.049530 0.039770 
0.088610 0.033620 0.036890 0.080480 0.085360 
0.014750 0.040430 0.050680 0.038260 0.040900 
0.069580 0.058540 0.064720 0.010490 0.029920 
10
0.639316 0.015883 0.046210 
0.320881 0.967548 0.462022 
0.039804 0.016569 0.491768 
0.082145 0.016885 0.058353 0.065764 0.035410 
0.087395 0.022184 0.051412 0.059649 0.081415 
0.020910 0.045001 0.051531 0.038652 0.050426 
0.064643 0.056856 0.064761 0.014102 0.032507 
0.087130 0.033470 0.046870 0.049530 0.039770 
0.088610 0.033620 0.036890 0.080480 0.085360 
0.014750 0.040430 0.050680 0.038260 0.040900 
0.069580 0.058540 0.064720 0.010490 0.029920 
11
0.639316 0.015883 0.046210 
0.320881 0.967548 0.462022 
0.039804 0.016569 0.491768 
0.082145 0.016885 0.058353 0.065764 0.035410 
0.087395 0.022184 0.051412 0.059649 0.081415 
0.020910 0.045001 0.051531 0.038652 0.050426 
0.064643 0.056856 0.064761 0.014102 0.032507 
0.087130 0.033470 0.046870 0.049530 0.039770 
0.088610 0.033620 0.036890 0.080480 0.085360 
0.014750 0.040430 0.050680 0.038260 0.040900 
0.069580 0.058540 0.064720 0.010490 0.029920 
12
0.639316 0.015883 0.046210 
0.320881 0.967548 0.462022 
0.039804 0.016569 0.491768 
0.076681 0.015667 0.051037 0.060030 0.049202 
0.065633 0.025126 0.065610 0.054679 0.098072 
0.023657 0.040378 0.046499 0.036273 0.047659 
0.059036 0.053734 0.076380 0.016907 0.037743 
0.087130 0.033470 0.046870 0.049530 0.039770 
0.088610 0.033620 0.036890 0.080480 0.085360 
0.014750 0.040430 0.050680 0.038260 0.040900 
0.069580 0.058540 0.064720 0.010490 0.029920 
13
0.639316 0.015883 0.046210 
0.320881 0.967548 0.462022 
0.039804 0.016569 0.491768 
0.082145 0.016885 0.058353 0.065764 0.035410 
0.087395 0.022184 0.051412 0.059649 0.081415 
0.020910 0.045001 0.051531 0.038652 0.050426 
0.064643 0.056856 0.064761 0.014102 0.032507 
0.087130 0.033470 0.046870 0.049530 0.039770 
0.088610 0.033620 0.036890 0.080480 0.085360 
0.014750 0.040430 0.050680 0.038260 0.040900 
0.069580 0.058540 0.064720 0.010490 0.029920 
14
0.639316 0.015883 0.046210 
0.320881 0.967548 0.462022 
0.039804 0.016569 0.491768 
0.080256 0.016772 0.057371 0.065217 0.037704 
0.076681 0.024362 0.055881 0.059404 0.084948 
0.021156 0.043894 0.055078 0.037157 0.049813 
0.063670 0.056758 0.068451 0.013020 0.032406 
0.087130 0.033470 0.046870 0.049530 0.039770 
0.088610 0.033620 0.036890 0.080480 0.085360 
0.014750 0.040430 0.050680 0.038260 0.040900 
0.069580 0.058540 0.064720 0.010490 0.029920 
15
0.639316 0.015883 0.046210 
0.320881 0.967548 0.462022 
0.039804 0.016569 0.491768 
0.076496 0.014794 0.057940 0.067401 0.036373 
0.075350 0.025716 0.054299 0.061724 0.082853 
0.021179 0.044564 0.050024 0.039911 0.058337 
0.062763 0.056243 0.066079 0.014447 0.033508 
0.087130 0.033470 0.046870 0.049530 0.039770 
0.088610 0.033620 0.036890 0.080480 0.085360 
0.014750 0.040430 0.050680 0.038260 0.040900 
0.069580 0.058540 0.064720 0.010490 0.029920 
16
0.636492 0.015883 0.046210 
0.323704 0.967548 0.462022 
0.039916 0.016553 0.491768 
0.081378 0.015154 0.059450 0.068693 0.034745 
0.073713 0.024073 0.051631 0.061787 0.079370 
0.020505 0.045276 0.062488 0.038974 0.051485 
0.065709 0.058109 0.065104 0.011634 0.030721 
0.087130 0.033470 0.046870 0.049530 0.039770 
0.088610 0.033620 0.036890 0.080480 0.085360 
0.014750 0.040430 0.050680 0.038260 0.040900 
0.069580 0.058540 0.064720 0.010490 0.029920 
17
0.638294 0.015867 0.046210 
0.321789 0.967581 0.462022 
0.039916 0.016553 0.491768 
0.078700 0.013683 0.053551 0.062118 0.047257 
0.069635 0.024703 0.053395 0.057383 0.094928 
0.024291 0.044207 0.045040 0.038845 0.050295 
0.062295 0.055232 0.064049 0.019012 0.041382 
0.087130 0.033470 0.046870 0.049530 0.039770 
0.088610 0.033620 0.036890 0.080480 0.085360 
0.014750 0.040430 0.050680 0.038260 0.040900 
0.069580 0.058540 0.064720 0.010490 0.029920 
18
0.638294 0.015867 0.046210 
0.321789 0.967581 0.462022 
0.039916 0.016553 0.491768 
0.087642 0.015406 0.058170 0.067341 0.034068 
0.087004 0.022361 0.048160 0.060635 0.079874 
0.020887 0.044932 0.052361 0.039465 0.051062 
0.065990 0.057991 0.062719 0.012410 0.031521 
0.087130 0.033470 0.046870 0.049530 0.039770 
0.088610 0.033620 0.036890 0.080480 0.085360 
0.014750 0.040430 0.050680 0.038260 0.040900 
0.069580 0.058540 0.064720 0.010490 0.029920 
19
0.633852 0.015867 0.046210 
0.326231 0.967581 0.462022 
0.040094 0.016527 0.491768 
0.073125 0.011280 0.078836 0.081104 0.027145 
0.084123 0.027550 0.036505 0.069195 0.057301 
0.017385 0.060017 0.051637 0.045666 0.056746 
0.071486 0.061630 0.048887 0.010120 0.030262 
0.087130 0.033470 0.046870 0.049530 0.039770 
0.088610 0.033620 0.036890 0.080480 0.085360 
0.014750 0.040430 0.050680 0.038260 0.040900 
0.069580 0.058540 0.064720 0.010490 0.029920 
20
0.586755 0.015842 0.046210 
0.373150 0.967631 0.462022 
0.042201 0.016243 0.491768 
0.079293 0.012473 0.052723 0.071595 0.029211 
0.047116 0.023833 0.049210 0.066612 0.071815 
0.023182 0.045427 0.040093 0.046412 0.055376 
0.073329 0.108220 0.065497 0.010135 0.028447 
0.087130 0.033470 0.046870 0.049530 0.039770 
0.088610 0.033620 0.036890 0.080480 0.085360 
0.014750 0.040430 0.050680 0.038260 0.040900 
0.069580 0.058540 0.064720 0.010490 0.029920 
21
0.598180 0.015570 0.046210 
0.359618 0.968187 0.462022 
0.043037 0.016141 0.491768 
0.065994 0.008235 0.060838 0.088907 0.021567 
0.050226 0.026384 0.031040 0.137083 0.052430 
0.016578 0.050523 0.042214 0.056200 0.098400 
0.064426 0.055253 0.041195 0.008433 0.024075 
0.087130 0.033470 0.046870 0.049530 0.039770 
0.088610 0.033620 0.036890 0.080480 0.085360 
0.014750 0.040430 0.050680 0.038260 0.040900 
0.069580 0.058540 0.064720 0.010490 0.029920 
22
0.608434 0.015472 0.046210 
0.348530 0.968387 0.462022 
0.043105 0.016133 0.491768 
0.070287 0.008060 0.078363 0.138324 0.021113 
0.049250 0.024776 0.030882 0.085650 0.050304 
0.016030 0.052550 0.044487 0.062429 0.063419 
0.068493 0.062421 0.041860 0.008225 0.023075 
0.087130 0.033470 0.046870 0.049530 0.039770 
0.088610 0.033620 0.036890 0.080480 0.085360 
0.014750 0.040430 0.050680 0.038260 0.040900 
0.069580 0.058540 0.064720 0.010490 0.029920 
23
0.609400 0.015464 0.046210 
0.347495 0.968403 0.462022 
0.043105 0.016133 0.491768 
0.113188 0.013927 0.049904 0.067411 0.026733 
0.050603 0.021655 0.050179 0.060500 0.068633 
0.019978 0.042347 0.041826 0.040874 0.049231 
0.072955 0.103156 0.072329 0.009073 0.025498 
0.087130 0.033470 0.046870 0.049530 0.039770 
0.088610 0.033620 0.036890 0.080480 0.085360 
0.014750 0.040430 0.050680 0.038260 0.040900 
0.069580 0.058540 0.064720 0.010490 0.029920 
24
0.604954 0.015464 0.046210 
0.351941 0.968403 0.462022 
0.043297 0.016110 0.491768 
0.091274 0.011562 0.060299 0.075249 0.024668 
0.056518 0.024629 0.036008 0.068304 0.055958 
0.018758 0.053304 0.043185 0.045383 0.054207 
0.115030 0.080274 0.050109 0.009261 0.026020 
0.087130 0.033470 0.046870 0.049530 0.039770 
0.088610 0.033620 0.036890 0.080480 0.085360 
0.014750 0.040430 0.050680 0.038260 0.040900 
0.069580 0.058540 0.064720 0.010490 0.029920 
25
0.587888 0.015442 0.046210 
0.368815 0.968448 0.462022 
0.044171 0.016010 0.491768 
0.070434 0.010040 0.049088 0.080339 0.029700 
0.039558 0.025618 0.045242 0.116993 0.070900 
0.033189 0.042930 0.035983 0.052146 0.084205 
0.059859 0.057340 0.055642 0.010938 0.029855 
0.087130 0.033470 0.046870 0.049530 0.039770 
0.088610 0.033620 0.036890 0.080480 0.085360 
0.014750 0.040430 0.050680 0.038260 0.040900 
0.069580 0.058540 0.064720 0.010490 0.029920 
26
0.599744 0.015346 0.046210 
0.356086 0.968644 0.462022 
0.044171 0.016010 0.491768 
0.076004 0.008658 0.063947 0.088788 0.022398 
0.050833 0.025305 0.032533 0.118793 0.053067 
0.016672 0.051262 0.069174 0.052217 0.067658 
0.068719 0.056637 0.044492 0.008653 0.024189 
0.087130 0.033470 0.046870 0.049530 0.039770 
0.088610 0.033620 0.036890 0.080480 0.085360 
0.014750 0.040430 0.050680 0.038260 0.040900 
0.069580 0.058540 0.064720 0.010490 0.029920 
27
0.560943 0.015346 0.046210 
0.394886 0.968644 0.462022 
0.045954 0.015821 0.491768 
0.078741 0.006826 0.053407 0.065010 0.025827 
0.054037 0.022014 0.040266 0.080748 0.066820 
0.019705 0.042535 0.032794 0.044920 0.172701 
0.052981 0.048432 0.049968 0.011920 0.030346 
0.087130 0.033470 0.046870 0.049530 0.039770 
0.088610 0.033620 0.036890 0.080480 0.085360 
0.014750 0.040430 0.050680 0.038260 0.040900 
0.069580 0.058540 0.064720 0.010490 0.029920 
28
0.581598 0.015165 0.046210 
0.372449 0.969014 0.462022 
0.046045 0.015812 0.491768 
0.079642 0.011911 0.032040 0.035878 0.045087 
0.043917 0.017662 0.077004 0.036799 0.259537 
0.027696 0.030510 0.025910 0.026912 0.033532 
0.038432 0.041185 0.088227 0.014155 0.033961 
0.087130 0.033470 0.046870 0.049530 0.039770 
0.088610 0.033620 0.036890 0.080480 0.085360 
0.014750 0.040430 0.050680 0.038260 0.040900 
0.069580 0.058540 0.064720 0.010490 0.029920 
29
0.544080 0.015157 0.046210 
0.409875 0.969032 0.462022 
0.047898 0.015636 0.491768 
0.178289 0.008456 0.056309 0.051553 0.025716 
0.071599 0.020299 0.033905 0.051477 0.054549 
0.015681 0.132633 0.030804 0.035033 0.040658 
0.065888 0.046132 0.044853 0.010005 0.026164 
0.087130 0.033470 0.046870 0.049530 0.039770 
0.088610 0.033620 0.036890 0.080480 0.085360 
0.014750 0.040430 0.050680 0.038260 0.040900 
0.069580 0.058540 0.064720 0.010490 0.029920 
30
0.482612 0.014988 0.046210 
0.469491 0.969377 0.462022 
0.052253 0.015283 0.491768 
0.073180 0.004674 0.054223 0.071722 0.017022 
0.042034 0.019022 0.026455 0.197748 0.047147 
0.013353 0.038598 0.027743 0.151056 0.060575 
0.049569 0.042307 0.034538 0.007831 0.021204 
0.087130 0.033470 0.046870 0.049530 0.039770 
0.088610 0.033620 0.036890 0.080480 0.085360 
0.014750 0.040430 0.050680 0.038260 0.040900 
0.069580 0.058540 0.064720 0.010490 0.029920 
31
0.526500 0.014649 0.046210 
0.421247 0.970068 0.462022 
0.052253 0.015283 0.491768 
0.075068 0.004183 0.078724 0.191418 0.016306 
0.041981 0.018167 0.024390 0.173625 0.043647 
0.012454 0.038519 0.026824 0.049368 0.054246 
0.050491 0.040839 0.032331 0.007455 0.019964 
0.087130 0.033470 0.046870 0.049530 0.039770 
0.088610 0.033620 0.036890 0.080480 0.085360 
0.014750 0.040430 0.050680 0.038260 0.040900 
0.069580 0.058540 0.064720 0.010490 0.029920 
32
0.526500 0.014649 0.046210 
0.421247 0.970068 0.462022 
0.052253 0.015283 0.491768 
0.069992 0.004619 0.177804 0.074369 0.016480 
0.046402 0.018514 0.024373 0.186893 0.042179 
0.012229 0.045610 0.029323 0.044644 0.053011 
0.051617 0.042128 0.032455 0.007366 0.019992 
0.087130 0.033470 0.046870 0.049530 0.039770 
0.088610 0.033620 0.036890 0.080480 0.085360 
0.014750 0.040430 0.050680 0.038260 0.040900 
0.069580 0.058540 0.064720 0.010490 0.029920 
33
0.526500 0.014649 0.046210 
0.421247 0.970068 0.462022 
0.052253 0.015283 0.491768 
0.066074 0.006546 0.041939 0.051131 0.033973 
0.046082 0.020074 0.038587 0.156781 0.060427 
0.017257 0.034873 0.028935 0.036134 0.049032 
0.044367 0.042316 0.047279 0.013106 0.165089 
0.087130 0.033470 0.046870 0.049530 0.039770 
0.088610 0.033620 0.036890 0.080480 0.085360 
0.014750 0.040430 0.050680 0.038260 0.040900 
0.069580 0.058540 0.064720 0.010490 0.029920 
34
0.526500 0.014649 0.046210 
0.421247 0.970068 0.462022 
0.052253 0.015761 0.491266 
0.068762 0.007073 0.039974 0.048435 0.035480 
0.046719 0.021182 0.041040 0.053258 0.064802 
0.018468 0.034139 0.026281 0.034299 0.158281 
0.043175 0.040455 0.049448 0.014764 0.153967 
0.087131 0.033470 0.046870 0.049530 0.039770 
0.088610 0.033620 0.036890 0.080480 0.085360 
0.014750 0.040430 0.050680 0.038260 0.040900 
0.069580 0.058540 0.064720 0.010490 0.029920 
35
0.526500 0.014649 0.046163 
0.421247 0.969590 0.462570 
0.052253 0.033959 0.472902 
0.081491 0.105883 0.041376 0.042811 0.033767 
0.057217 0.021519 0.050363 0.044963 0.072339 
0.020751 0.037059 0.027372 0.031633 0.125866 
0.048801 0.044194 0.061628 0.013237 0.037731 
0.087127 0.033486 0.046868 0.049528 0.039769 
0.088607 0.033619 0.036891 0.080477 0.085363 
0.014750 0.040429 0.050678 0.038259 0.040899 
0.069578 0.058538 0.064726 0.010490 0.029919 
36
0.436757 0.014649 0.044438 
0.510989 0.951392 0.482661 
0.057405 0.014950 0.491768 
0.068704 0.011942 0.017703 0.020305 0.045750 
0.029289 0.012764 0.085655 0.021608 0.266379 
0.160549 0.016535 0.015065 0.017638 0.022452 
0.023983 0.032184 0.090009 0.012224 0.029262 
0.087130 0.033470 0.046870 0.049530 0.039770 
0.088610 0.033620 0.036890 0.080480 0.085360 
0.014750 0.040430 0.050680 0.038260 0.040900 
0.069580 0.058540 0.064720 0.010490 0.029920 
37
0.479817 0.014330 0.046210 
0.462778 0.970721 0.462022 
0.057405 0.015848 0.490805 
0.059731 0.007387 0.037450 0.040194 0.022218 
0.041227 0.015270 0.034410 0.040563 0.049995 
0.013936 0.033038 0.025624 0.028932 0.032321 
0.068061 0.373148 0.046905 0.007738 0.021852 
0.087130 0.033470 0.046870 0.049530 0.039770 
0.088610 0.033620 0.036890 0.080480 0.085360 
0.014750 0.040430 0.050680 0.038260 0.040900 
0.069580 0.058542 0.064720 0.010490 0.029920 
38
0.479817 0.014330 0.046120 
0.462778 0.969822 0.463075 
0.057405 0.014950 0.491768 
0.057147 0.005407 0.041550 0.050217 0.018002 
0.041621 0.017463 0.026499 0.055830 0.045388 
0.012879 0.033218 0.025851 0.035416 0.387346 
0.041657 0.039477 0.035681 0.008109 0.021242 
0.087130 0.033470 0.046870 0.049530 0.039770 
0.088610 0.033620 0.036890 0.080480 0.085360 
0.014750 0.040430 0.050680 0.038260 0.040900 
0.069580 0.058540 0.064720 0.010490 0.029920 
39
0.479817 0.014330 0.046210 
0.462778 0.970721 0.462022 
0.057405 0.014950 0.491768 
0.049187 0.004832 0.435789 0.058958 0.015136 
0.049869 0.015639 0.018571 0.042825 0.031471 
0.009008 0.048692 0.025537 0.030291 0.032077 
0.044854 0.037151 0.027068 0.006106 0.016940 
0.087130 0.033470 0.046870 0.049530 0.039770 
0.088610 0.033620 0.036890 0.080480 0.085360 
0.014750 0.040430 0.050680 0.038260 0.040900 
0.069580 0.058540 0.064720 0.010490 0.029920 
40
0.479817 0.014330 0.046210 
0.462778 0.970721 0.462022 
0.057405 0.014950 0.491768 
0.058314 0.010502 0.017613 0.020424 0.040385 
0.025608 0.011054 0.074393 0.021546 0.453203 
0.026980 0.016003 0.016125 0.016907 0.020364 
0.023478 0.030978 0.080722 0.010421 0.024979 
0.087130 0.033470 0.046870 0.049530 0.039770 
0.088610 0.033620 0.036890 0.080480 0.085360 
0.014750 0.040430 0.050680 0.038260 0.040900 
0.069580 0.058540 0.064720 0.010490 0.029920 
41
0.479817 0.014330 0.046210 
0.462778 0.970721 0.462022 
0.057405 0.014950 0.491768 
0.086175 0.006777 0.181896 0.059036 0.022321 
0.172528 0.019418 0.026447 0.045550 0.041724 
0.012885 0.061655 0.030686 0.032487 0.034634 
0.060175 0.039985 0.033339 0.009128 0.023154 
0.087130 0.033470 0.046870 0.049530 0.039770 
0.088610 0.033620 0.036890 0.080480 0.085360 
0.014750 0.040430 0.050680 0.038260 0.040900 
0.069580 0.058540 0.064720 0.010490 0.029920 
42
0.479817 0.014330 0.046210 
0.462778 0.970721 0.462022 
0.057405 0.014950 0.491768 
0.028714 0.006814 0.013960 0.016864 0.041303 
0.023344 0.008861 0.026860 0.015530 0.057408 
0.013768 0.011901 0.011656 0.010742 0.018400 
0.017977 0.017001 0.033585 0.590722 0.034591 
0.087130 0.033470 0.046870 0.049530 0.039770 
0.088610 0.033620 0.036890 0.080480 0.085360 
0.014750 0.040430 0.050680 0.038260 0.040900 
0.069580 0.058540 0.064720 0.010490 0.029920 
43
0.479817 0.014330 0.046210 
0.462778 0.970721 0.462022 
0.057405 0.014950 0.491768 
0.061580 0.004385 0.074179 0.373319 0.016138 
0.041263 0.016474 0.020158 0.056985 0.037200 
0.010996 0.033232 0.024550 0.044634 0.041777 
0.047020 0.040459 0.029753 0.007097 0.018801 
0.087130 0.033470 0.046870 0.049530 0.039770 
0.088610 0.033620 0.036890 0.080480 0.085360 
0.014750 0.040430 0.050680 0.038260 0.040900 
0.069580 0.058540 0.064720 0.010490 0.029920 
44
0.479817 0.014330 0.046210 
0.462778 0.970721 0.462022 
0.057405 0.014950 0.491768 
0.054191 0.005808 0.037501 0.034755 0.021984 
0.048348 0.013513 0.028223 0.040036 0.046625 
0.009456 0.029105 0.428638 0.023675 0.029742 
0.042983 0.038401 0.039915 0.007284 0.019817 
0.087130 0.033470 0.046870 0.049530 0.039770 
0.088610 0.033620 0.036890 0.080480 0.085360 
0.014750 0.040430 0.050680 0.038260 0.040900 
0.069580 0.058540 0.064720 0.010490 0.029920 
45
0.479817 0.014330 0.046210 
0.462778 0.970721 0.462022 
0.057405 0.014950 0.491768 
0.060792 0.007280 0.043516 0.042958 0.020046 
0.052254 0.016312 0.025910 0.041820 0.040198 
0.011505 0.038515 0.028048 0.029137 0.033065 
0.375005 0.065756 0.038740 0.007721 0.021423 
0.087130 0.033470 0.046870 0.049530 0.039770 
0.088610 0.033620 0.036890 0.080480 0.085360 
0.014750 0.040430 0.050680 0.038260 0.040900 
0.069580 0.058540 0.064720 0.010490 0.029920 
46
0.479817 0.014330 0.046210 
0.462778 0.970721 0.462022 
0.057405 0.014950 0.491768 
0.044617 0.007370 0.022880 0.025291 0.065822 
0.033483 0.017979 0.036419 0.025335 0.058979 
0.014656 0.020470 0.017665 0.019125 0.024382 
0.030622 0.029800 0.046592 0.017111 0.441401 
0.087130 0.033470 0.046870 0.049530 0.039770 
0.088610 0.033620 0.036890 0.080480 0.085360 
0.014750 0.040430 0.050680 0.038260 0.040900 
0.069580 0.058540 0.064720 0.010490 0.029920 
47
0.479817 0.014330 0.046210 
0.462778 0.970721 0.462022 
0.057405 0.014950 0.491768 
0.063803 0.005659 0.047115 0.060597 0.019058 
0.040425 0.018007 0.027466 0.058979 0.047466 
0.013471 0.035098 0.025751 0.333723 0.045732 
0.045652 0.042938 0.039806 0.007937 0.021319 
0.087130 0.033470 0.046870 0.049530 0.039770 
0.088610 0.033620 0.036890 0.080480 0.085360 
0.014750 0.040430 0.050680 0.038260 0.040900 
0.069580 0.058540 0.064720 0.010490 0.029920 
48
0.479817 0.014330 0.046210 
0.462778 0.970721 0.462022 
0.057405 0.014950 0.491768 
0.064072 0.007415 0.052382 0.048799 0.022653 
0.052413 0.018618 0.031469 0.050741 0.042215 
0.012975 0.045258 0.033911 0.033715 0.052317 
0.165305 0.187476 0.044319 0.008934 0.025011 
0.087130 0.033470 0.046870 0.049530 0.039770 
0.088610 0.033620 0.036890 0.080480 0.085360 
0.014750 0.040430 0.050680 0.038260 0.040900 
0.069580 0.058540 0.064720 0.010490 0.029920 
49
0.479817 0.014330 0.046210 
0.462778 0.970721 0.462022 
0.057405 0.014950 0.491768 
0.069032 0.005805 0.050375 0.061474 0.021931 
0.047135 0.131064 0.030993 0.177103 0.051103 
0.015284 0.040910 0.028394 0.041945 0.055144 
0.049162 0.043112 0.038937 0.009703 0.031393 
0.087130 0.033470 0.046870 0.049530 0.039770 
0.088610 0.033620 0.036890 0.080480 0.085360 
0.014750 0.040430 0.050680 0.038260 0.040900 
0.069580 0.058540 0.064720 0.010490 0.029920 
50
0.479817 0.014330 0.046210 
0.462778 0.970721 0.462022 
0.057405 0.014950 0.491768 
0.068546 0.003752 0.157956 0.261721 0.016437 
0.041894 0.016273 0.019814 0.064421 0.037480 
0.011118 0.038035 0.023893 0.051729 0.041710 
0.052219 0.039138 0.028430 0.007010 0.018426 
0.087130 0.033470 0.046870 0.049530 0.039770 
0.088610 0.033620 0.036890 0.080480 0.085360 
0.014750 0.040430 0.050680 0.038260 0.040900 
0.069580 0.058540 0.064720 0.010490 0.029920 
51
0.479817 0.014330 0.046210 
0.462778 0.970721 0.462022 
0.057405 0.014950 0.491768 
0.113166 0.005396 0.263073 0.081052 0.018589 
0.051375 0.017807 0.024528 0.055629 0.041147 
0.012041 0.053188 0.027318 0.039733 0.039619 
0.053502 0.041810 0.033554 0.007430 0.020043 
0.087130 0.033470 0.046870 0.049530 0.039770 
0.088610 0.033620 0.036890 0.080480 0.085360 
0.014750 0.040430 0.050680 0.038260 0.040900 
0.069580 0.058540 0.064720 0.010490 0.029920 
52
0.479817 0.014330 0.046210 
0.462778 0.970721 0.462022 
0.057405 0.014950 0.491768 
0.067196 0.012161 0.015565 0.017407 0.041966 
0.027566 0.010577 0.343498 0.019557 0.119947 
0.026065 0.014432 0.016143 0.014992 0.018680 
0.023738 0.033208 0.141665 0.009839 0.025797 
0.087130 0.033470 0.046870 0.049530 0.039770 
0.088610 0.033620 0.036890 0.080480 0.085360 
0.014750 0.040430 0.050680 0.038260 0.040900 
0.069580 0.058540 0.064720 0.010490 0.029920 
53
0.479817 0.014330 0.046210 
0.462778 0.970721 0.462022 
0.057405 0.014950 0.491768 
0.047707 0.008705 0.018752 0.022074 0.121456 
0.031303 0.021142 0.044011 0.020878 0.070589 
0.017645 0.019446 0.015563 0.017787 0.022788 
0.030902 0.030343 0.056041 0.024482 0.358385 
0.087130 0.033470 0.046870 0.049530 0.039770 
0.088610 0.033620 0.036890 0.080480 0.085360 
0.014750 0.040430 0.050680 0.038260 0.040900 
0.069580 0.058540 0.064720 0.010490 0.029920 
54
0.479817 0.014330 0.046210 
0.462778 0.970721 0.462022 
0.057405 0.036034 0.470123 
0.047959 0.005350 0.035195 0.031111 0.018168 
0.047582 0.012611 0.023577 0.035216 0.038966 
0.007871 0.026318 0.490830 0.020676 0.026480 
0.039910 0.033333 0.034413 0.006571 0.017864 
0.087127 0.033469 0.046868 0.049528 0.039771 
0.088607 0.033619 0.036889 0.080477 0.085357 
0.014749 0.040428 0.050678 0.038259 0.040898 
0.069577 0.058538 0.064718 0.010490 0.029954 
55
0.479817 0.052532 0.044176 
0.462778 0.911434 0.485701 
0.048946 0.015543 0.491768 
0.063762 0.010040 0.040203 0.041620 0.067263 
0.057921 0.093909 0.044500 0.033165 0.069892 
0.020375 0.040709 0.025210 0.032760 0.035468 
0.047861 0.040814 0.053048 0.022566 0.158913 
0.087130 0.033470 0.046870 0.049530 0.039770 
0.088610 0.033620 0.036890 0.080480 0.085360 
0.014750 0.040430 0.050680 0.038260 0.040900 
0.069580 0.058540 0.064720 0.010490 0.029920 
56
0.554751 0.018614 0.046210 
0.396303 0.965842 0.462022 
0.048363 0.015594 0.491768 
0.061341 0.004156 0.083408 0.372549 0.015638 
0.040499 0.016124 0.019408 0.056671 0.035963 
0.010699 0.032741 0.024007 0.045295 0.041208 
0.046777 0.038790 0.028758 0.006896 0.019072 
0.087130 0.033470 0.046870 0.049530 0.039770 
0.088610 0.033620 0.036890 0.080480 0.085360 
0.014750 0.040430 0.050680 0.038260 0.040900 
0.069580 0.058540 0.064720 0.010490 0.029920 
57
0.417855 0.044248 0.046210 
0.533782 0.940158 0.462022 
0.050213 0.015438 0.491768 
0.089792 0.012461 0.054502 0.058097 0.042556 
0.068327 0.022510 0.061843 0.056819 0.088844 
0.023540 0.043145 0.036597 0.039413 0.054036 
0.059250 0.055767 0.077320 0.015971 0.039209 
0.087130 0.033470 0.046870 0.049530 0.039770 
0.088610 0.033620 0.036890 0.080480 0.085360 
0.014750 0.040430 0.050680 0.038260 0.040900 
0.069580 0.058540 0.064720 0.010490 0.029920 
58
0.530852 0.015717 0.046210 
0.418935 0.968845 0.462022 
0.050752 0.015396 0.491768 
0.090260 0.012539 0.056692 0.063351 0.048677 
0.069849 0.022533 0.059611 0.055647 0.085098 
0.022500 0.043322 0.037106 0.038836 0.046151 
0.061257 0.056462 0.075209 0.015838 0.039064 
0.087130 0.033470 0.046870 0.049530 0.039770 
0.088610 0.033620 0.036890 0.080480 0.085360 
0.014750 0.040430 0.050680 0.038260 0.040900 
0.069580 0.058540 0.064720 0.010490 0.029920 
59
0.427763 0.014758 0.046210 
0.521486 0.969847 0.462022 
0.057175 0.014963 0.491768 
0.063182 0.005297 0.045160 0.062382 0.018262 
0.054432 0.018731 0.027288 0.063788 0.046355 
0.013687 0.036177 0.026876 0.039634 0.323686 
0.045118 0.042049 0.036532 0.008669 0.022697 
0.087130 0.033470 0.046870 0.049530 0.039770 
0.088610 0.033620 0.036890 0.080480 0.085360 
0.014750 0.040430 0.050680 0.038260 0.040900 
0.069580 0.058540 0.064720 0.010490 0.029920 
60
0.477895 0.035446 0.046210 
0.464930 0.949591 0.462022 
0.052406 0.015272 0.491768 
0.052704 0.009860 0.020273 0.023321 0.375744 
0.038604 0.014543 0.051719 0.020466 0.082441 
0.019276 0.018712 0.017527 0.017217 0.018678 
0.029885 0.030452 0.060057 0.022682 0.075841 
0.087130 0.033470 0.046870 0.049530 0.039770 
0.088610 0.033620 0.036890 0.080480 0.085360 
0.014750 0.040430 0.050680 0.038260 0.040900 
0.069580 0.058540 0.064720 0.010490 0.029920 
61
0.525113 0.014639 0.046210 
0.422480 0.970090 0.462022 
0.052406 0.015272 0.491768 
0.063053 0.004705 0.065020 0.359843 0.017618 
0.039546 0.016640 0.028919 0.058073 0.042286 
0.012223 0.033401 0.024176 0.044586 0.042839 
0.046707 0.040370 0.032994 0.007448 0.019554 
0.087130 0.033470 0.046870 0.049530 0.039770 
0.088610 0.033620 0.036890 0.080480 0.085360 
0.014750 0.040430 0.050680 0.038260 0.040900 
0.069580 0.058540 0.064720 0.010490 0.029920 
62
0.525113 0.015094 0.046210 
0.422480 0.969635 0.462022 
0.052310 0.015278 0.491768 
0.062458 0.005908 0.037329 0.029745 0.016159 
0.506407 0.013094 0.021902 0.031326 0.030533 
0.010593 0.033870 0.024074 0.020133 0.030826 
0.043406 0.031180 0.026090 0.006805 0.018163 
0.087130 0.033470 0.046870 0.049530 0.039770 
0.088610 0.033620 0.036890 0.080480 0.085360 
0.014750 0.040430 0.050680 0.038260 0.040900 
0.069580 0.058540 0.064720 0.010490 0.029920 
63
0.437232 0.014645 0.046210 
0.510458 0.970076 0.462022 
0.057405 0.014950 0.491768 
0.057526 0.011601 0.015256 0.017104 0.040643 
0.026027 0.010148 0.380102 0.019072 0.115957 
0.025486 0.014106 0.015643 0.014628 0.017982 
0.022749 0.031527 0.130313 0.009504 0.024624 
0.087130 0.033470 0.046870 0.049530 0.039770 
0.088610 0.033620 0.036890 0.080480 0.085360 
0.014750 0.040430 0.050680 0.038260 0.040900 
0.069580 0.058540 0.064720 0.010490 0.029920 
64
0.479817 0.014776 0.046210 
0.462778 0.970275 0.462022 
0.057290 0.014956 0.491768 
0.060837 0.005049 0.046220 0.057503 0.016773 
0.041726 0.018151 0.024779 0.372365 0.043033 
0.012357 0.035984 0.027649 0.040063 0.048808 
0.045122 0.041545 0.034123 0.007584 0.020329 
0.087130 0.033470 0.046870 0.049530 0.039770 
0.088610 0.033620 0.036890 0.080480 0.085360 
0.014750 0.040430 0.050680 0.038260 0.040900 
0.069580 0.058540 0.064720 0.010490 0.029920 
65
0.480865 0.014336 0.046210 
0.461846 0.970707 0.462022 
0.057290 0.014956 0.491768 
0.058901 0.011581 0.016675 0.018675 0.040761 
0.027857 0.010707 0.374079 0.020659 0.115590 
0.025916 0.015207 0.016479 0.015688 0.019316 
0.024065 0.032515 0.120409 0.009753 0.025167 
0.087130 0.033470 0.046870 0.049530 0.039770 
0.088610 0.033620 0.036890 0.080480 0.085360 
0.014750 0.040430 0.050680 0.038260 0.040900 
0.069580 0.058540 0.064720 0.010490 0.029920 
66
0.478851 0.014336 0.046210 
0.463859 0.970707 0.462022 
0.057405 0.014950 0.491768 
0.056721 0.007111 0.038708 0.044517 0.021130 
0.042258 0.015919 0.031825 0.041847 0.045893 
0.012870 0.033860 0.026219 0.029572 0.033149 
0.068714 0.376014 0.044385 0.007630 0.021659 
0.087130 0.033470 0.046870 0.049530 0.039770 
0.088610 0.033620 0.036890 0.080480 0.085360 
0.014750 0.040430 0.050680 0.038260 0.040900 
0.069580 0.058540 0.064720 0.010490 0.029920 
67
0.479817 0.014330 0.046210 
0.462778 0.970721 0.462022 
0.057405 0.014950 0.491768 
0.047180 0.004729 0.459077 0.056258 0.014607 
0.048204 0.015154 0.017758 0.041063 0.030040 
0.008542 0.047028 0.025046 0.028581 0.030493 
0.043114 0.034818 0.026022 0.005893 0.016394 
0.087130 0.033470 0.046870 0.049530 0.039770 
0.088610 0.033620 0.036890 0.080480 0.085360 
0.014750 0.040430 0.050680 0.038260 0.040900 
0.069580 0.058540 0.064720 0.010490 0.029920 
68
0.479817 0.014330 0.046210 
0.462778 0.970721 0.462022 
0.057405 0.014950 0.491768 
0.017086 0.004269 0.008584 0.010840 0.065451 
0.013232 0.010657 0.018766 0.010489 0.040755 
0.009498 0.008899 0.007877 0.007913 0.014105 
0.013840 0.012966 0.019562 0.647137 0.058072 
0.087130 0.033470 0.046870 0.049530 0.039770 
0.088610 0.033620 0.036890 0.080480 0.085360 
0.014750 0.040430 0.050680 0.038260 0.040900 
0.069580 0.058540 0.064720 0.010490 0.029920 
69
0.479817 0.014330 0.046210 
0.462778 0.970721 0.462022 
0.057405 0.014950 0.491768 
0.051196 0.004853 0.409583 0.063715 0.015468 
0.048911 0.016097 0.019258 0.045205 0.032556 
0.009429 0.051945 0.025822 0.031901 0.033284 
0.051655 0.037657 0.027833 0.006311 0.017322 
0.087130 0.033470 0.046870 0.049530 0.039770 
0.088610 0.033620 0.036890 0.080480 0.085360 
0.014750 0.040430 0.050680 0.038260 0.040900 
0.069580 0.058540 0.064720 0.010490 0.029920 
70
0.479817 0.014330 0.046210 
0.462778 0.970721 0.462022 
0.057405 0.014950 0.491768 
0.064257 0.004840 0.048086 0.061425 0.016429 
0.040981 0.018629 0.024698 0.346959 0.043042 
0.012609 0.037470 0.027636 0.048749 0.051854 
0.046912 0.043283 0.033991 0.007624 0.020528 
0.087130 0.033470 0.046870 0.049530 0.039770 
0.088610 0.033620 0.036890 0.080480 0.085360 
0.014750 0.040430 0.050680 0.038260 0.040900 
0.069580 0.058540 0.064720 0.010490 0.029920 
71
0.479817 0.014330 0.046210 
0.462778 0.970721 0.462022 
0.057405 0.014950 0.491768 
0.029896 0.006004 0.014101 0.017710 0.044789 
0.022990 0.009194 0.028121 0.016385 0.059845 
0.014420 0.012316 0.011614 0.011404 0.019242 
0.018567 0.017677 0.034993 0.572001 0.038729 
0.087130 0.033470 0.046870 0.049530 0.039770 
0.088610 0.033620 0.036890 0.080480 0.085360 
0.014750 0.040430 0.050680 0.038260 0.040900 
0.069580 0.058540 0.064720 0.010490 0.029920 
72
0.479817 0.014330 0.046210 
0.462778 0.970721 0.462022 
0.057405 0.014950 0.491768 
0.060076 0.004254 0.076206 0.385523 0.015618 
0.040797 0.016123 0.019288 0.055716 0.035842 
0.010617 0.032454 0.024165 0.044084 0.040787 
0.045871 0.038546 0.028855 0.006891 0.018288 
0.087130 0.033470 0.046870 0.049530 0.039770 
0.088610 0.033620 0.036890 0.080480 0.085360 
0.014750 0.040430 0.050680 0.038260 0.040900 
0.069580 0.058540 0.064720 0.010490 0.029920 
73
0.479817 0.014330 0.046210 
0.462778 0.970721 0.462022 
0.057405 0.014950 0.491768 
0.050119 0.004489 0.416862 0.073357 0.014480 
0.046133 0.015705 0.018222 0.045771 0.030868 
0.009120 0.052232 0.024714 0.032477 0.033272 
0.046264 0.037047 0.026519 0.005868 0.016481 
0.087130 0.033470 0.046870 0.049530 0.039770 
0.088610 0.033620 0.036890 0.080480 0.085360 
0.014750 0.040430 0.050680 0.038260 0.040900 
0.069580 0.058540 0.064720 0.010490 0.029920 
74
0.479817 0.014330 0.046210 
0.462778 0.970721 0.462022 
0.057405 0.014950 0.491768 
0.046530 0.004493 0.027335 0.032178 0.009327 
0.029552 0.009755 0.015498 0.029418 0.026885 
0.005534 0.017581 0.606769 0.016938 0.021305 
0.039166 0.025897 0.024104 0.002948 0.008787 
0.087130 0.033470 0.046870 0.049530 0.039770 
0.088610 0.033620 0.036890 0.080480 0.085360 
0.014750 0.040430 0.050680 0.038260 0.040900 
0.069580 0.058540 0.064720 0.010490 0.029920 
75
0.479817 0.014330 0.046210 
0.462778 0.970721 0.462022 
0.057405 0.014950 0.491768 
0.047019 0.009394 0.017406 0.020211 0.428316 
0.028745 0.012332 0.051592 0.018057 0.084386 
0.019034 0.015764 0.015770 0.015135 0.016082 
0.025818 0.027557 0.058560 0.021161 0.067660 
0.087130 0.033470 0.046870 0.049530 0.039770 
0.088610 0.033620 0.036890 0.080480 0.085360 
0.014750 0.040430 0.050680 0.038260 0.040900 
0.069580 0.058540 0.064720 0.010490 0.029920 
76
0.479817 0.014330 0.046210 
0.462778 0.970721 0.462022 
0.057405 0.014950 0.491768 
0.059770 0.005278 0.043226 0.053893 0.017954 
0.040731 0.018176 0.026921 0.064394 0.046089 
0.013372 0.034974 0.026167 0.038253 0.359828 
0.043493 0.041175 0.036175 0.008313 0.021818 
0.087130 0.033470 0.046870 0.049530 0.039770 
0.088610 0.033620 0.036890 0.080480 0.085360 
0.014750 0.040430 0.050680 0.038260 0.040900 
0.069580 0.058540 0.064720 0.010490 0.029920 
77
0.479817 0.014330 0.046210 
0.462778 0.970721 0.462022 
0.057405 0.014950 0.491768 
0.061596 0.010982 0.017895 0.021182 0.042414 
0.025825 0.011490 0.078429 0.022453 0.428128 
0.029834 0.016497 0.016388 0.017820 0.021311 
0.024282 0.031267 0.084900 0.011013 0.026293 
0.087130 0.033470 0.046870 0.049530 0.039770 
0.088610 0.033620 0.036890 0.080480 0.085360 
0.014750 0.040430 0.050680 0.038260 0.040900 
0.069580 0.058540 0.064720 0.010490 0.029920 
78
0.479817 0.014330 0.046210 
0.462778 0.970721 0.462022 
0.057405 0.014950 0.491768 
0.055011 0.007058 0.037281 0.039219 0.020654 
0.041450 0.014954 0.031130 0.039262 0.044682 
0.012433 0.032762 0.025528 0.028021 0.031245 
0.073441 0.393894 0.043620 0.007361 0.020993 
0.087130 0.033470 0.046870 0.049530 0.039770 
0.088610 0.033620 0.036890 0.080480 0.085360 
0.014750 0.040430 0.050680 0.038260 0.040900 
0.069580 0.058540 0.064720 0.010490 0.029920 
79
0.479817 0.014330 0.046210 
0.462778 0.970721 0.462022 
0.057405 0.014950 0.491768 
0.062763 0.010122 0.023439 0.027853 0.037561 
0.032656 0.013001 0.065976 0.029320 0.106469 
0.328493 0.020719 0.018079 0.021734 0.026093 
0.029844 0.034302 0.073541 0.010559 0.027475 
0.087130 0.033470 0.046870 0.049530 0.039770 
0.088610 0.033620 0.036890 0.080480 0.085360 
0.014750 0.040430 0.050680 0.038260 0.040900 
0.069580 0.058540 0.064720 0.010490 0.029920 
80
0.479817 0.014330 0.046210 
0.462778 0.970721 0.462022 
0.057405 0.014950 0.491768 
0.046514 0.004694 0.463160 0.055681 0.014472 
0.047837 0.015050 0.017504 0.040489 0.029755 
0.008457 0.046500 0.025783 0.028324 0.030752 
0.042763 0.034370 0.025798 0.005840 0.016259 
0.087130 0.033470 0.046870 0.049530 0.039770 
0.088610 0.033620 0.036890 0.080480 0.085360 
0.014750 0.040430 0.050680 0.038260 0.040900 
0.069580 0.058540 0.064720 0.010490 0.029920 
81
0.479817 0.014330 0.046210 
0.462778 0.970721 0.462022 
0.057405 0.014950 0.491768 
0.189565 0.010048 0.042080 0.047920 0.027020 
0.056809 0.017639 0.040889 0.044512 0.059077 
0.017038 0.038670 0.029394 0.032073 0.036600 
0.067769 0.150306 0.056798 0.009372 0.026421 
0.087130 0.033470 0.046870 0.049530 0.039770 
0.088610 0.033620 0.036890 0.080480 0.085360 
0.014750 0.040430 0.050680 0.038260 0.040900 
0.069580 0.058540 0.064720 0.010490 0.029920 
82
0.479817 0.014330 0.046210 
0.462778 0.970721 0.462022 
0.057405 0.014950 0.491768 
0.025476 0.008261 0.013984 0.016001 0.099781 
0.016585 0.027126 0.026885 0.016773 0.051277 
0.012909 0.016056 0.011442 0.012050 0.017352 
0.020559 0.018748 0.029394 0.029589 0.529752 
0.087130 0.033470 0.046870 0.049530 0.039770 
0.088610 0.033620 0.036890 0.080480 0.085360 
0.014750 0.040430 0.050680 0.038260 0.040900 
0.069580 0.058540 0.064720 0.010490 0.029920 
83
0.479817 0.014330 0.046210 
0.462778 0.970721 0.462022 
0.057405 0.014950 0.491768 
0.030509 0.006045 0.014381 0.017983 0.042347 
0.023013 0.009197 0.028902 0.016844 0.060536 
0.014545 0.012524 0.011795 0.011718 0.019359 
0.018769 0.018085 0.039881 0.568272 0.035292 
0.087130 0.033470 0.046870 0.049530 0.039770 
0.088610 0.033620 0.036890 0.080480 0.085360 
