%  SAM: modelfromalign v3.5 (July 15, 2005) compiled 12/05/20_11:48:22
%  (c) 1992-2001 Regents of the University of California, Santa Cruz
%
%          Sequence Alignment and Modeling Software System
%         http://www.cse.ucsc.edu/research/compbio/sam.html
%
% ----------------- Citations (SAM, SAM-T2K, HMMs) --------------------
% R. Hughey, A. Krogh, Hidden Markov models for sequence analysis:
%  Extension and analysis of the basic method, CABIOS 12:95-107, 1996.
% K. Karplus, et al., What is the value added by human intervention in protein
%  structure prediction, Proteins: Stucture, Function, Genetics 45(S5):86--91, 2001.
% A. Krogh et al., Hidden Markov models in computational biology:
%  Applications to protein modeling, JMB 235:1501-1531, Feb 1994.
% ---------------------------------------------------------------------
%  trimmed-uniq   Host: gauntlet    Thu Feb 11 19:02:32 2021
%  dgpinheiro     Dir:  /data/GitHub/sfFinder/example/output/subfamily/TEST2/flowerpower/fp-workspace/iter2
% ---------------------------------------------------------------------
% Prior File:  Internal (Name: recode3.20comp) 
%   20 priors on 20 characters.
%  Alignment weights from internal calc.  Total (1.75) Max (0.01) Min (0.01)
%  Weights from alignment method 1 (karplus), b=0.500000, e=0.500000
MODEL --  Model from alignment file trimmed-uniq.a2m
alphabet protein
FREQAVE
0.000000 0.000000 0.000000 
0.000000 0.000000 0.000000 
0.000000 0.000000 0.000000 
0.073931 0.014952 0.058201 0.067179 0.051212 
0.060193 0.028502 0.051264 0.057774 0.084353 
0.026062 0.041362 0.044995 0.042529 0.052413 
0.059165 0.053570 0.060060 0.024641 0.047642 
0.073931 0.014952 0.058201 0.067179 0.051212 
0.060193 0.028502 0.051264 0.057774 0.084353 
0.026062 0.041362 0.044995 0.042529 0.052413 
0.059165 0.053570 0.060060 0.024641 0.047642 
Begin
0.000000 0.000000 0.000000 
0.000000 0.000000 0.000000 
0.000000 0.106907 0.762380 
0.000000 0.000000 0.000000 0.000000 0.000000 
0.000000 0.000000 0.000000 0.000000 0.000000 
0.000000 0.000000 0.000000 0.000000 0.000000 
0.000000 0.000000 0.000000 0.000000 0.000000 
0.087227 0.033417 0.046837 0.049478 0.039707 
0.088511 0.033570 0.036846 0.080636 0.085411 
0.014913 0.040466 0.050641 0.038263 0.040940 
0.069510 0.058589 0.064653 0.010473 0.029911 
1
0.000000 0.020124 0.082783 
0.000000 0.872969 0.154837 
0.039804 0.016569 0.491768 
0.079196 0.015334 0.050480 0.062565 0.043288 
0.060908 0.021353 0.066879 0.057880 0.099599 
0.026718 0.039757 0.044577 0.037956 0.049697 
0.060016 0.055646 0.078251 0.014640 0.035262 
0.087130 0.033470 0.046870 0.049530 0.039770 
0.088610 0.033620 0.036890 0.080480 0.085360 
0.014750 0.040430 0.050680 0.038260 0.040900 
0.069580 0.058540 0.064720 0.010490 0.029920 
2
0.639316 0.015883 0.046210 
0.320881 0.967548 0.462022 
0.039804 0.016569 0.491768 
0.076496 0.014794 0.057940 0.067401 0.036373 
0.075350 0.025716 0.054299 0.061724 0.082853 
0.021179 0.044564 0.050024 0.039911 0.058337 
0.062763 0.056243 0.066079 0.014447 0.033508 
0.087130 0.033470 0.046870 0.049530 0.039770 
0.088610 0.033620 0.036890 0.080480 0.085360 
0.014750 0.040430 0.050680 0.038260 0.040900 
0.069580 0.058540 0.064720 0.010490 0.029920 
3
0.639316 0.015883 0.046210 
0.320881 0.967548 0.462022 
0.039804 0.016569 0.491768 
0.076496 0.014794 0.057940 0.067401 0.036373 
0.075350 0.025716 0.054299 0.061724 0.082853 
0.021179 0.044564 0.050024 0.039911 0.058337 
0.062763 0.056243 0.066079 0.014447 0.033508 
0.087130 0.033470 0.046870 0.049530 0.039770 
0.088610 0.033620 0.036890 0.080480 0.085360 
0.014750 0.040430 0.050680 0.038260 0.040900 
0.069580 0.058540 0.064720 0.010490 0.029920 
4
0.639316 0.015883 0.046210 
0.320881 0.967548 0.462022 
0.039804 0.016569 0.491768 
0.082145 0.016885 0.058353 0.065764 0.035410 
0.087395 0.022184 0.051412 0.059649 0.081415 
0.020910 0.045001 0.051531 0.038652 0.050426 
0.064643 0.056856 0.064761 0.014102 0.032507 
0.087130 0.033470 0.046870 0.049530 0.039770 
0.088610 0.033620 0.036890 0.080480 0.085360 
0.014750 0.040430 0.050680 0.038260 0.040900 
0.069580 0.058540 0.064720 0.010490 0.029920 
5
0.639316 0.015883 0.046210 
0.320881 0.967548 0.462022 
0.039804 0.016569 0.491768 
0.080254 0.017546 0.058019 0.065370 0.037786 
0.078882 0.024945 0.053241 0.058972 0.082346 
0.020951 0.044507 0.050225 0.038298 0.050325 
0.067655 0.056859 0.066222 0.013946 0.033651 
0.087130 0.033470 0.046870 0.049530 0.039770 
0.088610 0.033620 0.036890 0.080480 0.085360 
0.014750 0.040430 0.050680 0.038260 0.040900 
0.069580 0.058540 0.064720 0.010490 0.029920 
6
0.639316 0.015883 0.046210 
0.320881 0.967548 0.462022 
0.039804 0.016569 0.491768 
0.078962 0.018244 0.052449 0.062201 0.041549 
0.067689 0.022936 0.064250 0.056601 0.094305 
0.022854 0.040606 0.048508 0.036956 0.048383 
0.060441 0.055334 0.079052 0.014319 0.034359 
0.087130 0.033470 0.046870 0.049530 0.039770 
0.088610 0.033620 0.036890 0.080480 0.085360 
0.014750 0.040430 0.050680 0.038260 0.040900 
0.069580 0.058540 0.064720 0.010490 0.029920 
7
0.639316 0.015883 0.046210 
0.320881 0.967548 0.462022 
0.039804 0.016569 0.491768 
0.085476 0.017578 0.056826 0.065459 0.039812 
0.079140 0.021470 0.050724 0.058968 0.087859 
0.022058 0.043400 0.050306 0.038346 0.050333 
0.063209 0.056614 0.064024 0.014267 0.034131 
0.087130 0.033470 0.046870 0.049530 0.039770 
0.088610 0.033620 0.036890 0.080480 0.085360 
0.014750 0.040430 0.050680 0.038260 0.040900 
0.069580 0.058540 0.064720 0.010490 0.029920 
8
0.639316 0.015883 0.046210 
0.320881 0.967548 0.462022 
0.039804 0.016569 0.491768 
0.082145 0.016885 0.058353 0.065764 0.035410 
0.087395 0.022184 0.051412 0.059649 0.081415 
0.020910 0.045001 0.051531 0.038652 0.050426 
0.064643 0.056856 0.064761 0.014102 0.032507 
0.087130 0.033470 0.046870 0.049530 0.039770 
0.088610 0.033620 0.036890 0.080480 0.085360 
0.014750 0.040430 0.050680 0.038260 0.040900 
0.069580 0.058540 0.064720 0.010490 0.029920 
9
0.639316 0.015883 0.046210 
0.320881 0.967548 0.462022 
0.039804 0.016569 0.491768 
0.080256 0.016772 0.057371 0.065217 0.037704 
0.076681 0.024362 0.055881 0.059404 0.084948 
0.021156 0.043894 0.055078 0.037157 0.049813 
0.063670 0.056758 0.068451 0.013020 0.032406 
0.087130 0.033470 0.046870 0.049530 0.039770 
0.088610 0.033620 0.036890 0.080480 0.085360 
0.014750 0.040430 0.050680 0.038260 0.040900 
0.069580 0.058540 0.064720 0.010490 0.029920 
10
0.639316 0.015883 0.046210 
0.320881 0.967548 0.462022 
0.039804 0.016569 0.491768 
0.082145 0.016885 0.058353 0.065764 0.035410 
0.087395 0.022184 0.051412 0.059649 0.081415 
0.020910 0.045001 0.051531 0.038652 0.050426 
0.064643 0.056856 0.064761 0.014102 0.032507 
0.087130 0.033470 0.046870 0.049530 0.039770 
0.088610 0.033620 0.036890 0.080480 0.085360 
0.014750 0.040430 0.050680 0.038260 0.040900 
0.069580 0.058540 0.064720 0.010490 0.029920 
11
0.639316 0.015883 0.046210 
0.320881 0.967548 0.462022 
0.039804 0.016569 0.491768 
0.082145 0.016885 0.058353 0.065764 0.035410 
0.087395 0.022184 0.051412 0.059649 0.081415 
0.020910 0.045001 0.051531 0.038652 0.050426 
0.064643 0.056856 0.064761 0.014102 0.032507 
0.087130 0.033470 0.046870 0.049530 0.039770 
0.088610 0.033620 0.036890 0.080480 0.085360 
0.014750 0.040430 0.050680 0.038260 0.040900 
0.069580 0.058540 0.064720 0.010490 0.029920 
12
0.639316 0.015883 0.046210 
0.320881 0.967548 0.462022 
0.039804 0.016569 0.491768 
0.076681 0.015667 0.051037 0.060030 0.049202 
0.065633 0.025126 0.065610 0.054679 0.098072 
0.023657 0.040378 0.046499 0.036273 0.047659 
0.059036 0.053734 0.076380 0.016907 0.037743 
0.087130 0.033470 0.046870 0.049530 0.039770 
0.088610 0.033620 0.036890 0.080480 0.085360 
0.014750 0.040430 0.050680 0.038260 0.040900 
0.069580 0.058540 0.064720 0.010490 0.029920 
13
0.639316 0.015883 0.046210 
0.320881 0.967548 0.462022 
0.039804 0.016569 0.491768 
0.082145 0.016885 0.058353 0.065764 0.035410 
0.087395 0.022184 0.051412 0.059649 0.081415 
0.020910 0.045001 0.051531 0.038652 0.050426 
0.064643 0.056856 0.064761 0.014102 0.032507 
0.087130 0.033470 0.046870 0.049530 0.039770 
0.088610 0.033620 0.036890 0.080480 0.085360 
0.014750 0.040430 0.050680 0.038260 0.040900 
0.069580 0.058540 0.064720 0.010490 0.029920 
14
0.639316 0.015883 0.046210 
0.320881 0.967548 0.462022 
0.039804 0.016569 0.491768 
0.080256 0.016772 0.057371 0.065217 0.037704 
0.076681 0.024362 0.055881 0.059404 0.084948 
0.021156 0.043894 0.055078 0.037157 0.049813 
0.063670 0.056758 0.068451 0.013020 0.032406 
0.087130 0.033470 0.046870 0.049530 0.039770 
0.088610 0.033620 0.036890 0.080480 0.085360 
0.014750 0.040430 0.050680 0.038260 0.040900 
0.069580 0.058540 0.064720 0.010490 0.029920 
15
0.639316 0.015883 0.046210 
0.320881 0.967548 0.462022 
0.039804 0.016569 0.491768 
0.076496 0.014794 0.057940 0.067401 0.036373 
0.075350 0.025716 0.054299 0.061724 0.082853 
0.021179 0.044564 0.050024 0.039911 0.058337 
0.062763 0.056243 0.066079 0.014447 0.033508 
0.087130 0.033470 0.046870 0.049530 0.039770 
0.088610 0.033620 0.036890 0.080480 0.085360 
0.014750 0.040430 0.050680 0.038260 0.040900 
0.069580 0.058540 0.064720 0.010490 0.029920 
16
0.636492 0.015883 0.046210 
0.323704 0.967548 0.462022 
0.039916 0.016553 0.491768 
0.081378 0.015154 0.059450 0.068693 0.034745 
0.073713 0.024073 0.051631 0.061787 0.079370 
0.020505 0.045276 0.062488 0.038974 0.051485 
0.065709 0.058109 0.065104 0.011634 0.030721 
0.087130 0.033470 0.046870 0.049530 0.039770 
0.088610 0.033620 0.036890 0.080480 0.085360 
0.014750 0.040430 0.050680 0.038260 0.040900 
0.069580 0.058540 0.064720 0.010490 0.029920 
17
0.638294 0.015867 0.046210 
0.321789 0.967581 0.462022 
0.039916 0.016553 0.491768 
0.093813 0.013893 0.042943 0.046835 0.052640 
0.068236 0.022636 0.067634 0.044780 0.095523 
0.025090 0.038190 0.034752 0.032497 0.041087 
0.053256 0.049612 0.081321 0.047873 0.047389 
0.087130 0.033470 0.046870 0.049530 0.039770 
0.088610 0.033620 0.036890 0.080480 0.085360 
0.014750 0.040430 0.050680 0.038260 0.040900 
0.069580 0.058540 0.064720 0.010490 0.029920 
18
0.638294 0.015867 0.046210 
0.321789 0.967581 0.462022 
0.039916 0.016553 0.491768 
0.100109 0.011381 0.056043 0.055892 0.037077 
0.118551 0.022337 0.052851 0.052924 0.075789 
0.020645 0.043945 0.037934 0.036919 0.044221 
0.061114 0.053979 0.068462 0.014157 0.035671 
0.087130 0.033470 0.046870 0.049530 0.039770 
0.088610 0.033620 0.036890 0.080480 0.085360 
0.014750 0.040430 0.050680 0.038260 0.040900 
0.069580 0.058540 0.064720 0.010490 0.029920 
19
0.633852 0.015867 0.046210 
0.326231 0.967581 0.462022 
0.040094 0.016527 0.491768 
0.084111 0.009586 0.073009 0.063273 0.032225 
0.077204 0.024248 0.044626 0.061727 0.065689 
0.018721 0.084864 0.039564 0.042053 0.050054 
0.065817 0.058135 0.057811 0.013023 0.034261 
0.087130 0.033470 0.046870 0.049530 0.039770 
0.088610 0.033620 0.036890 0.080480 0.085360 
0.014750 0.040430 0.050680 0.038260 0.040900 
0.069580 0.058540 0.064720 0.010490 0.029920 
20
0.586755 0.015842 0.046210 
0.373150 0.967631 0.462022 
0.042201 0.016243 0.491768 
0.088245 0.011100 0.053265 0.056107 0.038990 
0.066530 0.021819 0.059265 0.054252 0.082080 
0.025115 0.042707 0.035347 0.041145 0.044983 
0.061929 0.092121 0.074441 0.013847 0.036710 
0.087130 0.033470 0.046870 0.049530 0.039770 
0.088610 0.033620 0.036890 0.080480 0.085360 
0.014750 0.040430 0.050680 0.038260 0.040900 
0.069580 0.058540 0.064720 0.010490 0.029920 
21
0.598180 0.015570 0.046210 
0.359618 0.968187 0.462022 
0.043037 0.016141 0.491768 
0.084073 0.008048 0.062037 0.069744 0.028686 
0.066353 0.023491 0.044557 0.109341 0.065864 
0.018834 0.047925 0.038991 0.046961 0.067290 
0.060532 0.055178 0.056820 0.012591 0.032683 
0.087130 0.033470 0.046870 0.049530 0.039770 
0.088610 0.033620 0.036890 0.080480 0.085360 
0.014750 0.040430 0.050680 0.038260 0.040900 
0.069580 0.058540 0.064720 0.010490 0.029920 
22
0.608434 0.015472 0.046210 
0.348530 0.968387 0.462022 
0.043105 0.016133 0.491768 
0.086850 0.008606 0.065544 0.105790 0.031949 
0.067024 0.023658 0.043159 0.068522 0.065830 
0.018901 0.047929 0.037946 0.050623 0.053788 
0.062948 0.058326 0.055790 0.013165 0.033655 
0.087130 0.033470 0.046870 0.049530 0.039770 
0.088610 0.033620 0.036890 0.080480 0.085360 
0.014750 0.040430 0.050680 0.038260 0.040900 
0.069580 0.058540 0.064720 0.010490 0.029920 
23
0.609400 0.015464 0.046210 
0.347495 0.968403 0.462022 
0.043105 0.016133 0.491768 
0.138725 0.012158 0.050114 0.054190 0.038687 
0.067234 0.020668 0.060311 0.052108 0.086597 
0.022733 0.039271 0.034216 0.036598 0.043334 
0.057546 0.059472 0.077664 0.013460 0.034914 
0.087130 0.033470 0.046870 0.049530 0.039770 
0.088610 0.033620 0.036890 0.080480 0.085360 
0.014750 0.040430 0.050680 0.038260 0.040900 
0.069580 0.058540 0.064720 0.010490 0.029920 
24
0.604954 0.015464 0.046210 
0.351941 0.968403 0.462022 
0.043297 0.016110 0.491768 
0.096628 0.011228 0.057006 0.059419 0.036252 
0.071592 0.022119 0.051749 0.056911 0.073228 
0.020814 0.045605 0.036955 0.039400 0.045950 
0.095827 0.062422 0.067738 0.013523 0.035634 
0.087130 0.033470 0.046870 0.049530 0.039770 
0.088610 0.033620 0.036890 0.080480 0.085360 
0.014750 0.040430 0.050680 0.038260 0.040900 
0.069580 0.058540 0.064720 0.010490 0.029920 
25
0.587888 0.015442 0.046210 
0.368815 0.968448 0.462022 
0.044171 0.016010 0.491768 
0.067019 0.009528 0.029644 0.035750 0.034154 
0.038135 0.015424 0.059457 0.040987 0.093830 
0.286466 0.025670 0.020763 0.027090 0.037184 
0.035234 0.038264 0.067634 0.010911 0.026857 
0.087130 0.033470 0.046870 0.049530 0.039770 
0.088610 0.033620 0.036890 0.080480 0.085360 
0.014750 0.040430 0.050680 0.038260 0.040900 
0.069580 0.058540 0.064720 0.010490 0.029920 
26
0.599744 0.015346 0.046210 
0.356086 0.968644 0.462022 
0.044171 0.016010 0.491768 
0.177745 0.010134 0.043374 0.046285 0.030859 
0.061160 0.018320 0.048381 0.050991 0.068918 
0.018420 0.034780 0.086971 0.031587 0.039786 
0.068250 0.046890 0.077166 0.010857 0.029128 
0.087130 0.033470 0.046870 0.049530 0.039770 
0.088610 0.033620 0.036890 0.080480 0.085360 
0.014750 0.040430 0.050680 0.038260 0.040900 
0.069580 0.058540 0.064720 0.010490 0.029920 
27
0.560943 0.015346 0.046210 
0.394886 0.968644 0.462022 
0.045954 0.015821 0.491768 
0.091889 0.009911 0.035375 0.043125 0.039790 
0.044830 0.020002 0.076539 0.075470 0.158445 
0.049043 0.027512 0.023424 0.032120 0.058077 
0.034049 0.037828 0.090599 0.014594 0.037378 
0.087130 0.033470 0.046870 0.049530 0.039770 
0.088610 0.033620 0.036890 0.080480 0.085360 
0.014750 0.040430 0.050680 0.038260 0.040900 
0.069580 0.058540 0.064720 0.010490 0.029920 
28
0.581598 0.015165 0.046210 
0.372449 0.969014 0.462022 
0.046045 0.015812 0.491768 
0.069404 0.010178 0.027293 0.031203 0.037722 
0.034474 0.037758 0.064163 0.033371 0.348213 
0.024389 0.026627 0.019984 0.024676 0.030892 
0.031690 0.035186 0.071971 0.011506 0.029298 
0.087130 0.033470 0.046870 0.049530 0.039770 
0.088610 0.033620 0.036890 0.080480 0.085360 
0.014750 0.040430 0.050680 0.038260 0.040900 
0.069580 0.058540 0.064720 0.010490 0.029920 
29
0.544080 0.015157 0.046210 
0.409875 0.969032 0.462022 
0.047898 0.015636 0.491768 
0.090856 0.006227 0.079670 0.103763 0.024675 
0.067130 0.022118 0.029791 0.075985 0.050687 
0.013993 0.105989 0.048747 0.052716 0.046611 
0.068711 0.041056 0.035211 0.010487 0.025577 
0.087130 0.033470 0.046870 0.049530 0.039770 
0.088610 0.033620 0.036890 0.080480 0.085360 
0.014750 0.040430 0.050680 0.038260 0.040900 
0.069580 0.058540 0.064720 0.010490 0.029920 
30
0.482612 0.014988 0.046210 
0.469491 0.969377 0.462022 
0.052253 0.015283 0.491768 
0.064635 0.005165 0.045644 0.058243 0.018191 
0.041203 0.018941 0.027654 0.070024 0.047914 
0.014056 0.036981 0.026790 0.042678 0.299766 
0.070739 0.043038 0.036776 0.008657 0.022906 
0.087130 0.033470 0.046870 0.049530 0.039770 
0.088610 0.033620 0.036890 0.080480 0.085360 
0.014750 0.040430 0.050680 0.038260 0.040900 
0.069580 0.058540 0.064720 0.010490 0.029920 
31
0.526500 0.014649 0.046210 
0.421247 0.970068 0.462022 
0.052253 0.015283 0.491768 
0.116307 0.006638 0.088527 0.083961 0.028007 
0.053960 0.020610 0.043106 0.078424 0.068841 
0.018795 0.042527 0.035122 0.042242 0.062573 
0.062068 0.051153 0.057160 0.011301 0.028679 
0.087130 0.033470 0.046870 0.049530 0.039770 
0.088610 0.033620 0.036890 0.080480 0.085360 
0.014750 0.040430 0.050680 0.038260 0.040900 
0.069580 0.058540 0.064720 0.010490 0.029920 
32
0.526500 0.014649 0.046210 
0.421247 0.970068 0.462022 
0.052253 0.015283 0.491768 
0.122285 0.005341 0.254540 0.077848 0.018427 
0.050988 0.017791 0.024618 0.058691 0.041363 
0.012090 0.052253 0.027256 0.039790 0.041553 
0.053001 0.041466 0.033312 0.007408 0.019979 
0.087130 0.033470 0.046870 0.049530 0.039770 
0.088610 0.033620 0.036890 0.080480 0.085360 
0.014750 0.040430 0.050680 0.038260 0.040900 
0.069580 0.058540 0.064720 0.010490 0.029920 
33
0.526500 0.014649 0.046210 
0.421247 0.970068 0.462022 
0.052253 0.015283 0.491768 
0.038207 0.007176 0.017567 0.022227 0.057713 
0.028056 0.012897 0.033946 0.020439 0.067416 
0.016823 0.016793 0.013743 0.014749 0.023035 
0.024254 0.022495 0.041789 0.451596 0.069079 
0.087130 0.033470 0.046870 0.049530 0.039770 
0.088610 0.033620 0.036890 0.080480 0.085360 
0.014750 0.040430 0.050680 0.038260 0.040900 
0.069580 0.058540 0.064720 0.010490 0.029920 
34
0.526500 0.014649 0.046210 
0.421247 0.970068 0.462022 
0.052253 0.015761 0.491266 
0.048847 0.007578 0.025369 0.028313 0.062452 
0.036181 0.019188 0.036065 0.028443 0.059345 
0.015113 0.022757 0.019040 0.021289 0.029364 
0.033364 0.032151 0.047770 0.017528 0.409844 
0.087131 0.033470 0.046870 0.049530 0.039770 
0.088610 0.033620 0.036890 0.080480 0.085360 
0.014750 0.040430 0.050680 0.038260 0.040900 
0.069580 0.058540 0.064720 0.010490 0.029920 
35
0.526500 0.014649 0.046163 
0.421247 0.969590 0.462570 
0.052253 0.033959 0.472902 
0.057406 0.004640 0.336430 0.098142 0.015758 
0.047140 0.017141 0.020337 0.052412 0.034361 
0.010435 0.059102 0.025689 0.037680 0.037440 
0.052197 0.040859 0.028657 0.006394 0.017780 
0.087127 0.033486 0.046868 0.049528 0.039769 
0.088607 0.033619 0.036891 0.080477 0.085363 
0.014750 0.040429 0.050678 0.038259 0.040899 
0.069578 0.058538 0.064726 0.010490 0.029919 
36
0.436757 0.014649 0.044438 
0.510989 0.951392 0.482661 
0.057405 0.014950 0.491768 
0.076037 0.013185 0.019993 0.020713 0.045837 
0.036552 0.014556 0.168564 0.023046 0.193265 
0.030224 0.018087 0.019502 0.018280 0.024221 
0.027374 0.067223 0.139974 0.011837 0.031530 
0.087130 0.033470 0.046870 0.049530 0.039770 
0.088610 0.033620 0.036890 0.080480 0.085360 
0.014750 0.040430 0.050680 0.038260 0.040900 
0.069580 0.058540 0.064720 0.010490 0.029920 
37
0.479817 0.014330 0.046210 
0.462778 0.970721 0.462022 
0.057405 0.015848 0.490805 
0.249284 0.011703 0.037969 0.043393 0.028341 
0.060277 0.016355 0.042792 0.041515 0.063906 
0.018193 0.030481 0.026835 0.030005 0.034623 
0.074980 0.091646 0.061984 0.009303 0.026415 
0.087130 0.033470 0.046870 0.049530 0.039770 
0.088610 0.033620 0.036890 0.080480 0.085360 
0.014750 0.040430 0.050680 0.038260 0.040900 
0.069580 0.058542 0.064720 0.010490 0.029920 
38
0.479817 0.014330 0.046120 
0.462778 0.969822 0.463075 
0.057405 0.014950 0.491768 
0.055672 0.005297 0.040758 0.049134 0.017525 
0.040908 0.017136 0.025674 0.054601 0.044109 
0.012518 0.032589 0.025405 0.034677 0.401105 
0.040833 0.038734 0.034740 0.007888 0.020697 
0.087130 0.033470 0.046870 0.049530 0.039770 
0.088610 0.033620 0.036890 0.080480 0.085360 
0.014750 0.040430 0.050680 0.038260 0.040900 
0.069580 0.058540 0.064720 0.010490 0.029920 
39
0.479817 0.014330 0.046210 
0.462778 0.970721 0.462022 
0.057405 0.014950 0.491768 
0.080653 0.007126 0.129619 0.054365 0.023385 
0.055272 0.019371 0.031534 0.047380 0.045499 
0.013746 0.066367 0.032033 0.034310 0.036963 
0.073965 0.173028 0.041702 0.009155 0.024530 
0.087130 0.033470 0.046870 0.049530 0.039770 
0.088610 0.033620 0.036890 0.080480 0.085360 
0.014750 0.040430 0.050680 0.038260 0.040900 
0.069580 0.058540 0.064720 0.010490 0.029920 
40
0.479817 0.014330 0.046210 
0.462778 0.970721 0.462022 
0.057405 0.014950 0.491768 
0.074857 0.011759 0.026789 0.027242 0.040011 
0.043759 0.015572 0.071195 0.026347 0.138286 
0.042815 0.024786 0.022518 0.021652 0.024979 
0.045798 0.198610 0.101331 0.011398 0.030294 
0.087130 0.033470 0.046870 0.049530 0.039770 
0.088610 0.033620 0.036890 0.080480 0.085360 
0.014750 0.040430 0.050680 0.038260 0.040900 
0.069580 0.058540 0.064720 0.010490 0.029920 
41
0.479817 0.014330 0.046210 
0.462778 0.970721 0.462022 
0.057405 0.014950 0.491768 
0.053311 0.006016 0.150976 0.050527 0.018682 
0.067001 0.019908 0.020569 0.047436 0.034910 
0.010579 0.259952 0.030058 0.031512 0.036223 
0.063535 0.042022 0.028191 0.007930 0.020661 
0.087130 0.033470 0.046870 0.049530 0.039770 
0.088610 0.033620 0.036890 0.080480 0.085360 
0.014750 0.040430 0.050680 0.038260 0.040900 
0.069580 0.058540 0.064720 0.010490 0.029920 
42
0.479817 0.014330 0.046210 
0.462778 0.970721 0.462022 
0.057405 0.014950 0.491768 
0.025971 0.020264 0.008976 0.012984 0.046978 
0.017958 0.007563 0.027178 0.011101 0.061037 
0.014627 0.008639 0.008349 0.007942 0.016140 
0.014565 0.013684 0.033708 0.603764 0.038572 
0.087130 0.033470 0.046870 0.049530 0.039770 
0.088610 0.033620 0.036890 0.080480 0.085360 
0.014750 0.040430 0.050680 0.038260 0.040900 
0.069580 0.058540 0.064720 0.010490 0.029920 
43
0.479817 0.014330 0.046210 
0.462778 0.970721 0.462022 
0.057405 0.014950 0.491768 
0.082535 0.007922 0.068533 0.051532 0.023066 
0.051026 0.017448 0.032788 0.042266 0.042494 
0.013115 0.043116 0.031814 0.032038 0.033016 
0.127643 0.219968 0.046674 0.008592 0.024414 
0.087130 0.033470 0.046870 0.049530 0.039770 
0.088610 0.033620 0.036890 0.080480 0.085360 
0.014750 0.040430 0.050680 0.038260 0.040900 
0.069580 0.058540 0.064720 0.010490 0.029920 
44
0.479817 0.014330 0.046210 
0.462778 0.970721 0.462022 
0.057405 0.014950 0.491768 
0.068839 0.008243 0.034534 0.031251 0.065815 
0.049674 0.014729 0.052247 0.037254 0.105974 
0.016137 0.030431 0.241599 0.022340 0.028002 
0.046702 0.041279 0.064692 0.011261 0.028997 
0.087130 0.033470 0.046870 0.049530 0.039770 
0.088610 0.033620 0.036890 0.080480 0.085360 
0.014750 0.040430 0.050680 0.038260 0.040900 
0.069580 0.058540 0.064720 0.010490 0.029920 
45
0.479817 0.014330 0.046210 
0.462778 0.970721 0.462022 
0.057405 0.014950 0.491768 
0.067108 0.006429 0.061098 0.075118 0.021057 
0.083845 0.019413 0.026635 0.088071 0.041767 
0.012358 0.052755 0.036120 0.037401 0.041329 
0.180827 0.080805 0.035819 0.008786 0.023258 
0.087130 0.033470 0.046870 0.049530 0.039770 
0.088610 0.033620 0.036890 0.080480 0.085360 
0.014750 0.040430 0.050680 0.038260 0.040900 
0.069580 0.058540 0.064720 0.010490 0.029920 
46
0.479817 0.014330 0.046210 
0.462778 0.970721 0.462022 
0.057405 0.014950 0.491768 
0.048413 0.008454 0.018912 0.022774 0.077926 
0.029069 0.018490 0.065779 0.022877 0.074693 
0.018268 0.018907 0.015415 0.018379 0.023198 
0.029570 0.030398 0.057348 0.019503 0.381629 
0.087130 0.033470 0.046870 0.049530 0.039770 
0.088610 0.033620 0.036890 0.080480 0.085360 
0.014750 0.040430 0.050680 0.038260 0.040900 
0.069580 0.058540 0.064720 0.010490 0.029920 
47
0.479817 0.014330 0.046210 
0.462778 0.970721 0.462022 
0.057405 0.014950 0.491768 
0.070697 0.010871 0.026724 0.031018 0.032910 
0.035840 0.014188 0.094836 0.034418 0.082439 
0.019698 0.022725 0.022428 0.025622 0.049133 
0.035141 0.039776 0.315558 0.009420 0.026559 
0.087130 0.033470 0.046870 0.049530 0.039770 
0.088610 0.033620 0.036890 0.080480 0.085360 
0.014750 0.040430 0.050680 0.038260 0.040900 
0.069580 0.058540 0.064720 0.010490 0.029920 
48
0.479817 0.014330 0.046210 
0.462778 0.970721 0.462022 
0.057405 0.014950 0.491768 
0.082358 0.008566 0.090346 0.050317 0.029193 
0.061206 0.034390 0.037211 0.043359 0.052471 
0.015661 0.050982 0.034249 0.032663 0.035378 
0.108506 0.145301 0.047315 0.011304 0.029225 
0.087130 0.033470 0.046870 0.049530 0.039770 
0.088610 0.033620 0.036890 0.080480 0.085360 
0.014750 0.040430 0.050680 0.038260 0.040900 
0.069580 0.058540 0.064720 0.010490 0.029920 
49
0.479817 0.014330 0.046210 
0.462778 0.970721 0.462022 
0.057405 0.014950 0.491768 
0.070258 0.004663 0.063433 0.247765 0.018481 
0.042852 0.019327 0.025333 0.068598 0.044797 
0.013246 0.037988 0.048443 0.046382 0.093787 
0.049522 0.041036 0.033643 0.008537 0.021909 
0.087130 0.033470 0.046870 0.049530 0.039770 
0.088610 0.033620 0.036890 0.080480 0.085360 
0.014750 0.040430 0.050680 0.038260 0.040900 
0.069580 0.058540 0.064720 0.010490 0.029920 
50
0.479817 0.014330 0.046210 
0.462778 0.970721 0.462022 
0.057405 0.014950 0.491768 
0.087266 0.005930 0.113383 0.091620 0.022586 
0.066199 0.020798 0.027218 0.077307 0.046605 
0.012837 0.071513 0.034229 0.053863 0.044398 
0.113356 0.045318 0.032953 0.009284 0.023336 
0.087130 0.033470 0.046870 0.049530 0.039770 
0.088610 0.033620 0.036890 0.080480 0.085360 
0.014750 0.040430 0.050680 0.038260 0.040900 
0.069580 0.058540 0.064720 0.010490 0.029920 
51
0.479817 0.014330 0.046210 
0.462778 0.970721 0.462022 
0.057405 0.014950 0.491768 
0.077388 0.004383 0.120915 0.200776 0.020484 
0.042927 0.018090 0.027058 0.066995 0.048174 
0.013692 0.038401 0.025359 0.064658 0.061924 
0.051064 0.038228 0.048335 0.008855 0.022293 
0.087130 0.033470 0.046870 0.049530 0.039770 
0.088610 0.033620 0.036890 0.080480 0.085360 
0.014750 0.040430 0.050680 0.038260 0.040900 
0.069580 0.058540 0.064720 0.010490 0.029920 
52
0.479817 0.014330 0.046210 
0.462778 0.970721 0.462022 
0.057405 0.014950 0.491768 
0.126829 0.013525 0.023347 0.025203 0.043914 
0.039248 0.015611 0.093283 0.026835 0.206500 
0.028266 0.020361 0.021471 0.021100 0.027872 
0.033055 0.052127 0.137223 0.012025 0.032204 
0.087130 0.033470 0.046870 0.049530 0.039770 
0.088610 0.033620 0.036890 0.080480 0.085360 
0.014750 0.040430 0.050680 0.038260 0.040900 
0.069580 0.058540 0.064720 0.010490 0.029920 
53
0.479817 0.014330 0.046210 
0.462778 0.970721 0.462022 
0.057405 0.014950 0.491768 
0.050811 0.010521 0.014383 0.017827 0.373163 
0.026269 0.012421 0.082466 0.015491 0.099232 
0.022385 0.014542 0.014351 0.014254 0.014547 
0.024715 0.028081 0.069686 0.022758 0.072098 
0.087130 0.033470 0.046870 0.049530 0.039770 
0.088610 0.033620 0.036890 0.080480 0.085360 
0.014750 0.040430 0.050680 0.038260 0.040900 
0.069580 0.058540 0.064720 0.010490 0.029920 
54
0.479817 0.014330 0.046210 
0.462778 0.970721 0.462022 
0.057405 0.036034 0.470123 
0.055309 0.005236 0.037591 0.035085 0.019208 
0.046125 0.012828 0.026021 0.042259 0.042208 
0.008135 0.029672 0.412795 0.024121 0.030077 
0.070546 0.038764 0.038302 0.006840 0.018877 
0.087127 0.033469 0.046868 0.049528 0.039771 
0.088607 0.033619 0.036889 0.080477 0.085357 
0.014749 0.040428 0.050678 0.038259 0.040898 
0.069577 0.058538 0.064718 0.010490 0.029954 
55
0.479817 0.052532 0.044176 
0.462778 0.911434 0.485701 
0.048946 0.015543 0.491768 
0.105637 0.004604 0.116729 0.197551 0.020598 
0.047862 0.020100 0.025931 0.065403 0.046359 
0.012959 0.040358 0.042699 0.051482 0.045477 
0.053683 0.038641 0.033128 0.008692 0.022104 
0.087130 0.033470 0.046870 0.049530 0.039770 
0.088610 0.033620 0.036890 0.080480 0.085360 
0.014750 0.040430 0.050680 0.038260 0.040900 
0.069580 0.058540 0.064720 0.010490 0.029920 
56
0.554751 0.018614 0.046210 
0.396303 0.965842 0.462022 
0.048363 0.015594 0.491768 
0.082126 0.007085 0.067787 0.128458 0.030920 
0.050499 0.022063 0.065857 0.059185 0.068747 
0.019379 0.039785 0.031769 0.039321 0.062111 
0.073766 0.044109 0.061261 0.013280 0.032491 
0.087130 0.033470 0.046870 0.049530 0.039770 
0.088610 0.033620 0.036890 0.080480 0.085360 
0.014750 0.040430 0.050680 0.038260 0.040900 
0.069580 0.058540 0.064720 0.010490 0.029920 
57
0.417855 0.044248 0.046210 
0.533782 0.940158 0.462022 
0.050213 0.015438 0.491768 
0.085392 0.012544 0.028609 0.031003 0.053014 
0.051790 0.021822 0.081825 0.032427 0.150476 
0.085418 0.026285 0.019439 0.024677 0.039063 
0.032584 0.036934 0.097178 0.045762 0.043757 
0.087130 0.033470 0.046870 0.049530 0.039770 
0.088610 0.033620 0.036890 0.080480 0.085360 
0.014750 0.040430 0.050680 0.038260 0.040900 
0.069580 0.058540 0.064720 0.010490 0.029920 
58
0.530852 0.015717 0.046210 
0.418935 0.968845 0.462022 
0.050752 0.015396 0.491768 
0.084353 0.007101 0.059775 0.076092 0.025990 
0.059422 0.019347 0.030289 0.066355 0.044971 
0.013168 0.049383 0.036224 0.036199 0.038906 
0.171137 0.106006 0.040860 0.009392 0.025032 
0.087130 0.033470 0.046870 0.049530 0.039770 
0.088610 0.033620 0.036890 0.080480 0.085360 
0.014750 0.040430 0.050680 0.038260 0.040900 
0.069580 0.058540 0.064720 0.010490 0.029920 
59
0.427763 0.014758 0.046210 
0.521486 0.969847 0.462022 
0.057175 0.014963 0.491768 
0.068354 0.006018 0.043554 0.039890 0.019125 
0.367784 0.016346 0.027974 0.060107 0.036487 
0.013614 0.043601 0.027572 0.028149 0.051292 
0.051540 0.038264 0.030154 0.008334 0.021837 
0.087130 0.033470 0.046870 0.049530 0.039770 
0.088610 0.033620 0.036890 0.080480 0.085360 
0.014750 0.040430 0.050680 0.038260 0.040900 
0.069580 0.058540 0.064720 0.010490 0.029920 
60
0.477895 0.035446 0.046210 
0.464930 0.949591 0.462022 
0.052406 0.015272 0.491768 
0.138847 0.009334 0.052845 0.066056 0.037130 
0.062688 0.032328 0.047963 0.057225 0.075510 
0.020952 0.042285 0.031946 0.037700 0.056535 
0.073074 0.052879 0.054899 0.013593 0.036210 
0.087130 0.033470 0.046870 0.049530 0.039770 
0.088610 0.033620 0.036890 0.080480 0.085360 
0.014750 0.040430 0.050680 0.038260 0.040900 
0.069580 0.058540 0.064720 0.010490 0.029920 
61
0.525113 0.014639 0.046210 
0.422480 0.970090 0.462022 
0.052406 0.015272 0.491768 
0.087265 0.010189 0.045920 0.052124 0.054763 
0.083582 0.026419 0.066184 0.054252 0.094715 
0.033301 0.038726 0.030107 0.048321 0.056727 
0.043634 0.040889 0.071434 0.017812 0.043637 
0.087130 0.033470 0.046870 0.049530 0.039770 
0.088610 0.033620 0.036890 0.080480 0.085360 
0.014750 0.040430 0.050680 0.038260 0.040900 
0.069580 0.058540 0.064720 0.010490 0.029920 
62
0.525113 0.015094 0.046210 
0.422480 0.969635 0.462022 
0.052310 0.015278 0.491768 
0.063989 0.006404 0.123590 0.044796 0.020785 
0.289526 0.018271 0.025618 0.042035 0.037039 
0.012737 0.052686 0.029252 0.028512 0.049421 
0.056931 0.037329 0.029508 0.008981 0.022589 
0.087130 0.033470 0.046870 0.049530 0.039770 
0.088610 0.033620 0.036890 0.080480 0.085360 
0.014750 0.040430 0.050680 0.038260 0.040900 
0.069580 0.058540 0.064720 0.010490 0.029920 
63
0.437232 0.014645 0.046210 
0.510458 0.970076 0.462022 
0.057405 0.014950 0.491768 
0.059097 0.013163 0.012142 0.012530 0.041308 
0.024363 0.009277 0.271392 0.015281 0.111195 
0.023545 0.011306 0.014864 0.011429 0.014950 
0.020852 0.031941 0.267890 0.008764 0.024708 
0.087130 0.033470 0.046870 0.049530 0.039770 
0.088610 0.033620 0.036890 0.080480 0.085360 
0.014750 0.040430 0.050680 0.038260 0.040900 
0.069580 0.058540 0.064720 0.010490 0.029920 
64
0.479817 0.014776 0.046210 
0.462778 0.970275 0.462022 
0.057290 0.014956 0.491768 
0.069217 0.017274 0.046740 0.036108 0.031804 
0.068202 0.028103 0.040317 0.044732 0.057807 
0.012520 0.046911 0.228196 0.025424 0.031826 
0.073427 0.047669 0.052789 0.011584 0.029350 
0.087130 0.033470 0.046870 0.049530 0.039770 
0.088610 0.033620 0.036890 0.080480 0.085360 
0.014750 0.040430 0.050680 0.038260 0.040900 
0.069580 0.058540 0.064720 0.010490 0.029920 
65
0.480865 0.014336 0.046210 
0.461846 0.970707 0.462022 
0.057290 0.014956 0.491768 
0.108224 0.013510 0.031909 0.031991 0.044492 
0.099537 0.020951 0.076822 0.031513 0.108103 
0.095290 0.028925 0.022580 0.025158 0.033647 
0.041320 0.053584 0.080244 0.014585 0.037616 
0.087130 0.033470 0.046870 0.049530 0.039770 
0.088610 0.033620 0.036890 0.080480 0.085360 
0.014750 0.040430 0.050680 0.038260 0.040900 
0.069580 0.058540 0.064720 0.010490 0.029920 
66
0.478851 0.014336 0.046210 
0.463859 0.970707 0.462022 
0.057405 0.014950 0.491768 
0.063519 0.004634 0.066309 0.328958 0.017224 
0.040635 0.017245 0.022306 0.058708 0.040083 
0.011816 0.034435 0.024790 0.044796 0.043265 
0.048623 0.073507 0.031954 0.007461 0.019732 
0.087130 0.033470 0.046870 0.049530 0.039770 
0.088610 0.033620 0.036890 0.080480 0.085360 
0.014750 0.040430 0.050680 0.038260 0.040900 
0.069580 0.058540 0.064720 0.010490 0.029920 
67
0.479817 0.014330 0.046210 
0.462778 0.970721 0.462022 
0.057405 0.014950 0.491768 
0.119936 0.007155 0.058612 0.071328 0.028227 
0.074457 0.019609 0.057778 0.096294 0.071668 
0.019967 0.038181 0.036826 0.039668 0.053402 
0.050394 0.063950 0.052572 0.011000 0.028975 
0.087130 0.033470 0.046870 0.049530 0.039770 
0.088610 0.033620 0.036890 0.080480 0.085360 
0.014750 0.040430 0.050680 0.038260 0.040900 
0.069580 0.058540 0.064720 0.010490 0.029920 
68
0.479817 0.014330 0.046210 
0.462778 0.970721 0.462022 
0.057405 0.014950 0.491768 
0.017086 0.004269 0.008584 0.010840 0.065451 
0.013232 0.010657 0.018766 0.010489 0.040755 
0.009498 0.008899 0.007877 0.007913 0.014105 
0.013840 0.012966 0.019562 0.647137 0.058072 
0.087130 0.033470 0.046870 0.049530 0.039770 
0.088610 0.033620 0.036890 0.080480 0.085360 
0.014750 0.040430 0.050680 0.038260 0.040900 
0.069580 0.058540 0.064720 0.010490 0.029920 
69
0.479817 0.014330 0.046210 
0.462778 0.970721 0.462022 
0.057405 0.014950 0.491768 
0.074469 0.005952 0.105118 0.195053 0.028610 
0.049685 0.021210 0.033749 0.053943 0.071558 
0.016833 0.037732 0.027686 0.045096 0.045172 
0.052843 0.039007 0.040755 0.025973 0.029558 
0.087130 0.033470 0.046870 0.049530 0.039770 
0.088610 0.033620 0.036890 0.080480 0.085360 
0.014750 0.040430 0.050680 0.038260 0.040900 
0.069580 0.058540 0.064720 0.010490 0.029920 
70
0.479817 0.014330 0.046210 
0.462778 0.970721 0.462022 
0.057405 0.014950 0.491768 
0.102524 0.007340 0.072351 0.056858 0.026154 
0.112732 0.019774 0.038403 0.083105 0.056209 
0.016475 0.046991 0.039023 0.036264 0.043028 
0.073930 0.087301 0.044632 0.010194 0.026713 
0.087130 0.033470 0.046870 0.049530 0.039770 
0.088610 0.033620 0.036890 0.080480 0.085360 
0.014750 0.040430 0.050680 0.038260 0.040900 
0.069580 0.058540 0.064720 0.010490 0.029920 
71
0.479817 0.014330 0.046210 
0.462778 0.970721 0.462022 
0.057405 0.014950 0.491768 
0.045270 0.008485 0.021462 0.024378 0.102383 
0.036459 0.022697 0.039307 0.020472 0.066472 
0.017410 0.022699 0.016361 0.017894 0.024342 
0.031885 0.028841 0.049420 0.154881 0.248883 
0.087130 0.033470 0.046870 0.049530 0.039770 
0.088610 0.033620 0.036890 0.080480 0.085360 
0.014750 0.040430 0.050680 0.038260 0.040900 
0.069580 0.058540 0.064720 0.010490 0.029920 
72
0.479817 0.014330 0.046210 
0.462778 0.970721 0.462022 
0.057405 0.014950 0.491768 
0.052978 0.004415 0.378787 0.089381 0.014812 
0.045957 0.016178 0.018859 0.048897 0.032003 
0.009599 0.055369 0.024876 0.035437 0.034997 
0.048767 0.038640 0.027208 0.006001 0.016839 
0.087130 0.033470 0.046870 0.049530 0.039770 
0.088610 0.033620 0.036890 0.080480 0.085360 
0.014750 0.040430 0.050680 0.038260 0.040900 
0.069580 0.058540 0.064720 0.010490 0.029920 
73
0.479817 0.014330 0.046210 
0.462778 0.970721 0.462022 
0.057405 0.014950 0.491768 
0.061305 0.003934 0.095717 0.369223 0.015207 
0.039858 0.015727 0.018450 0.056226 0.034898 
0.010422 0.032263 0.023469 0.046175 0.040306 
0.046577 0.038089 0.027707 0.006686 0.017759 
0.087130 0.033470 0.046870 0.049530 0.039770 
0.088610 0.033620 0.036890 0.080480 0.085360 
0.014750 0.040430 0.050680 0.038260 0.040900 
0.069580 0.058540 0.064720 0.010490 0.029920 
74
0.479817 0.014330 0.046210 
0.462778 0.970721 0.462022 
0.057405 0.014950 0.491768 
0.046530 0.004493 0.027335 0.032178 0.009327 
0.029552 0.009755 0.015498 0.029418 0.026885 
0.005534 0.017581 0.606769 0.016938 0.021305 
0.039166 0.025897 0.024104 0.002948 0.008787 
0.087130 0.033470 0.046870 0.049530 0.039770 
0.088610 0.033620 0.036890 0.080480 0.085360 
0.014750 0.040430 0.050680 0.038260 0.040900 
0.069580 0.058540 0.064720 0.010490 0.029920 
75
0.479817 0.014330 0.046210 
0.462778 0.970721 0.462022 
0.057405 0.014950 0.491768 
0.043740 0.008634 0.016383 0.019577 0.175050 
0.029454 0.021654 0.041813 0.017581 0.067951 
0.016965 0.017971 0.014108 0.016084 0.020378 
0.029111 0.028289 0.053854 0.027615 0.333787 
0.087130 0.033470 0.046870 0.049530 0.039770 
0.088610 0.033620 0.036890 0.080480 0.085360 
0.014750 0.040430 0.050680 0.038260 0.040900 
0.069580 0.058540 0.064720 0.010490 0.029920 
76
0.479817 0.014330 0.046210 
0.462778 0.970721 0.462022 
0.057405 0.014950 0.491768 
0.067632 0.004532 0.048283 0.063239 0.016181 
0.039745 0.018488 0.025655 0.285168 0.044588 
0.012969 0.037006 0.027080 0.043905 0.115708 
0.046218 0.041188 0.033918 0.007744 0.020753 
0.087130 0.033470 0.046870 0.049530 0.039770 
0.088610 0.033620 0.036890 0.080480 0.085360 
0.014750 0.040430 0.050680 0.038260 0.040900 
0.069580 0.058540 0.064720 0.010490 0.029920 
77
0.479817 0.014330 0.046210 
0.462778 0.970721 0.462022 
0.057405 0.014950 0.491768 
0.086236 0.012419 0.033755 0.033589 0.043327 
0.053613 0.020548 0.101370 0.035054 0.114502 
0.026970 0.029146 0.029599 0.046600 0.034909 
0.044293 0.090827 0.113359 0.013384 0.036501 
0.087130 0.033470 0.046870 0.049530 0.039770 
0.088610 0.033620 0.036890 0.080480 0.085360 
0.014750 0.040430 0.050680 0.038260 0.040900 
0.069580 0.058540 0.064720 0.010490 0.029920 
78
0.479817 0.014330 0.046210 
0.462778 0.970721 0.462022 
0.057405 0.014950 0.491768 
0.059339 0.007722 0.041251 0.039521 0.020330 
0.043559 0.014865 0.029354 0.036189 0.035739 
0.011078 0.040318 0.027887 0.028076 0.027780 
0.219890 0.243078 0.044955 0.007226 0.021840 
0.087130 0.033470 0.046870 0.049530 0.039770 
0.088610 0.033620 0.036890 0.080480 0.085360 
0.014750 0.040430 0.050680 0.038260 0.040900 
0.069580 0.058540 0.064720 0.010490 0.029920 
79
0.479817 0.014330 0.046210 
0.462778 0.970721 0.462022 
0.057405 0.014950 0.491768 
0.049821 0.009018 0.018751 0.022478 0.117320 
0.031425 0.021502 0.046246 0.021248 0.074355 
0.020729 0.019849 0.015473 0.018237 0.023306 
0.031429 0.031061 0.058712 0.025002 0.344038 
0.087130 0.033470 0.046870 0.049530 0.039770 
0.088610 0.033620 0.036890 0.080480 0.085360 
0.014750 0.040430 0.050680 0.038260 0.040900 
0.069580 0.058540 0.064720 0.010490 0.029920 
80
0.479817 0.014330 0.046210 
0.462778 0.970721 0.462022 
0.057405 0.014950 0.491768 
0.062056 0.005453 0.056659 0.048331 0.020827 
0.049694 0.017300 0.028801 0.055728 0.046308 
0.011458 0.038243 0.235221 0.033797 0.125600 
0.050412 0.043292 0.039569 0.008611 0.022640 
0.087130 0.033470 0.046870 0.049530 0.039770 
0.088610 0.033620 0.036890 0.080480 0.085360 
0.014750 0.040430 0.050680 0.038260 0.040900 
0.069580 0.058540 0.064720 0.010490 0.029920 
81
0.479817 0.014330 0.046210 
0.462778 0.970721 0.462022 
0.057405 0.014950 0.491768 
0.071812 0.003978 0.101494 0.329503 0.016016 
0.040459 0.016202 0.019716 0.059459 0.037097 
0.011062 0.033867 0.023794 0.048999 0.042148 
0.049561 0.040401 0.028982 0.006986 0.018463 
0.087130 0.033470 0.046870 0.049530 0.039770 
0.088610 0.033620 0.036890 0.080480 0.085360 
0.014750 0.040430 0.050680 0.038260 0.040900 
0.069580 0.058540 0.064720 0.010490 0.029920 
82
0.479817 0.014330 0.046210 
0.462778 0.970721 0.462022 
0.057405 0.014950 0.491768 
0.025476 0.008261 0.013984 0.016001 0.099781 
0.016585 0.027126 0.026885 0.016773 0.051277 
0.012909 0.016056 0.011442 0.012050 0.017352 
0.020559 0.018748 0.029394 0.029589 0.529752 
0.087130 0.033470 0.046870 0.049530 0.039770 
0.088610 0.033620 0.036890 0.080480 0.085360 
0.014750 0.040430 0.050680 0.038260 0.040900 
0.069580 0.058540 0.064720 0.010490 0.029920 
83
0.479817 0.014330 0.046210 
0.462778 0.970721 0.462022 
0.057405 0.014950 0.491768 
0.064012 0.012088 0.017921 0.019653 0.038054 
0.029456 0.010859 0.106801 0.021317 0.101510 
0.022385 0.015827 0.017827 0.015805 0.019516 
0.027665 0.034252 0.388376 0.011588 0.025087 
0.087130 0.033470 0.046870 0.049530 0.039770 
0.088610 0.033620 0.036890 0.080480 0.085360 
