%  SAM: modelfromalign v3.5 (July 15, 2005) compiled 12/05/20_11:48:22
%  (c) 1992-2001 Regents of the University of California, Santa Cruz
%
%          Sequence Alignment and Modeling Software System
%         http://www.cse.ucsc.edu/research/compbio/sam.html
%
% ----------------- Citations (SAM, SAM-T2K, HMMs) --------------------
% R. Hughey, A. Krogh, Hidden Markov models for sequence analysis:
%  Extension and analysis of the basic method, CABIOS 12:95-107, 1996.
% K. Karplus, et al., What is the value added by human intervention in protein
%  structure prediction, Proteins: Stucture, Function, Genetics 45(S5):86--91, 2001.
% A. Krogh et al., Hidden Markov models in computational biology:
%  Applications to protein modeling, JMB 235:1501-1531, Feb 1994.
% ---------------------------------------------------------------------
%  trimmed-uniq   Host: gauntlet    Thu Feb 11 19:02:32 2021
%  dgpinheiro     Dir:  /data/GitHub/sfFinder/example/output/subfamily/TEST2/flowerpower/fp-workspace/iter2
% ---------------------------------------------------------------------
% Prior File:  Internal (Name: recode3.20comp) 
%   20 priors on 20 characters.
%  Alignment weights from internal calc.  Total (1.75) Max (0.01) Min (0.01)
%  Weights from alignment method 1 (karplus), b=0.500000, e=0.500000
MODEL --  Model from alignment file trimmed-uniq.a2m
alphabet protein
FREQAVE
0.000000 0.000000 0.000000 
0.000000 0.000000 0.000000 
0.000000 0.000000 0.000000 
0.073931 0.014952 0.058201 0.067179 0.051212 
0.060193 0.028502 0.051264 0.057774 0.084353 
0.026062 0.041362 0.044995 0.042529 0.052413 
0.059165 0.053570 0.060060 0.024641 0.047642 
0.073931 0.014952 0.058201 0.067179 0.051212 
0.060193 0.028502 0.051264 0.057774 0.084353 
0.026062 0.041362 0.044995 0.042529 0.052413 
0.059165 0.053570 0.060060 0.024641 0.047642 
Begin
0.000000 0.000000 0.000000 
0.000000 0.000000 0.000000 
0.000000 0.106907 0.762380 
0.000000 0.000000 0.000000 0.000000 0.000000 
0.000000 0.000000 0.000000 0.000000 0.000000 
0.000000 0.000000 0.000000 0.000000 0.000000 
0.000000 0.000000 0.000000 0.000000 0.000000 
0.087227 0.033417 0.046837 0.049478 0.039707 
0.088511 0.033570 0.036846 0.080636 0.085411 
0.014913 0.040466 0.050641 0.038263 0.040940 
0.069510 0.058589 0.064653 0.010473 0.029911 
1
0.000000 0.020124 0.082783 
0.000000 0.872969 0.154837 
0.039804 0.016569 0.491768 
0.079196 0.015334 0.050480 0.062565 0.043288 
0.060908 0.021353 0.066879 0.057880 0.099599 
0.026718 0.039757 0.044577 0.037956 0.049697 
0.060016 0.055646 0.078251 0.014640 0.035262 
0.087130 0.033470 0.046870 0.049530 0.039770 
0.088610 0.033620 0.036890 0.080480 0.085360 
0.014750 0.040430 0.050680 0.038260 0.040900 
0.069580 0.058540 0.064720 0.010490 0.029920 
2
0.639316 0.015883 0.046210 
0.320881 0.967548 0.462022 
0.039804 0.016569 0.491768 
0.076496 0.014794 0.057940 0.067401 0.036373 
0.075350 0.025716 0.054299 0.061724 0.082853 
0.021179 0.044564 0.050024 0.039911 0.058337 
0.062763 0.056243 0.066079 0.014447 0.033508 
0.087130 0.033470 0.046870 0.049530 0.039770 
0.088610 0.033620 0.036890 0.080480 0.085360 
0.014750 0.040430 0.050680 0.038260 0.040900 
0.069580 0.058540 0.064720 0.010490 0.029920 
3
0.639316 0.015883 0.046210 
0.320881 0.967548 0.462022 
0.039804 0.016569 0.491768 
0.076496 0.014794 0.057940 0.067401 0.036373 
0.075350 0.025716 0.054299 0.061724 0.082853 
0.021179 0.044564 0.050024 0.039911 0.058337 
0.062763 0.056243 0.066079 0.014447 0.033508 
0.087130 0.033470 0.046870 0.049530 0.039770 
0.088610 0.033620 0.036890 0.080480 0.085360 
0.014750 0.040430 0.050680 0.038260 0.040900 
0.069580 0.058540 0.064720 0.010490 0.029920 
4
0.639316 0.015883 0.046210 
0.320881 0.967548 0.462022 
0.039804 0.016569 0.491768 
0.082145 0.016885 0.058353 0.065764 0.035410 
0.087395 0.022184 0.051412 0.059649 0.081415 
0.020910 0.045001 0.051531 0.038652 0.050426 
0.064643 0.056856 0.064761 0.014102 0.032507 
0.087130 0.033470 0.046870 0.049530 0.039770 
0.088610 0.033620 0.036890 0.080480 0.085360 
0.014750 0.040430 0.050680 0.038260 0.040900 
0.069580 0.058540 0.064720 0.010490 0.029920 
5
0.639316 0.015883 0.046210 
0.320881 0.967548 0.462022 
0.039804 0.016569 0.491768 
0.080254 0.017546 0.058019 0.065370 0.037786 
0.078882 0.024945 0.053241 0.058972 0.082346 
0.020951 0.044507 0.050225 0.038298 0.050325 
0.067655 0.056859 0.066222 0.013946 0.033651 
0.087130 0.033470 0.046870 0.049530 0.039770 
0.088610 0.033620 0.036890 0.080480 0.085360 
0.014750 0.040430 0.050680 0.038260 0.040900 
0.069580 0.058540 0.064720 0.010490 0.029920 
6
0.639316 0.015883 0.046210 
0.320881 0.967548 0.462022 
0.039804 0.016569 0.491768 
0.078962 0.018244 0.052449 0.062201 0.041549 
0.067689 0.022936 0.064250 0.056601 0.094305 
0.022854 0.040606 0.048508 0.036956 0.048383 
0.060441 0.055334 0.079052 0.014319 0.034359 
0.087130 0.033470 0.046870 0.049530 0.039770 
0.088610 0.033620 0.036890 0.080480 0.085360 
0.014750 0.040430 0.050680 0.038260 0.040900 
0.069580 0.058540 0.064720 0.010490 0.029920 
7
0.639316 0.015883 0.046210 
0.320881 0.967548 0.462022 
0.039804 0.016569 0.491768 
0.085476 0.017578 0.056826 0.065459 0.039812 
0.079140 0.021470 0.050724 0.058968 0.087859 
0.022058 0.043400 0.050306 0.038346 0.050333 
0.063209 0.056614 0.064024 0.014267 0.034131 
0.087130 0.033470 0.046870 0.049530 0.039770 
0.088610 0.033620 0.036890 0.080480 0.085360 
0.014750 0.040430 0.050680 0.038260 0.040900 
0.069580 0.058540 0.064720 0.010490 0.029920 
8
0.639316 0.015883 0.046210 
0.320881 0.967548 0.462022 
0.039804 0.016569 0.491768 
0.082145 0.016885 0.058353 0.065764 0.035410 
0.087395 0.022184 0.051412 0.059649 0.081415 
0.020910 0.045001 0.051531 0.038652 0.050426 
0.064643 0.056856 0.064761 0.014102 0.032507 
0.087130 0.033470 0.046870 0.049530 0.039770 
0.088610 0.033620 0.036890 0.080480 0.085360 
0.014750 0.040430 0.050680 0.038260 0.040900 
0.069580 0.058540 0.064720 0.010490 0.029920 
9
0.639316 0.015883 0.046210 
0.320881 0.967548 0.462022 
0.039804 0.016569 0.491768 
0.080256 0.016772 0.057371 0.065217 0.037704 
0.076681 0.024362 0.055881 0.059404 0.084948 
0.021156 0.043894 0.055078 0.037157 0.049813 
0.063670 0.056758 0.068451 0.013020 0.032406 
0.087130 0.033470 0.046870 0.049530 0.039770 
0.088610 0.033620 0.036890 0.080480 0.085360 
0.014750 0.040430 0.050680 0.038260 0.040900 
0.069580 0.058540 0.064720 0.010490 0.029920 
10
0.639316 0.015883 0.046210 
0.320881 0.967548 0.462022 
0.039804 0.016569 0.491768 
0.082145 0.016885 0.058353 0.065764 0.035410 
0.087395 0.022184 0.051412 0.059649 0.081415 
0.020910 0.045001 0.051531 0.038652 0.050426 
0.064643 0.056856 0.064761 0.014102 0.032507 
0.087130 0.033470 0.046870 0.049530 0.039770 
0.088610 0.033620 0.036890 0.080480 0.085360 
0.014750 0.040430 0.050680 0.038260 0.040900 
0.069580 0.058540 0.064720 0.010490 0.029920 
11
0.639316 0.015883 0.046210 
0.320881 0.967548 0.462022 
0.039804 0.016569 0.491768 
0.082145 0.016885 0.058353 0.065764 0.035410 
0.087395 0.022184 0.051412 0.059649 0.081415 
0.020910 0.045001 0.051531 0.038652 0.050426 
0.064643 0.056856 0.064761 0.014102 0.032507 
0.087130 0.033470 0.046870 0.049530 0.039770 
0.088610 0.033620 0.036890 0.080480 0.085360 
0.014750 0.040430 0.050680 0.038260 0.040900 
0.069580 0.058540 0.064720 0.010490 0.029920 
12
0.639316 0.015883 0.046210 
0.320881 0.967548 0.462022 
0.039804 0.016569 0.491768 
0.076681 0.015667 0.051037 0.060030 0.049202 
0.065633 0.025126 0.065610 0.054679 0.098072 
0.023657 0.040378 0.046499 0.036273 0.047659 
0.059036 0.053734 0.076380 0.016907 0.037743 
0.087130 0.033470 0.046870 0.049530 0.039770 
0.088610 0.033620 0.036890 0.080480 0.085360 
0.014750 0.040430 0.050680 0.038260 0.040900 
0.069580 0.058540 0.064720 0.010490 0.029920 
13
0.639316 0.015883 0.046210 
0.320881 0.967548 0.462022 
0.039804 0.016569 0.491768 
0.082145 0.016885 0.058353 0.065764 0.035410 
0.087395 0.022184 0.051412 0.059649 0.081415 
0.020910 0.045001 0.051531 0.038652 0.050426 
0.064643 0.056856 0.064761 0.014102 0.032507 
0.087130 0.033470 0.046870 0.049530 0.039770 
0.088610 0.033620 0.036890 0.080480 0.085360 
0.014750 0.040430 0.050680 0.038260 0.040900 
0.069580 0.058540 0.064720 0.010490 0.029920 
14
0.639316 0.015883 0.046210 
0.320881 0.967548 0.462022 
0.039804 0.016569 0.491768 
0.080256 0.016772 0.057371 0.065217 0.037704 
0.076681 0.024362 0.055881 0.059404 0.084948 
0.021156 0.043894 0.055078 0.037157 0.049813 
0.063670 0.056758 0.068451 0.013020 0.032406 
0.087130 0.033470 0.046870 0.049530 0.039770 
0.088610 0.033620 0.036890 0.080480 0.085360 
0.014750 0.040430 0.050680 0.038260 0.040900 
0.069580 0.058540 0.064720 0.010490 0.029920 
15
0.639316 0.015883 0.046210 
0.320881 0.967548 0.462022 
0.039804 0.016569 0.491768 
0.076496 0.014794 0.057940 0.067401 0.036373 
0.075350 0.025716 0.054299 0.061724 0.082853 
0.021179 0.044564 0.050024 0.039911 0.058337 
0.062763 0.056243 0.066079 0.014447 0.033508 
0.087130 0.033470 0.046870 0.049530 0.039770 
0.088610 0.033620 0.036890 0.080480 0.085360 
0.014750 0.040430 0.050680 0.038260 0.040900 
0.069580 0.058540 0.064720 0.010490 0.029920 
16
0.636492 0.015883 0.046210 
0.323704 0.967548 0.462022 
0.039916 0.016553 0.491768 
0.081378 0.015154 0.059450 0.068693 0.034745 
0.073713 0.024073 0.051631 0.061787 0.079370 
0.020505 0.045276 0.062488 0.038974 0.051485 
0.065709 0.058109 0.065104 0.011634 0.030721 
0.087130 0.033470 0.046870 0.049530 0.039770 
0.088610 0.033620 0.036890 0.080480 0.085360 
0.014750 0.040430 0.050680 0.038260 0.040900 
0.069580 0.058540 0.064720 0.010490 0.029920 
17
0.638294 0.015867 0.046210 
0.321789 0.967581 0.462022 
0.039916 0.016553 0.491768 
0.100393 0.014278 0.047213 0.052086 0.046095 
0.069107 0.021787 0.067010 0.050078 0.095369 
0.024624 0.039468 0.035793 0.035628 0.043096 
0.056707 0.053450 0.082573 0.024178 0.041069 
0.087130 0.033470 0.046870 0.049530 0.039770 
0.088610 0.033620 0.036890 0.080480 0.085360 
0.014750 0.040430 0.050680 0.038260 0.040900 
0.069580 0.058540 0.064720 0.010490 0.029920 
18
0.638294 0.015867 0.046210 
0.321789 0.967581 0.462022 
0.039916 0.016553 0.491768 
0.102790 0.011861 0.055753 0.056911 0.038779 
0.094542 0.022371 0.056390 0.054243 0.081149 
0.021598 0.043319 0.037733 0.037798 0.045204 
0.060736 0.055075 0.072530 0.014616 0.036601 
0.087130 0.033470 0.046870 0.049530 0.039770 
0.088610 0.033620 0.036890 0.080480 0.085360 
0.014750 0.040430 0.050680 0.038260 0.040900 
0.069580 0.058540 0.064720 0.010490 0.029920 
19
0.633852 0.015867 0.046210 
0.326231 0.967581 0.462022 
0.040094 0.016527 0.491768 
0.084850 0.009497 0.080567 0.064919 0.031972 
0.077049 0.024256 0.044702 0.062512 0.065357 
0.018692 0.073368 0.039809 0.042654 0.050578 
0.065851 0.058261 0.058055 0.012938 0.034114 
0.087130 0.033470 0.046870 0.049530 0.039770 
0.088610 0.033620 0.036890 0.080480 0.085360 
0.014750 0.040430 0.050680 0.038260 0.040900 
0.069580 0.058540 0.064720 0.010490 0.029920 
20
0.586755 0.015842 0.046210 
0.373150 0.967631 0.462022 
0.042201 0.016243 0.491768 
0.089201 0.010986 0.053915 0.056370 0.040073 
0.068937 0.022284 0.060000 0.053661 0.082931 
0.029613 0.042907 0.035017 0.044958 0.045171 
0.060218 0.077081 0.074349 0.014413 0.037916 
0.087130 0.033470 0.046870 0.049530 0.039770 
0.088610 0.033620 0.036890 0.080480 0.085360 
0.014750 0.040430 0.050680 0.038260 0.040900 
0.069580 0.058540 0.064720 0.010490 0.029920 
21
0.598180 0.015570 0.046210 
0.359618 0.968187 0.462022 
0.043037 0.016141 0.491768 
0.085601 0.007028 0.059018 0.069091 0.026215 
0.060900 0.022865 0.040745 0.107306 0.062952 
0.018239 0.045897 0.036806 0.046924 0.109238 
0.056790 0.050849 0.050806 0.011879 0.030850 
0.087130 0.033470 0.046870 0.049530 0.039770 
0.088610 0.033620 0.036890 0.080480 0.085360 
0.014750 0.040430 0.050680 0.038260 0.040900 
0.069580 0.058540 0.064720 0.010490 0.029920 
22
0.608434 0.015472 0.046210 
0.348530 0.968387 0.462022 
0.043105 0.016133 0.491768 
0.089496 0.007340 0.067446 0.102646 0.028378 
0.063755 0.023012 0.039199 0.074847 0.061527 
0.017868 0.046899 0.040255 0.072146 0.053855 
0.060478 0.059625 0.048741 0.011710 0.030775 
0.087130 0.033470 0.046870 0.049530 0.039770 
0.088610 0.033620 0.036890 0.080480 0.085360 
0.014750 0.040430 0.050680 0.038260 0.040900 
0.069580 0.058540 0.064720 0.010490 0.029920 
23
0.609400 0.015464 0.046210 
0.347495 0.968403 0.462022 
0.043105 0.016133 0.491768 
0.174213 0.012019 0.045813 0.050592 0.036797 
0.064565 0.019347 0.058817 0.048634 0.084644 
0.022370 0.035917 0.031995 0.034380 0.040804 
0.055471 0.058868 0.079613 0.012327 0.032814 
0.087130 0.033470 0.046870 0.049530 0.039770 
0.088610 0.033620 0.036890 0.080480 0.085360 
0.014750 0.040430 0.050680 0.038260 0.040900 
0.069580 0.058540 0.064720 0.010490 0.029920 
24
0.604954 0.015464 0.046210 
0.351941 0.968403 0.462022 
0.043297 0.016110 0.491768 
0.119593 0.010551 0.054773 0.056169 0.034777 
0.073721 0.021445 0.051651 0.055208 0.070968 
0.022831 0.043664 0.036316 0.036885 0.043426 
0.085217 0.069106 0.066886 0.012652 0.034160 
0.087130 0.033470 0.046870 0.049530 0.039770 
0.088610 0.033620 0.036890 0.080480 0.085360 
0.014750 0.040430 0.050680 0.038260 0.040900 
0.069580 0.058540 0.064720 0.010490 0.029920 
25
0.587888 0.015442 0.046210 
0.368815 0.968448 0.462022 
0.044171 0.016010 0.491768 
0.083638 0.007810 0.058041 0.065529 0.029626 
0.064594 0.023245 0.049747 0.083211 0.068163 
0.020751 0.045793 0.041594 0.044544 0.102155 
0.056969 0.051197 0.056620 0.013177 0.033596 
0.087130 0.033470 0.046870 0.049530 0.039770 
0.088610 0.033620 0.036890 0.080480 0.085360 
0.014750 0.040430 0.050680 0.038260 0.040900 
0.069580 0.058540 0.064720 0.010490 0.029920 
26
0.599744 0.015346 0.046210 
0.356086 0.968644 0.462022 
0.044171 0.016010 0.491768 
0.080720 0.007929 0.059290 0.061424 0.029123 
0.070051 0.022409 0.044300 0.082867 0.062754 
0.017493 0.047878 0.103341 0.041404 0.054320 
0.061391 0.053762 0.056453 0.011945 0.031145 
0.087130 0.033470 0.046870 0.049530 0.039770 
0.088610 0.033620 0.036890 0.080480 0.085360 
0.014750 0.040430 0.050680 0.038260 0.040900 
0.069580 0.058540 0.064720 0.010490 0.029920 
27
0.560943 0.015346 0.046210 
0.394886 0.968644 0.462022 
0.045954 0.015821 0.491768 
0.083408 0.007569 0.058535 0.066158 0.028769 
0.063828 0.022266 0.046845 0.121231 0.072349 
0.026730 0.044721 0.036905 0.044352 0.069806 
0.055372 0.049747 0.056658 0.012474 0.032277 
0.087130 0.033470 0.046870 0.049530 0.039770 
0.088610 0.033620 0.036890 0.080480 0.085360 
0.014750 0.040430 0.050680 0.038260 0.040900 
0.069580 0.058540 0.064720 0.010490 0.029920 
28
0.581598 0.015165 0.046210 
0.372449 0.969014 0.462022 
0.046045 0.015812 0.491768 
0.085643 0.011568 0.041441 0.044777 0.043166 
0.054845 0.020515 0.069860 0.045131 0.183187 
0.025577 0.043636 0.031245 0.032117 0.039888 
0.046907 0.046331 0.082642 0.014921 0.036601 
0.087130 0.033470 0.046870 0.049530 0.039770 
0.088610 0.033620 0.036890 0.080480 0.085360 
0.014750 0.040430 0.050680 0.038260 0.040900 
0.069580 0.058540 0.064720 0.010490 0.029920 
29
0.544080 0.015157 0.046210 
0.409875 0.969032 0.462022 
0.047898 0.015636 0.491768 
0.103419 0.010298 0.058128 0.057649 0.032537 
0.091332 0.021851 0.044233 0.053159 0.063388 
0.018194 0.049461 0.037759 0.037464 0.043228 
0.114022 0.058835 0.059591 0.012404 0.033048 
0.087130 0.033470 0.046870 0.049530 0.039770 
0.088610 0.033620 0.036890 0.080480 0.085360 
0.014750 0.040430 0.050680 0.038260 0.040900 
0.069580 0.058540 0.064720 0.010490 0.029920 
30
0.482612 0.014988 0.046210 
0.469491 0.969377 0.462022 
0.052253 0.015283 0.491768 
0.078635 0.005583 0.045788 0.060164 0.023850 
0.042481 0.019122 0.042272 0.105536 0.113194 
0.019303 0.034772 0.027998 0.042554 0.167846 
0.043610 0.039878 0.048271 0.010967 0.028174 
0.087130 0.033470 0.046870 0.049530 0.039770 
0.088610 0.033620 0.036890 0.080480 0.085360 
0.014750 0.040430 0.050680 0.038260 0.040900 
0.069580 0.058540 0.064720 0.010490 0.029920 
31
0.526500 0.014649 0.046210 
0.421247 0.970068 0.462022 
0.052253 0.015283 0.491768 
0.072392 0.004076 0.082552 0.246240 0.016274 
0.041568 0.017714 0.022700 0.126079 0.041369 
0.012020 0.037520 0.025861 0.050136 0.050664 
0.053881 0.040879 0.031139 0.007356 0.019580 
0.087130 0.033470 0.046870 0.049530 0.039770 
0.088610 0.033620 0.036890 0.080480 0.085360 
0.014750 0.040430 0.050680 0.038260 0.040900 
0.069580 0.058540 0.064720 0.010490 0.029920 
32
0.526500 0.014649 0.046210 
0.421247 0.970068 0.462022 
0.052253 0.015283 0.491768 
0.080867 0.004351 0.079196 0.108666 0.017318 
0.043659 0.018642 0.028472 0.197723 0.049360 
0.013724 0.042657 0.028570 0.048388 0.081362 
0.050058 0.042758 0.035009 0.007954 0.021264 
0.087130 0.033470 0.046870 0.049530 0.039770 
0.088610 0.033620 0.036890 0.080480 0.085360 
0.014750 0.040430 0.050680 0.038260 0.040900 
0.069580 0.058540 0.064720 0.010490 0.029920 
33
0.526500 0.014649 0.046210 
0.421247 0.970068 0.462022 
0.052253 0.015283 0.491768 
0.061372 0.007010 0.038500 0.046358 0.045145 
0.045661 0.022322 0.037509 0.093732 0.058301 
0.016891 0.033883 0.026382 0.033472 0.050487 
0.043428 0.041364 0.047397 0.016474 0.234314 
0.087130 0.033470 0.046870 0.049530 0.039770 
0.088610 0.033620 0.036890 0.080480 0.085360 
0.014750 0.040430 0.050680 0.038260 0.040900 
0.069580 0.058540 0.064720 0.010490 0.029920 
34
0.526500 0.014649 0.046210 
0.421247 0.970068 0.462022 
0.052253 0.015761 0.491266 
0.174967 0.010650 0.041729 0.047479 0.036870 
0.059413 0.023736 0.052735 0.048439 0.079887 
0.022564 0.034631 0.028957 0.039474 0.051955 
0.050618 0.045150 0.063734 0.013558 0.073454 
0.087131 0.033470 0.046870 0.049530 0.039770 
0.088610 0.033620 0.036890 0.080480 0.085360 
0.014750 0.040430 0.050680 0.038260 0.040900 
0.069580 0.058540 0.064720 0.010490 0.029920 
35
0.526500 0.014649 0.046163 
0.421247 0.969590 0.462570 
0.052253 0.033959 0.472902 
0.102688 0.009240 0.059732 0.052215 0.033560 
0.074919 0.033588 0.042770 0.055271 0.069304 
0.018438 0.055731 0.037858 0.034949 0.044897 
0.106790 0.071277 0.050348 0.013228 0.033197 
0.087127 0.033486 0.046868 0.049528 0.039769 
0.088607 0.033619 0.036891 0.080477 0.085363 
0.014750 0.040429 0.050678 0.038259 0.040899 
0.069578 0.058538 0.064726 0.010490 0.029919 
36
0.436757 0.014649 0.044438 
0.510989 0.951392 0.482661 
0.057405 0.014950 0.491768 
0.054024 0.010149 0.011941 0.013894 0.049469 
0.020307 0.009283 0.074507 0.014783 0.280267 
0.253469 0.011699 0.011407 0.016316 0.015457 
0.017598 0.025698 0.077117 0.009524 0.023089 
0.087130 0.033470 0.046870 0.049530 0.039770 
0.088610 0.033620 0.036890 0.080480 0.085360 
0.014750 0.040430 0.050680 0.038260 0.040900 
0.069580 0.058540 0.064720 0.010490 0.029920 
37
0.479817 0.014330 0.046210 
0.462778 0.970721 0.462022 
0.057405 0.015848 0.490805 
0.050382 0.006415 0.030022 0.033553 0.019346 
0.029852 0.012357 0.031892 0.034436 0.046880 
0.019517 0.028315 0.020112 0.024949 0.026997 
0.065410 0.452495 0.042595 0.006380 0.018094 
0.087130 0.033470 0.046870 0.049530 0.039770 
0.088610 0.033620 0.036890 0.080480 0.085360 
0.014750 0.040430 0.050680 0.038260 0.040900 
0.069580 0.058542 0.064720 0.010490 0.029920 
38
0.479817 0.014330 0.046120 
0.462778 0.969822 0.463075 
0.057405 0.014950 0.491768 
0.040158 0.004150 0.031870 0.036589 0.012854 
0.033884 0.013372 0.017527 0.040071 0.030851 
0.008718 0.025263 0.020547 0.025779 0.551134 
0.031461 0.029804 0.025012 0.005737 0.015220 
0.087130 0.033470 0.046870 0.049530 0.039770 
0.088610 0.033620 0.036890 0.080480 0.085360 
0.014750 0.040430 0.050680 0.038260 0.040900 
0.069580 0.058540 0.064720 0.010490 0.029920 
39
0.479817 0.014330 0.046210 
0.462778 0.970721 0.462022 
0.057405 0.014950 0.491768 
0.043529 0.004317 0.345533 0.050459 0.012881 
0.209031 0.013827 0.014644 0.034884 0.024412 
0.007484 0.051210 0.022371 0.024271 0.025788 
0.044064 0.030707 0.020834 0.005280 0.014474 
0.087130 0.033470 0.046870 0.049530 0.039770 
0.088610 0.033620 0.036890 0.080480 0.085360 
0.014750 0.040430 0.050680 0.038260 0.040900 
0.069580 0.058540 0.064720 0.010490 0.029920 
40
0.479817 0.014330 0.046210 
0.462778 0.970721 0.462022 
0.057405 0.014950 0.491768 
0.042634 0.008478 0.011765 0.013406 0.033054 
0.018200 0.007762 0.062239 0.014083 0.585358 
0.022553 0.010977 0.011808 0.011540 0.013524 
0.016287 0.023435 0.066111 0.007892 0.018895 
0.087130 0.033470 0.046870 0.049530 0.039770 
0.088610 0.033620 0.036890 0.080480 0.085360 
0.014750 0.040430 0.050680 0.038260 0.040900 
0.069580 0.058540 0.064720 0.010490 0.029920 
41
0.479817 0.014330 0.046210 
0.462778 0.970721 0.462022 
0.057405 0.014950 0.491768 
0.124035 0.006413 0.078169 0.034457 0.017705 
0.360256 0.015837 0.023243 0.034070 0.033771 
0.012124 0.045570 0.024299 0.022606 0.025633 
0.055788 0.032739 0.026340 0.007516 0.019426 
0.087130 0.033470 0.046870 0.049530 0.039770 
0.088610 0.033620 0.036890 0.080480 0.085360 
0.014750 0.040430 0.050680 0.038260 0.040900 
0.069580 0.058540 0.064720 0.010490 0.029920 
42
0.479817 0.014330 0.046210 
0.462778 0.970721 0.462022 
0.057405 0.014950 0.491768 
0.018871 0.005603 0.008618 0.011175 0.037341 
0.017069 0.006279 0.019292 0.009527 0.047008 
0.011247 0.007303 0.007912 0.006354 0.014007 
0.011903 0.010738 0.024799 0.693198 0.031754 
0.087130 0.033470 0.046870 0.049530 0.039770 
0.088610 0.033620 0.036890 0.080480 0.085360 
0.014750 0.040430 0.050680 0.038260 0.040900 
0.069580 0.058540 0.064720 0.010490 0.029920 
43
0.479817 0.014330 0.046210 
0.462778 0.970721 0.462022 
0.057405 0.014950 0.491768 
0.061101 0.002217 0.162972 0.359095 0.012308 
0.032055 0.011691 0.013081 0.052877 0.028225 
0.008601 0.028636 0.017804 0.060322 0.031967 
0.045070 0.032437 0.021197 0.004943 0.013399 
0.087130 0.033470 0.046870 0.049530 0.039770 
0.088610 0.033620 0.036890 0.080480 0.085360 
0.014750 0.040430 0.050680 0.038260 0.040900 
0.069580 0.058540 0.064720 0.010490 0.029920 
44
0.479817 0.014330 0.046210 
0.462778 0.970721 0.462022 
0.057405 0.014950 0.491768 
0.046480 0.005980 0.032860 0.034195 0.020715 
0.034146 0.012734 0.025435 0.034111 0.034130 
0.009901 0.030698 0.066309 0.024825 0.026475 
0.075038 0.425075 0.037154 0.006004 0.017735 
0.087130 0.033470 0.046870 0.049530 0.039770 
0.088610 0.033620 0.036890 0.080480 0.085360 
0.014750 0.040430 0.050680 0.038260 0.040900 
0.069580 0.058540 0.064720 0.010490 0.029920 
45
0.479817 0.014330 0.046210 
0.462778 0.970721 0.462022 
0.057405 0.014950 0.491768 
0.047208 0.006545 0.034831 0.033198 0.015911 
0.032648 0.011894 0.024516 0.030384 0.025983 
0.008527 0.035838 0.023003 0.024245 0.022195 
0.211286 0.349055 0.039427 0.005466 0.017840 
0.087130 0.033470 0.046870 0.049530 0.039770 
0.088610 0.033620 0.036890 0.080480 0.085360 
0.014750 0.040430 0.050680 0.038260 0.040900 
0.069580 0.058540 0.064720 0.010490 0.029920 
46
0.479817 0.014330 0.046210 
0.462778 0.970721 0.462022 
0.057405 0.014950 0.491768 
0.030169 0.005439 0.016599 0.017346 0.056987 
0.025649 0.014793 0.025405 0.017467 0.042107 
0.010243 0.014486 0.013426 0.013319 0.017652 
0.022337 0.021466 0.033872 0.014074 0.587165 
0.087130 0.033470 0.046870 0.049530 0.039770 
0.088610 0.033620 0.036890 0.080480 0.085360 
0.014750 0.040430 0.050680 0.038260 0.040900 
0.069580 0.058540 0.064720 0.010490 0.029920 
47
0.479817 0.014330 0.046210 
0.462778 0.970721 0.462022 
0.057405 0.014950 0.491768 
0.066696 0.003505 0.058353 0.191627 0.013062 
0.033002 0.015218 0.017413 0.059314 0.032739 
0.009801 0.030632 0.020993 0.271789 0.048479 
0.042497 0.035735 0.027067 0.005988 0.016089 
0.087130 0.033470 0.046870 0.049530 0.039770 
0.088610 0.033620 0.036890 0.080480 0.085360 
0.014750 0.040430 0.050680 0.038260 0.040900 
0.069580 0.058540 0.064720 0.010490 0.029920 
48
0.479817 0.014330 0.046210 
0.462778 0.970721 0.462022 
0.057405 0.014950 0.491768 
0.073528 0.004410 0.043818 0.036071 0.020420 
0.042295 0.011109 0.029768 0.069416 0.047665 
0.006906 0.031443 0.344790 0.025465 0.031603 
0.064504 0.047256 0.043958 0.006628 0.018947 
0.087130 0.033470 0.046870 0.049530 0.039770 
0.088610 0.033620 0.036890 0.080480 0.085360 
0.014750 0.040430 0.050680 0.038260 0.040900 
0.069580 0.058540 0.064720 0.010490 0.029920 
49
0.479817 0.014330 0.046210 
0.462778 0.970721 0.462022 
0.057405 0.014950 0.491768 
0.053520 0.005262 0.036244 0.061369 0.017597 
0.034642 0.016673 0.027115 0.072549 0.044970 
0.349113 0.030342 0.021643 0.033412 0.054407 
0.037698 0.037342 0.038818 0.007518 0.019767 
0.087130 0.033470 0.046870 0.049530 0.039770 
0.088610 0.033620 0.036890 0.080480 0.085360 
0.014750 0.040430 0.050680 0.038260 0.040900 
0.069580 0.058540 0.064720 0.010490 0.029920 
50
0.479817 0.014330 0.046210 
0.462778 0.970721 0.462022 
0.057405 0.014950 0.491768 
0.048876 0.003239 0.386103 0.105982 0.011708 
0.038752 0.014033 0.016080 0.051421 0.026505 
0.008312 0.066332 0.020656 0.037508 0.030522 
0.057615 0.035986 0.022938 0.004267 0.013167 
0.087130 0.033470 0.046870 0.049530 0.039770 
0.088610 0.033620 0.036890 0.080480 0.085360 
0.014750 0.040430 0.050680 0.038260 0.040900 
0.069580 0.058540 0.064720 0.010490 0.029920 
51
0.479817 0.014330 0.046210 
0.462778 0.970721 0.462022 
0.057405 0.014950 0.491768 
0.090985 0.003274 0.102879 0.102683 0.012746 
0.035203 0.016097 0.020564 0.263305 0.037757 
0.010082 0.035002 0.022773 0.052494 0.052711 
0.045928 0.047172 0.026569 0.005816 0.015959 
0.087130 0.033470 0.046870 0.049530 0.039770 
0.088610 0.033620 0.036890 0.080480 0.085360 
0.014750 0.040430 0.050680 0.038260 0.040900 
0.069580 0.058540 0.064720 0.010490 0.029920 
52
0.479817 0.014330 0.046210 
0.462778 0.970721 0.462022 
0.057405 0.014950 0.491768 
0.055195 0.012106 0.009089 0.009428 0.036294 
0.017314 0.007124 0.173280 0.011788 0.101077 
0.020013 0.008642 0.012155 0.008735 0.011062 
0.017760 0.028181 0.433136 0.007096 0.020524 
0.087130 0.033470 0.046870 0.049530 0.039770 
0.088610 0.033620 0.036890 0.080480 0.085360 
0.014750 0.040430 0.050680 0.038260 0.040900 
0.069580 0.058540 0.064720 0.010490 0.029920 
53
0.479817 0.014330 0.046210 
0.462778 0.970721 0.462022 
0.057405 0.014950 0.491768 
0.031801 0.007934 0.008773 0.013706 0.535131 
0.016089 0.008531 0.041744 0.011186 0.070104 
0.014843 0.008627 0.009871 0.010356 0.008205 
0.018244 0.019981 0.044294 0.027129 0.093451 
0.087130 0.033470 0.046870 0.049530 0.039770 
0.088610 0.033620 0.036890 0.080480 0.085360 
0.014750 0.040430 0.050680 0.038260 0.040900 
0.069580 0.058540 0.064720 0.010490 0.029920 
54
0.479817 0.014330 0.046210 
0.462778 0.970721 0.462022 
0.057405 0.036034 0.470123 
0.039739 0.003988 0.028793 0.025880 0.014184 
0.036876 0.009897 0.018589 0.035069 0.031212 
0.005772 0.021332 0.581279 0.017452 0.022391 
0.033020 0.027533 0.027798 0.005100 0.014098 
0.087127 0.033469 0.046868 0.049528 0.039771 
0.088607 0.033619 0.036889 0.080477 0.085357 
0.014749 0.040428 0.050678 0.038259 0.040898 
0.069577 0.058538 0.064718 0.010490 0.029954 
55
0.479817 0.052532 0.044176 
0.462778 0.911434 0.485701 
0.048946 0.015543 0.491768 
0.082939 0.008563 0.061628 0.074425 0.034228 
0.064749 0.058253 0.043239 0.063143 0.067401 
0.019642 0.048690 0.033650 0.075453 0.051853 
0.058834 0.050314 0.051757 0.013906 0.037332 
0.087130 0.033470 0.046870 0.049530 0.039770 
0.088610 0.033620 0.036890 0.080480 0.085360 
0.014750 0.040430 0.050680 0.038260 0.040900 
0.069580 0.058540 0.064720 0.010490 0.029920 
56
0.554751 0.018614 0.046210 
0.396303 0.965842 0.462022 
0.048363 0.015594 0.491768 
0.079869 0.007813 0.137785 0.086082 0.028274 
0.068652 0.023075 0.037872 0.062319 0.058546 
0.017016 0.052353 0.036962 0.043811 0.049186 
0.063223 0.053122 0.048567 0.011675 0.033799 
0.087130 0.033470 0.046870 0.049530 0.039770 
0.088610 0.033620 0.036890 0.080480 0.085360 
0.014750 0.040430 0.050680 0.038260 0.040900 
0.069580 0.058540 0.064720 0.010490 0.029920 
57
0.417855 0.044248 0.046210 
0.533782 0.940158 0.462022 
0.050213 0.015438 0.491768 
0.042335 0.008497 0.016122 0.019158 0.196346 
0.029934 0.023684 0.041490 0.016585 0.063954 
0.016622 0.018663 0.013495 0.016025 0.022280 
0.029413 0.031648 0.052145 0.028566 0.313038 
0.087130 0.033470 0.046870 0.049530 0.039770 
0.088610 0.033620 0.036890 0.080480 0.085360 
0.014750 0.040430 0.050680 0.038260 0.040900 
0.069580 0.058540 0.064720 0.010490 0.029920 
58
0.530852 0.015717 0.046210 
0.418935 0.968845 0.462022 
0.050752 0.015396 0.491768 
0.080768 0.004519 0.318804 0.081632 0.018004 
0.046160 0.015895 0.025411 0.047450 0.033690 
0.010089 0.068827 0.023978 0.034601 0.031927 
0.056281 0.051204 0.028542 0.005735 0.016483 
0.087130 0.033470 0.046870 0.049530 0.039770 
0.088610 0.033620 0.036890 0.080480 0.085360 
0.014750 0.040430 0.050680 0.038260 0.040900 
0.069580 0.058540 0.064720 0.010490 0.029920 
59
0.427763 0.014758 0.046210 
0.521486 0.969847 0.462022 
0.057175 0.014963 0.491768 
0.094222 0.003604 0.063660 0.085836 0.015768 
0.042859 0.016665 0.028425 0.206631 0.049420 
0.012855 0.039240 0.025444 0.062417 0.076065 
0.051490 0.064785 0.032553 0.007044 0.021017 
0.087130 0.033470 0.046870 0.049530 0.039770 
0.088610 0.033620 0.036890 0.080480 0.085360 
0.014750 0.040430 0.050680 0.038260 0.040900 
0.069580 0.058540 0.064720 0.010490 0.029920 
60
0.477895 0.035446 0.046210 
0.464930 0.949591 0.462022 
0.052406 0.015272 0.491768 
0.031208 0.007523 0.010008 0.016505 0.310779 
0.019494 0.017890 0.032233 0.012367 0.057999 
0.013234 0.012062 0.009819 0.012345 0.013557 
0.023090 0.022347 0.041997 0.031694 0.303849 
0.087130 0.033470 0.046870 0.049530 0.039770 
0.088610 0.033620 0.036890 0.080480 0.085360 
0.014750 0.040430 0.050680 0.038260 0.040900 
0.069580 0.058540 0.064720 0.010490 0.029920 
61
0.525113 0.014639 0.046210 
0.422480 0.970090 0.462022 
0.052406 0.015272 0.491768 
0.045188 0.003494 0.052272 0.527395 0.012191 
0.037653 0.012650 0.014894 0.041739 0.027760 
0.008148 0.024710 0.019692 0.033720 0.031002 
0.035297 0.030039 0.022624 0.005311 0.014222 
0.087130 0.033470 0.046870 0.049530 0.039770 
0.088610 0.033620 0.036890 0.080480 0.085360 
0.014750 0.040430 0.050680 0.038260 0.040900 
0.069580 0.058540 0.064720 0.010490 0.029920 
62
0.525113 0.015094 0.046210 
0.422480 0.969635 0.462022 
0.052310 0.015278 0.491768 
0.041861 0.003969 0.027207 0.018427 0.009803 
0.689484 0.008675 0.011353 0.018599 0.017714 
0.005693 0.022078 0.018310 0.011442 0.015905 
0.029142 0.019671 0.014719 0.004285 0.011665 
0.087130 0.033470 0.046870 0.049530 0.039770 
0.088610 0.033620 0.036890 0.080480 0.085360 
0.014750 0.040430 0.050680 0.038260 0.040900 
0.069580 0.058540 0.064720 0.010490 0.029920 
63
0.437232 0.014645 0.046210 
0.510458 0.970076 0.462022 
0.057405 0.014950 0.491768 
0.044807 0.009790 0.010005 0.011568 0.035417 
0.016987 0.007352 0.491465 0.012966 0.113566 
0.022793 0.009809 0.011465 0.010477 0.012408 
0.016049 0.024330 0.111266 0.007784 0.019696 
0.087130 0.033470 0.046870 0.049530 0.039770 
0.088610 0.033620 0.036890 0.080480 0.085360 
0.014750 0.040430 0.050680 0.038260 0.040900 
0.069580 0.058540 0.064720 0.010490 0.029920 
64
0.479817 0.014776 0.046210 
0.462778 0.970275 0.462022 
0.057290 0.014956 0.491768 
0.072127 0.004189 0.041741 0.057429 0.018125 
0.033091 0.023701 0.044504 0.258888 0.056584 
0.015804 0.030135 0.024258 0.039347 0.100611 
0.038775 0.034785 0.074960 0.008477 0.022470 
0.087130 0.033470 0.046870 0.049530 0.039770 
0.088610 0.033620 0.036890 0.080480 0.085360 
0.014750 0.040430 0.050680 0.038260 0.040900 
0.069580 0.058540 0.064720 0.010490 0.029920 
65
0.480865 0.014336 0.046210 
0.461846 0.970707 0.462022 
0.057290 0.014956 0.491768 
0.046283 0.010338 0.009778 0.011062 0.036167 
0.017450 0.007373 0.462038 0.012654 0.106991 
0.022874 0.009579 0.011636 0.010136 0.012163 
0.016318 0.025235 0.143999 0.007780 0.020147 
0.087130 0.033470 0.046870 0.049530 0.039770 
0.088610 0.033620 0.036890 0.080480 0.085360 
0.014750 0.040430 0.050680 0.038260 0.040900 
0.069580 0.058540 0.064720 0.010490 0.029920 
66
0.478851 0.014336 0.046210 
0.463859 0.970707 0.462022 
0.057405 0.014950 0.491768 
0.049620 0.004784 0.043008 0.058845 0.016736 
0.036160 0.346877 0.020245 0.062345 0.035255 
0.010969 0.034197 0.023012 0.034544 0.048325 
0.041570 0.075837 0.028900 0.007920 0.020851 
0.087130 0.033470 0.046870 0.049530 0.039770 
0.088610 0.033620 0.036890 0.080480 0.085360 
0.014750 0.040430 0.050680 0.038260 0.040900 
0.069580 0.058540 0.064720 0.010490 0.029920 
67
0.479817 0.014330 0.046210 
0.462778 0.970721 0.462022 
0.057405 0.014950 0.491768 
0.036272 0.003441 0.553290 0.045748 0.010304 
0.037893 0.012123 0.013189 0.033841 0.021408 
0.006319 0.060422 0.019546 0.022436 0.024044 
0.035761 0.028559 0.019520 0.003974 0.011911 
0.087130 0.033470 0.046870 0.049530 0.039770 
0.088610 0.033620 0.036890 0.080480 0.085360 
0.014750 0.040430 0.050680 0.038260 0.040900 
0.069580 0.058540 0.064720 0.010490 0.029920 
68
0.479817 0.014330 0.046210 
0.462778 0.970721 0.462022 
0.057405 0.014950 0.491768 
0.017086 0.004269 0.008584 0.010840 0.065451 
0.013232 0.010657 0.018766 0.010489 0.040755 
0.009498 0.008899 0.007877 0.007913 0.014105 
0.013840 0.012966 0.019562 0.647137 0.058072 
0.087130 0.033470 0.046870 0.049530 0.039770 
0.088610 0.033620 0.036890 0.080480 0.085360 
0.014750 0.040430 0.050680 0.038260 0.040900 
0.069580 0.058540 0.064720 0.010490 0.029920 
69
0.479817 0.014330 0.046210 
0.462778 0.970721 0.462022 
0.057405 0.014950 0.491768 
0.045344 0.003525 0.377403 0.077743 0.011666 
0.044422 0.014414 0.016493 0.042618 0.024731 
0.007736 0.104462 0.021374 0.028759 0.026654 
0.077078 0.037047 0.022324 0.003770 0.012439 
0.087130 0.033470 0.046870 0.049530 0.039770 
0.088610 0.033620 0.036890 0.080480 0.085360 
0.014750 0.040430 0.050680 0.038260 0.040900 
0.069580 0.058540 0.064720 0.010490 0.029920 
70
0.479817 0.014330 0.046210 
0.462778 0.970721 0.462022 
0.057405 0.014950 0.491768 
0.103198 0.003775 0.047665 0.068660 0.013566 
0.103587 0.016121 0.021775 0.276504 0.038429 
0.010794 0.037111 0.024346 0.050590 0.052894 
0.044337 0.035262 0.027973 0.006305 0.017110 
0.087130 0.033470 0.046870 0.049530 0.039770 
0.088610 0.033620 0.036890 0.080480 0.085360 
0.014750 0.040430 0.050680 0.038260 0.040900 
0.069580 0.058540 0.064720 0.010490 0.029920 
71
0.479817 0.014330 0.046210 
0.462778 0.970721 0.462022 
0.057405 0.014950 0.491768 
0.017713 0.004756 0.005567 0.010090 0.051502 
0.012890 0.005823 0.020709 0.008332 0.053305 
0.012843 0.005659 0.005739 0.005552 0.014408 
0.010267 0.009339 0.026326 0.679291 0.039890 
0.087130 0.033470 0.046870 0.049530 0.039770 
0.088610 0.033620 0.036890 0.080480 0.085360 
0.014750 0.040430 0.050680 0.038260 0.040900 
0.069580 0.058540 0.064720 0.010490 0.029920 
72
0.479817 0.014330 0.046210 
0.462778 0.970721 0.462022 
0.057405 0.014950 0.491768 
0.054921 0.002980 0.078704 0.431979 0.012528 
0.031531 0.013161 0.015093 0.050575 0.029812 
0.009163 0.026848 0.019330 0.060143 0.035364 
0.041598 0.033685 0.032430 0.005461 0.014695 
0.087130 0.033470 0.046870 0.049530 0.039770 
0.088610 0.033620 0.036890 0.080480 0.085360 
0.014750 0.040430 0.050680 0.038260 0.040900 
0.069580 0.058540 0.064720 0.010490 0.029920 
73
0.479817 0.014330 0.046210 
0.462778 0.970721 0.462022 
0.057405 0.014950 0.491768 
0.035434 0.003433 0.571668 0.052923 0.010287 
0.037114 0.011818 0.012683 0.032605 0.021222 
0.006192 0.042834 0.019333 0.022272 0.023744 
0.033913 0.027320 0.019172 0.004083 0.011947 
0.087130 0.033470 0.046870 0.049530 0.039770 
0.088610 0.033620 0.036890 0.080480 0.085360 
0.014750 0.040430 0.050680 0.038260 0.040900 
0.069580 0.058540 0.064720 0.010490 0.029920 
74
0.479817 0.014330 0.046210 
0.462778 0.970721 0.462022 
0.057405 0.014950 0.491768 
0.046530 0.004493 0.027335 0.032178 0.009327 
0.029552 0.009755 0.015498 0.029418 0.026885 
0.005534 0.017581 0.606769 0.016938 0.021305 
0.039166 0.025897 0.024104 0.002948 0.008787 
0.087130 0.033470 0.046870 0.049530 0.039770 
0.088610 0.033620 0.036890 0.080480 0.085360 
0.014750 0.040430 0.050680 0.038260 0.040900 
0.069580 0.058540 0.064720 0.010490 0.029920 
75
0.479817 0.014330 0.046210 
0.462778 0.970721 0.462022 
0.057405 0.014950 0.491768 
0.031633 0.007201 0.011783 0.014112 0.577664 
0.020451 0.008287 0.037767 0.012173 0.064939 
0.013898 0.010048 0.011669 0.010284 0.009869 
0.018150 0.019587 0.042018 0.019625 0.058843 
0.087130 0.033470 0.046870 0.049530 0.039770 
0.088610 0.033620 0.036890 0.080480 0.085360 
0.014750 0.040430 0.050680 0.038260 0.040900 
0.069580 0.058540 0.064720 0.010490 0.029920 
76
0.479817 0.014330 0.046210 
0.462778 0.970721 0.462022 
0.057405 0.014950 0.491768 
0.043652 0.004160 0.033988 0.041044 0.013172 
0.033087 0.014370 0.018589 0.048881 0.032717 
0.009523 0.027604 0.021122 0.029340 0.513776 
0.034027 0.032426 0.026414 0.006047 0.016062 
0.087130 0.033470 0.046870 0.049530 0.039770 
0.088610 0.033620 0.036890 0.080480 0.085360 
0.014750 0.040430 0.050680 0.038260 0.040900 
0.069580 0.058540 0.064720 0.010490 0.029920 
77
0.479817 0.014330 0.046210 
0.462778 0.970721 0.462022 
0.057405 0.014950 0.491768 
0.049759 0.009771 0.010503 0.012409 0.038096 
0.017362 0.008319 0.072707 0.013329 0.418783 
0.155800 0.010486 0.010785 0.011852 0.013877 
0.015833 0.023789 0.075985 0.008986 0.021569 
0.087130 0.033470 0.046870 0.049530 0.039770 
0.088610 0.033620 0.036890 0.080480 0.085360 
0.014750 0.040430 0.050680 0.038260 0.040900 
0.069580 0.058540 0.064720 0.010490 0.029920 
78
0.479817 0.014330 0.046210 
0.462778 0.970721 0.462022 
0.057405 0.014950 0.491768 
0.039100 0.005213 0.028885 0.029217 0.014703 
0.032897 0.011414 0.021400 0.029200 0.031560 
0.008636 0.025111 0.019959 0.020688 0.023310 
0.058462 0.548713 0.030883 0.005365 0.015283 
0.087130 0.033470 0.046870 0.049530 0.039770 
0.088610 0.033620 0.036890 0.080480 0.085360 
0.014750 0.040430 0.050680 0.038260 0.040900 
0.069580 0.058540 0.064720 0.010490 0.029920 
79
0.479817 0.014330 0.046210 
0.462778 0.970721 0.462022 
0.057405 0.014950 0.491768 
0.047906 0.008545 0.015520 0.018952 0.032484 
0.021219 0.009184 0.059822 0.020300 0.098680 
0.452346 0.014318 0.013449 0.015480 0.018112 
0.020972 0.026169 0.076929 0.008174 0.021438 
0.087130 0.033470 0.046870 0.049530 0.039770 
0.088610 0.033620 0.036890 0.080480 0.085360 
0.014750 0.040430 0.050680 0.038260 0.040900 
0.069580 0.058540 0.064720 0.010490 0.029920 
80
0.479817 0.014330 0.046210 
0.462778 0.970721 0.462022 
0.057405 0.014950 0.491768 
0.030853 0.003480 0.631694 0.035712 0.009906 
0.037845 0.010777 0.011129 0.026261 0.018915 
0.005213 0.034718 0.019706 0.017725 0.020370 
0.029419 0.023569 0.017374 0.003967 0.011367 
0.087130 0.033470 0.046870 0.049530 0.039770 
0.088610 0.033620 0.036890 0.080480 0.085360 
0.014750 0.040430 0.050680 0.038260 0.040900 
0.069580 0.058540 0.064720 0.010490 0.029920 
81
0.479817 0.014330 0.046210 
0.462778 0.970721 0.462022 
0.057405 0.014950 0.491768 
0.451503 0.009808 0.029044 0.037102 0.020876 
0.047209 0.012808 0.030115 0.034432 0.048300 
0.013848 0.026633 0.019570 0.024485 0.028763 
0.054237 0.036467 0.048011 0.006963 0.019824 
0.087130 0.033470 0.046870 0.049530 0.039770 
0.088610 0.033620 0.036890 0.080480 0.085360 
0.014750 0.040430 0.050680 0.038260 0.040900 
0.069580 0.058540 0.064720 0.010490 0.029920 
82
0.479817 0.014330 0.046210 
0.462778 0.970721 0.462022 
0.057405 0.014950 0.491768 
0.025476 0.008261 0.013984 0.016001 0.099781 
0.016585 0.027126 0.026885 0.016773 0.051277 
0.012909 0.016056 0.011442 0.012050 0.017352 
0.020559 0.018748 0.029394 0.029589 0.529752 
0.087130 0.033470 0.046870 0.049530 0.039770 
0.088610 0.033620 0.036890 0.080480 0.085360 
0.014750 0.040430 0.050680 0.038260 0.040900 
0.069580 0.058540 0.064720 0.010490 0.029920 
83
0.479817 0.014330 0.046210 
0.462778 0.970721 0.462022 
0.057405 0.014950 0.491768 
0.019816 0.004640 0.009167 0.011903 0.037246 
0.017364 0.006502 0.020071 0.010404 0.047988 
0.011490 0.007799 0.008227 0.006958 0.014569 
0.012479 0.011421 0.028429 0.681901 0.031626 
0.087130 0.033470 0.046870 0.049530 0.039770 
0.088610 0.033620 0.036890 0.080480 0.085360 
