%  SAM: modelfromalign v3.5 (July 15, 2005) compiled 12/05/20_11:48:22
%  (c) 1992-2001 Regents of the University of California, Santa Cruz
%
%          Sequence Alignment and Modeling Software System
%         http://www.cse.ucsc.edu/research/compbio/sam.html
%
% ----------------- Citations (SAM, SAM-T2K, HMMs) --------------------
% R. Hughey, A. Krogh, Hidden Markov models for sequence analysis:
%  Extension and analysis of the basic method, CABIOS 12:95-107, 1996.
% K. Karplus, et al., What is the value added by human intervention in protein
%  structure prediction, Proteins: Stucture, Function, Genetics 45(S5):86--91, 2001.
% A. Krogh et al., Hidden Markov models in computational biology:
%  Applications to protein modeling, JMB 235:1501-1531, Feb 1994.
% ---------------------------------------------------------------------
%  trimmed-uniq   Host: gauntlet    Thu Feb 11 19:02:32 2021
%  dgpinheiro     Dir:  /data/GitHub/sfFinder/example/output/subfamily/TEST2/flowerpower/fp-workspace/iter2
% ---------------------------------------------------------------------
% Prior File:  Internal (Name: recode3.20comp) 
%   20 priors on 20 characters.
%  Alignment weights from internal calc.  Total (1.75) Max (0.01) Min (0.01)
%  Weights from alignment method 1 (karplus), b=0.500000, e=0.500000
MODEL --  Model from alignment file trimmed-uniq.a2m
alphabet protein
FREQAVE
0.000000 0.000000 0.000000 
0.000000 0.000000 0.000000 
0.000000 0.000000 0.000000 
0.073931 0.014952 0.058201 0.067179 0.051212 
0.060193 0.028502 0.051264 0.057774 0.084353 
0.026062 0.041362 0.044995 0.042529 0.052413 
0.059165 0.053570 0.060060 0.024641 0.047642 
0.073931 0.014952 0.058201 0.067179 0.051212 
0.060193 0.028502 0.051264 0.057774 0.084353 
0.026062 0.041362 0.044995 0.042529 0.052413 
0.059165 0.053570 0.060060 0.024641 0.047642 
Begin
0.000000 0.000000 0.000000 
0.000000 0.000000 0.000000 
0.000000 0.106907 0.762380 
0.000000 0.000000 0.000000 0.000000 0.000000 
0.000000 0.000000 0.000000 0.000000 0.000000 
0.000000 0.000000 0.000000 0.000000 0.000000 
0.000000 0.000000 0.000000 0.000000 0.000000 
0.087227 0.033417 0.046837 0.049478 0.039707 
0.088511 0.033570 0.036846 0.080636 0.085411 
0.014913 0.040466 0.050641 0.038263 0.040940 
0.069510 0.058589 0.064653 0.010473 0.029911 
1
0.000000 0.020124 0.082783 
0.000000 0.872969 0.154837 
0.039804 0.016569 0.491768 
0.079196 0.015334 0.050480 0.062565 0.043288 
0.060908 0.021353 0.066879 0.057880 0.099599 
0.026718 0.039757 0.044577 0.037956 0.049697 
0.060016 0.055646 0.078251 0.014640 0.035262 
0.087130 0.033470 0.046870 0.049530 0.039770 
0.088610 0.033620 0.036890 0.080480 0.085360 
0.014750 0.040430 0.050680 0.038260 0.040900 
0.069580 0.058540 0.064720 0.010490 0.029920 
2
0.639316 0.015883 0.046210 
0.320881 0.967548 0.462022 
0.039804 0.016569 0.491768 
0.076496 0.014794 0.057940 0.067401 0.036373 
0.075350 0.025716 0.054299 0.061724 0.082853 
0.021179 0.044564 0.050024 0.039911 0.058337 
0.062763 0.056243 0.066079 0.014447 0.033508 
0.087130 0.033470 0.046870 0.049530 0.039770 
0.088610 0.033620 0.036890 0.080480 0.085360 
0.014750 0.040430 0.050680 0.038260 0.040900 
0.069580 0.058540 0.064720 0.010490 0.029920 
3
0.639316 0.015883 0.046210 
0.320881 0.967548 0.462022 
0.039804 0.016569 0.491768 
0.076496 0.014794 0.057940 0.067401 0.036373 
0.075350 0.025716 0.054299 0.061724 0.082853 
0.021179 0.044564 0.050024 0.039911 0.058337 
0.062763 0.056243 0.066079 0.014447 0.033508 
0.087130 0.033470 0.046870 0.049530 0.039770 
0.088610 0.033620 0.036890 0.080480 0.085360 
0.014750 0.040430 0.050680 0.038260 0.040900 
0.069580 0.058540 0.064720 0.010490 0.029920 
4
0.639316 0.015883 0.046210 
0.320881 0.967548 0.462022 
0.039804 0.016569 0.491768 
0.082145 0.016885 0.058353 0.065764 0.035410 
0.087395 0.022184 0.051412 0.059649 0.081415 
0.020910 0.045001 0.051531 0.038652 0.050426 
0.064643 0.056856 0.064761 0.014102 0.032507 
0.087130 0.033470 0.046870 0.049530 0.039770 
0.088610 0.033620 0.036890 0.080480 0.085360 
0.014750 0.040430 0.050680 0.038260 0.040900 
0.069580 0.058540 0.064720 0.010490 0.029920 
5
0.639316 0.015883 0.046210 
0.320881 0.967548 0.462022 
0.039804 0.016569 0.491768 
0.080254 0.017546 0.058019 0.065370 0.037786 
0.078882 0.024945 0.053241 0.058972 0.082346 
0.020951 0.044507 0.050225 0.038298 0.050325 
0.067655 0.056859 0.066222 0.013946 0.033651 
0.087130 0.033470 0.046870 0.049530 0.039770 
0.088610 0.033620 0.036890 0.080480 0.085360 
0.014750 0.040430 0.050680 0.038260 0.040900 
0.069580 0.058540 0.064720 0.010490 0.029920 
6
0.639316 0.015883 0.046210 
0.320881 0.967548 0.462022 
0.039804 0.016569 0.491768 
0.078962 0.018244 0.052449 0.062201 0.041549 
0.067689 0.022936 0.064250 0.056601 0.094305 
0.022854 0.040606 0.048508 0.036956 0.048383 
0.060441 0.055334 0.079052 0.014319 0.034359 
0.087130 0.033470 0.046870 0.049530 0.039770 
0.088610 0.033620 0.036890 0.080480 0.085360 
0.014750 0.040430 0.050680 0.038260 0.040900 
0.069580 0.058540 0.064720 0.010490 0.029920 
7
0.639316 0.015883 0.046210 
0.320881 0.967548 0.462022 
0.039804 0.016569 0.491768 
0.085476 0.017578 0.056826 0.065459 0.039812 
0.079140 0.021470 0.050724 0.058968 0.087859 
0.022058 0.043400 0.050306 0.038346 0.050333 
0.063209 0.056614 0.064024 0.014267 0.034131 
0.087130 0.033470 0.046870 0.049530 0.039770 
0.088610 0.033620 0.036890 0.080480 0.085360 
0.014750 0.040430 0.050680 0.038260 0.040900 
0.069580 0.058540 0.064720 0.010490 0.029920 
8
0.639316 0.015883 0.046210 
0.320881 0.967548 0.462022 
0.039804 0.016569 0.491768 
0.082145 0.016885 0.058353 0.065764 0.035410 
0.087395 0.022184 0.051412 0.059649 0.081415 
0.020910 0.045001 0.051531 0.038652 0.050426 
0.064643 0.056856 0.064761 0.014102 0.032507 
0.087130 0.033470 0.046870 0.049530 0.039770 
0.088610 0.033620 0.036890 0.080480 0.085360 
0.014750 0.040430 0.050680 0.038260 0.040900 
0.069580 0.058540 0.064720 0.010490 0.029920 
9
0.639316 0.015883 0.046210 
0.320881 0.967548 0.462022 
0.039804 0.016569 0.491768 
0.080256 0.016772 0.057371 0.065217 0.037704 
0.076681 0.024362 0.055881 0.059404 0.084948 
0.021156 0.043894 0.055078 0.037157 0.049813 
0.063670 0.056758 0.068451 0.013020 0.032406 
0.087130 0.033470 0.046870 0.049530 0.039770 
0.088610 0.033620 0.036890 0.080480 0.085360 
0.014750 0.040430 0.050680 0.038260 0.040900 
0.069580 0.058540 0.064720 0.010490 0.029920 
10
0.639316 0.015883 0.046210 
0.320881 0.967548 0.462022 
0.039804 0.016569 0.491768 
0.082145 0.016885 0.058353 0.065764 0.035410 
0.087395 0.022184 0.051412 0.059649 0.081415 
0.020910 0.045001 0.051531 0.038652 0.050426 
0.064643 0.056856 0.064761 0.014102 0.032507 
0.087130 0.033470 0.046870 0.049530 0.039770 
0.088610 0.033620 0.036890 0.080480 0.085360 
0.014750 0.040430 0.050680 0.038260 0.040900 
0.069580 0.058540 0.064720 0.010490 0.029920 
11
0.639316 0.015883 0.046210 
0.320881 0.967548 0.462022 
0.039804 0.016569 0.491768 
0.082145 0.016885 0.058353 0.065764 0.035410 
0.087395 0.022184 0.051412 0.059649 0.081415 
0.020910 0.045001 0.051531 0.038652 0.050426 
0.064643 0.056856 0.064761 0.014102 0.032507 
0.087130 0.033470 0.046870 0.049530 0.039770 
0.088610 0.033620 0.036890 0.080480 0.085360 
0.014750 0.040430 0.050680 0.038260 0.040900 
0.069580 0.058540 0.064720 0.010490 0.029920 
12
0.639316 0.015883 0.046210 
0.320881 0.967548 0.462022 
0.039804 0.016569 0.491768 
0.076681 0.015667 0.051037 0.060030 0.049202 
0.065633 0.025126 0.065610 0.054679 0.098072 
0.023657 0.040378 0.046499 0.036273 0.047659 
0.059036 0.053734 0.076380 0.016907 0.037743 
0.087130 0.033470 0.046870 0.049530 0.039770 
0.088610 0.033620 0.036890 0.080480 0.085360 
0.014750 0.040430 0.050680 0.038260 0.040900 
0.069580 0.058540 0.064720 0.010490 0.029920 
13
0.639316 0.015883 0.046210 
0.320881 0.967548 0.462022 
0.039804 0.016569 0.491768 
0.082145 0.016885 0.058353 0.065764 0.035410 
0.087395 0.022184 0.051412 0.059649 0.081415 
0.020910 0.045001 0.051531 0.038652 0.050426 
0.064643 0.056856 0.064761 0.014102 0.032507 
0.087130 0.033470 0.046870 0.049530 0.039770 
0.088610 0.033620 0.036890 0.080480 0.085360 
0.014750 0.040430 0.050680 0.038260 0.040900 
0.069580 0.058540 0.064720 0.010490 0.029920 
14
0.639316 0.015883 0.046210 
0.320881 0.967548 0.462022 
0.039804 0.016569 0.491768 
0.080256 0.016772 0.057371 0.065217 0.037704 
0.076681 0.024362 0.055881 0.059404 0.084948 
0.021156 0.043894 0.055078 0.037157 0.049813 
0.063670 0.056758 0.068451 0.013020 0.032406 
0.087130 0.033470 0.046870 0.049530 0.039770 
0.088610 0.033620 0.036890 0.080480 0.085360 
0.014750 0.040430 0.050680 0.038260 0.040900 
0.069580 0.058540 0.064720 0.010490 0.029920 
15
0.639316 0.015883 0.046210 
0.320881 0.967548 0.462022 
0.039804 0.016569 0.491768 
0.076496 0.014794 0.057940 0.067401 0.036373 
0.075350 0.025716 0.054299 0.061724 0.082853 
0.021179 0.044564 0.050024 0.039911 0.058337 
0.062763 0.056243 0.066079 0.014447 0.033508 
0.087130 0.033470 0.046870 0.049530 0.039770 
0.088610 0.033620 0.036890 0.080480 0.085360 
0.014750 0.040430 0.050680 0.038260 0.040900 
0.069580 0.058540 0.064720 0.010490 0.029920 
16
0.636492 0.015883 0.046210 
0.323704 0.967548 0.462022 
0.039916 0.016553 0.491768 
0.081378 0.015154 0.059450 0.068693 0.034745 
0.073713 0.024073 0.051631 0.061787 0.079370 
0.020505 0.045276 0.062488 0.038974 0.051485 
0.065709 0.058109 0.065104 0.011634 0.030721 
0.087130 0.033470 0.046870 0.049530 0.039770 
0.088610 0.033620 0.036890 0.080480 0.085360 
0.014750 0.040430 0.050680 0.038260 0.040900 
0.069580 0.058540 0.064720 0.010490 0.029920 
17
0.638294 0.015867 0.046210 
0.321789 0.967581 0.462022 
0.039916 0.016553 0.491768 
0.078700 0.013683 0.053551 0.062118 0.047257 
0.069635 0.024703 0.053395 0.057383 0.094928 
0.024291 0.044207 0.045040 0.038845 0.050295 
0.062295 0.055232 0.064049 0.019012 0.041382 
0.087130 0.033470 0.046870 0.049530 0.039770 
0.088610 0.033620 0.036890 0.080480 0.085360 
0.014750 0.040430 0.050680 0.038260 0.040900 
0.069580 0.058540 0.064720 0.010490 0.029920 
18
0.638294 0.015867 0.046210 
0.321789 0.967581 0.462022 
0.039916 0.016553 0.491768 
0.087642 0.015406 0.058170 0.067341 0.034068 
0.087004 0.022361 0.048160 0.060635 0.079874 
0.020887 0.044932 0.052361 0.039465 0.051062 
0.065990 0.057991 0.062719 0.012410 0.031521 
0.087130 0.033470 0.046870 0.049530 0.039770 
0.088610 0.033620 0.036890 0.080480 0.085360 
0.014750 0.040430 0.050680 0.038260 0.040900 
0.069580 0.058540 0.064720 0.010490 0.029920 
19
0.633852 0.015867 0.046210 
0.326231 0.967581 0.462022 
0.040094 0.016527 0.491768 
0.073125 0.011280 0.078836 0.081104 0.027145 
0.084123 0.027550 0.036505 0.069195 0.057301 
0.017385 0.060017 0.051637 0.045666 0.056746 
0.071486 0.061630 0.048887 0.010120 0.030262 
0.087130 0.033470 0.046870 0.049530 0.039770 
0.088610 0.033620 0.036890 0.080480 0.085360 
0.014750 0.040430 0.050680 0.038260 0.040900 
0.069580 0.058540 0.064720 0.010490 0.029920 
20
0.586755 0.015842 0.046210 
0.373150 0.967631 0.462022 
0.042201 0.016243 0.491768 
0.067963 0.008501 0.042337 0.046182 0.026798 
0.046623 0.017493 0.042071 0.046350 0.059236 
0.019040 0.037326 0.028674 0.035797 0.037071 
0.072645 0.274682 0.055839 0.009273 0.026100 
0.087130 0.033470 0.046870 0.049530 0.039770 
0.088610 0.033620 0.036890 0.080480 0.085360 
0.014750 0.040430 0.050680 0.038260 0.040900 
0.069580 0.058540 0.064720 0.010490 0.029920 
21
0.598180 0.015570 0.046210 
0.359618 0.968187 0.462022 
0.043037 0.016141 0.491768 
0.069715 0.005159 0.051276 0.064892 0.017849 
0.044404 0.019562 0.027526 0.296394 0.047107 
0.013700 0.039564 0.029978 0.044925 0.065971 
0.049469 0.044915 0.037016 0.008295 0.022281 
0.087130 0.033470 0.046870 0.049530 0.039770 
0.088610 0.033620 0.036890 0.080480 0.085360 
0.014750 0.040430 0.050680 0.038260 0.040900 
0.069580 0.058540 0.064720 0.010490 0.029920 
22
0.608434 0.015472 0.046210 
0.348530 0.968387 0.462022 
0.043105 0.016133 0.491768 
0.071989 0.005095 0.071620 0.264978 0.019666 
0.045024 0.018816 0.025633 0.065901 0.045102 
0.013313 0.038610 0.027900 0.052701 0.048011 
0.053405 0.065755 0.035518 0.008554 0.022411 
0.087130 0.033470 0.046870 0.049530 0.039770 
0.088610 0.033620 0.036890 0.080480 0.085360 
0.014750 0.040430 0.050680 0.038260 0.040900 
0.069580 0.058540 0.064720 0.010490 0.029920 
23
0.609400 0.015464 0.046210 
0.347495 0.968403 0.462022 
0.043105 0.016133 0.491768 
0.120407 0.009329 0.040899 0.043886 0.027610 
0.050472 0.017100 0.043519 0.043012 0.061152 
0.016933 0.035129 0.029011 0.031207 0.035063 
0.067511 0.233022 0.059228 0.009331 0.026180 
0.087130 0.033470 0.046870 0.049530 0.039770 
0.088610 0.033620 0.036890 0.080480 0.085360 
0.014750 0.040430 0.050680 0.038260 0.040900 
0.069580 0.058540 0.064720 0.010490 0.029920 
24
0.604954 0.015464 0.046210 
0.351941 0.968403 0.462022 
0.043297 0.016110 0.491768 
0.075200 0.008225 0.052510 0.049363 0.023539 
0.060496 0.018819 0.030295 0.046979 0.043660 
0.013637 0.057562 0.032923 0.033564 0.036257 
0.235584 0.102567 0.044438 0.009103 0.025280 
0.087130 0.033470 0.046870 0.049530 0.039770 
0.088610 0.033620 0.036890 0.080480 0.085360 
0.014750 0.040430 0.050680 0.038260 0.040900 
0.069580 0.058540 0.064720 0.010490 0.029920 
25
0.587888 0.015442 0.046210 
0.368815 0.968448 0.462022 
0.044171 0.016010 0.491768 
0.088882 0.005397 0.051142 0.064761 0.020309 
0.046251 0.018960 0.034798 0.243335 0.056180 
0.026181 0.038135 0.030521 0.043932 0.064420 
0.048188 0.043010 0.042341 0.009069 0.024189 
0.087130 0.033470 0.046870 0.049530 0.039770 
0.088610 0.033620 0.036890 0.080480 0.085360 
0.014750 0.040430 0.050680 0.038260 0.040900 
0.069580 0.058540 0.064720 0.010490 0.029920 
26
0.599744 0.015346 0.046210 
0.356086 0.968644 0.462022 
0.044171 0.016010 0.491768 
0.081395 0.005191 0.051022 0.064240 0.018175 
0.044848 0.019089 0.028257 0.289727 0.047913 
0.013717 0.038854 0.037435 0.044099 0.054525 
0.049338 0.044220 0.037713 0.008189 0.022053 
0.087130 0.033470 0.046870 0.049530 0.039770 
0.088610 0.033620 0.036890 0.080480 0.085360 
0.014750 0.040430 0.050680 0.038260 0.040900 
0.069580 0.058540 0.064720 0.010490 0.029920 
27
0.560943 0.015346 0.046210 
0.394886 0.968644 0.462022 
0.045954 0.015821 0.491768 
0.079822 0.008434 0.038456 0.047112 0.032657 
0.041865 0.019082 0.062887 0.088234 0.214293 
0.024715 0.030635 0.027970 0.034341 0.060387 
0.038520 0.039730 0.066845 0.012407 0.031608 
0.087130 0.033470 0.046870 0.049530 0.039770 
0.088610 0.033620 0.036890 0.080480 0.085360 
0.014750 0.040430 0.050680 0.038260 0.040900 
0.069580 0.058540 0.064720 0.010490 0.029920 
28
0.581598 0.015165 0.046210 
0.372449 0.969014 0.462022 
0.046045 0.015812 0.491768 
0.063095 0.008073 0.055103 0.045207 0.028715 
0.055675 0.020836 0.038048 0.044946 0.126753 
0.016838 0.218876 0.029028 0.031572 0.037378 
0.052619 0.042440 0.046579 0.010989 0.027230 
0.087130 0.033470 0.046870 0.049530 0.039770 
0.088610 0.033620 0.036890 0.080480 0.085360 
0.014750 0.040430 0.050680 0.038260 0.040900 
0.069580 0.058540 0.064720 0.010490 0.029920 
29
0.544080 0.015157 0.046210 
0.409875 0.969032 0.462022 
0.047898 0.015636 0.491768 
0.245259 0.009864 0.045221 0.050332 0.026409 
0.068051 0.018255 0.038222 0.050353 0.060047 
0.017098 0.063946 0.028679 0.034351 0.040166 
0.069848 0.045373 0.052883 0.009516 0.026124 
0.087130 0.033470 0.046870 0.049530 0.039770 
0.088610 0.033620 0.036890 0.080480 0.085360 
0.014750 0.040430 0.050680 0.038260 0.040900 
0.069580 0.058540 0.064720 0.010490 0.029920 
30
0.482612 0.014988 0.046210 
0.469491 0.969377 0.462022 
0.052253 0.015283 0.491768 
0.073669 0.005436 0.047011 0.060622 0.021234 
0.041792 0.018032 0.037009 0.248962 0.091393 
0.025389 0.035115 0.028489 0.042815 0.059777 
0.044771 0.040508 0.044389 0.009227 0.024362 
0.087130 0.033470 0.046870 0.049530 0.039770 
0.088610 0.033620 0.036890 0.080480 0.085360 
0.014750 0.040430 0.050680 0.038260 0.040900 
0.069580 0.058540 0.064720 0.010490 0.029920 
31
0.526500 0.014649 0.046210 
0.421247 0.970068 0.462022 
0.052253 0.015283 0.491768 
0.062100 0.004473 0.273746 0.089016 0.016071 
0.047505 0.017945 0.021753 0.090835 0.037158 
0.011162 0.057852 0.027311 0.041687 0.050765 
0.053777 0.041653 0.029786 0.006770 0.018635 
0.087130 0.033470 0.046870 0.049530 0.039770 
0.088610 0.033620 0.036890 0.080480 0.085360 
0.014750 0.040430 0.050680 0.038260 0.040900 
0.069580 0.058540 0.064720 0.010490 0.029920 
32
0.526500 0.014649 0.046210 
0.421247 0.970068 0.462022 
0.052253 0.015283 0.491768 
0.070933 0.004888 0.087019 0.073992 0.018733 
0.042813 0.019353 0.029590 0.088997 0.050195 
0.014761 0.038554 0.027439 0.043472 0.230522 
0.047192 0.041953 0.037264 0.008956 0.023374 
0.087130 0.033470 0.046870 0.049530 0.039770 
0.088610 0.033620 0.036890 0.080480 0.085360 
0.014750 0.040430 0.050680 0.038260 0.040900 
0.069580 0.058540 0.064720 0.010490 0.029920 
33
0.526500 0.014649 0.046210 
0.421247 0.970068 0.462022 
0.052253 0.015283 0.491768 
0.057750 0.007040 0.035908 0.043249 0.051697 
0.043304 0.022819 0.035796 0.075044 0.056227 
0.016224 0.032336 0.024482 0.031614 0.049245 
0.042062 0.040005 0.046445 0.017927 0.270826 
0.087130 0.033470 0.046870 0.049530 0.039770 
0.088610 0.033620 0.036890 0.080480 0.085360 
0.014750 0.040430 0.050680 0.038260 0.040900 
0.069580 0.058540 0.064720 0.010490 0.029920 
34
0.526500 0.014649 0.046210 
0.421247 0.970068 0.462022 
0.052253 0.015761 0.491266 
0.069114 0.006140 0.041966 0.052627 0.024871 
0.043173 0.019012 0.037092 0.059827 0.060296 
0.017097 0.034190 0.026276 0.037048 0.252022 
0.043265 0.040705 0.045292 0.011234 0.078754 
0.087131 0.033470 0.046870 0.049530 0.039770 
0.088610 0.033620 0.036890 0.080480 0.085360 
0.014750 0.040430 0.050680 0.038260 0.040900 
0.069580 0.058540 0.064720 0.010490 0.029920 
35
0.526500 0.014649 0.046163 
0.421247 0.969590 0.462570 
0.052253 0.033959 0.472902 
0.199418 0.009661 0.045250 0.051966 0.030657 
0.060811 0.019782 0.050407 0.061083 0.077064 
0.032835 0.034002 0.027502 0.035974 0.062597 
0.053546 0.044829 0.060565 0.011400 0.030651 
0.087127 0.033486 0.046868 0.049528 0.039769 
0.088607 0.033619 0.036891 0.080477 0.085363 
0.014750 0.040429 0.050678 0.038259 0.040899 
0.069578 0.058538 0.064726 0.010490 0.029919 
36
0.436757 0.014649 0.044438 
0.510989 0.951392 0.482661 
0.057405 0.014950 0.491768 
0.062241 0.011198 0.017091 0.020345 0.043397 
0.025140 0.011345 0.082071 0.021593 0.423279 
0.031995 0.015977 0.015972 0.017246 0.020777 
0.023726 0.031566 0.087280 0.011160 0.026599 
0.087130 0.033470 0.046870 0.049530 0.039770 
0.088610 0.033620 0.036890 0.080480 0.085360 
0.014750 0.040430 0.050680 0.038260 0.040900 
0.069580 0.058540 0.064720 0.010490 0.029920 
37
0.479817 0.014330 0.046210 
0.462778 0.970721 0.462022 
0.057405 0.015848 0.490805 
0.064189 0.008230 0.035700 0.039051 0.025507 
0.039572 0.015063 0.041541 0.039150 0.059422 
0.025655 0.032740 0.024502 0.028718 0.031354 
0.070830 0.332715 0.054376 0.008310 0.023376 
0.087130 0.033470 0.046870 0.049530 0.039770 
0.088610 0.033620 0.036890 0.080480 0.085360 
0.014750 0.040430 0.050680 0.038260 0.040900 
0.069580 0.058542 0.064720 0.010490 0.029920 
38
0.479817 0.014330 0.046120 
0.462778 0.969822 0.463075 
0.057405 0.014950 0.491768 
0.059338 0.005322 0.042209 0.052564 0.018082 
0.040117 0.017812 0.027292 0.059026 0.046532 
0.013409 0.034191 0.025681 0.037330 0.359497 
0.042824 0.052463 0.036455 0.008213 0.021646 
0.087130 0.033470 0.046870 0.049530 0.039770 
0.088610 0.033620 0.036890 0.080480 0.085360 
0.014750 0.040430 0.050680 0.038260 0.040900 
0.069580 0.058540 0.064720 0.010490 0.029920 
39
0.479817 0.014330 0.046210 
0.462778 0.970721 0.462022 
0.057405 0.014950 0.491768 
0.055272 0.004542 0.360109 0.072336 0.015307 
0.046173 0.016889 0.020416 0.052343 0.034314 
0.010378 0.058376 0.025221 0.041423 0.042056 
0.050642 0.041667 0.028819 0.006233 0.017485 
0.087130 0.033470 0.046870 0.049530 0.039770 
0.088610 0.033620 0.036890 0.080480 0.085360 
0.014750 0.040430 0.050680 0.038260 0.040900 
0.069580 0.058540 0.064720 0.010490 0.029920 
40
0.479817 0.014330 0.046210 
0.462778 0.970721 0.462022 
0.057405 0.014950 0.491768 
0.056967 0.010348 0.017043 0.019761 0.039823 
0.024869 0.010749 0.073539 0.020859 0.464563 
0.026680 0.015529 0.015707 0.016426 0.019731 
0.022808 0.030339 0.079626 0.010192 0.024440 
0.087130 0.033470 0.046870 0.049530 0.039770 
0.088610 0.033620 0.036890 0.080480 0.085360 
0.014750 0.040430 0.050680 0.038260 0.040900 
0.069580 0.058540 0.064720 0.010490 0.029920 
41
0.479817 0.014330 0.046210 
0.462778 0.970721 0.462022 
0.057405 0.014950 0.491768 
0.051423 0.004751 0.399037 0.062727 0.015126 
0.063651 0.016060 0.018584 0.044576 0.031040 
0.009131 0.059390 0.025671 0.031305 0.032426 
0.047996 0.037253 0.026824 0.006067 0.016961 
0.087130 0.033470 0.046870 0.049530 0.039770 
0.088610 0.033620 0.036890 0.080480 0.085360 
0.014750 0.040430 0.050680 0.038260 0.040900 
0.069580 0.058540 0.064720 0.010490 0.029920 
42
0.479817 0.014330 0.046210 
0.462778 0.970721 0.462022 
0.057405 0.014950 0.491768 
0.027513 0.006692 0.013201 0.016087 0.041041 
0.022480 0.008509 0.026099 0.014716 0.056542 
0.013542 0.011255 0.011149 0.010149 0.017835 
0.017161 0.016192 0.032683 0.602789 0.034364 
0.087130 0.033470 0.046870 0.049530 0.039770 
0.088610 0.033620 0.036890 0.080480 0.085360 
0.014750 0.040430 0.050680 0.038260 0.040900 
0.069580 0.058540 0.064720 0.010490 0.029920 
43
0.479817 0.014330 0.046210 
0.462778 0.970721 0.462022 
0.057405 0.014950 0.491768 
0.058623 0.004128 0.302927 0.141400 0.015488 
0.045128 0.016336 0.019250 0.052759 0.033674 
0.010156 0.054735 0.024523 0.041397 0.036555 
0.051814 0.040191 0.027407 0.006264 0.017246 
0.087130 0.033470 0.046870 0.049530 0.039770 
0.088610 0.033620 0.036890 0.080480 0.085360 
0.014750 0.040430 0.050680 0.038260 0.040900 
0.069580 0.058540 0.064720 0.010490 0.029920 
44
0.479817 0.014330 0.046210 
0.462778 0.970721 0.462022 
0.057405 0.014950 0.491768 
0.053932 0.010399 0.020269 0.023487 0.309086 
0.035831 0.017586 0.052761 0.019438 0.081371 
0.019712 0.020347 0.018976 0.017670 0.018980 
0.031995 0.038570 0.061653 0.027564 0.120373 
0.087130 0.033470 0.046870 0.049530 0.039770 
0.088610 0.033620 0.036890 0.080480 0.085360 
0.014750 0.040430 0.050680 0.038260 0.040900 
0.069580 0.058540 0.064720 0.010490 0.029920 
45
0.479817 0.014330 0.046210 
0.462778 0.970721 0.462022 
0.057405 0.014950 0.491768 
0.061560 0.007014 0.063445 0.047794 0.019336 
0.053747 0.017302 0.024525 0.045693 0.036960 
0.011200 0.044853 0.029605 0.032112 0.035272 
0.321559 0.081279 0.037333 0.007785 0.021628 
0.087130 0.033470 0.046870 0.049530 0.039770 
0.088610 0.033620 0.036890 0.080480 0.085360 
0.014750 0.040430 0.050680 0.038260 0.040900 
0.069580 0.058540 0.064720 0.010490 0.029920 
46
0.479817 0.014330 0.046210 
0.462778 0.970721 0.462022 
0.057405 0.014950 0.491768 
0.043193 0.007186 0.022250 0.024542 0.065389 
0.032622 0.017721 0.035360 0.024628 0.057446 
0.014242 0.019880 0.017237 0.018602 0.023773 
0.029837 0.029024 0.045404 0.016870 0.454794 
0.087130 0.033470 0.046870 0.049530 0.039770 
0.088610 0.033620 0.036890 0.080480 0.085360 
0.014750 0.040430 0.050680 0.038260 0.040900 
0.069580 0.058540 0.064720 0.010490 0.029920 
47
0.479817 0.014330 0.046210 
0.462778 0.970721 0.462022 
0.057405 0.014950 0.491768 
0.255903 0.009809 0.042907 0.053290 0.026968 
0.053892 0.017653 0.041487 0.052109 0.065527 
0.018301 0.031848 0.026239 0.064325 0.042017 
0.053998 0.046995 0.061266 0.009363 0.026104 
0.087130 0.033470 0.046870 0.049530 0.039770 
0.088610 0.033620 0.036890 0.080480 0.085360 
0.014750 0.040430 0.050680 0.038260 0.040900 
0.069580 0.058540 0.064720 0.010490 0.029920 
48
0.479817 0.014330 0.046210 
0.462778 0.970721 0.462022 
0.057405 0.014950 0.491768 
0.052738 0.004797 0.384389 0.065702 0.015546 
0.049009 0.016525 0.019552 0.047019 0.032656 
0.009632 0.055626 0.031787 0.033106 0.034250 
0.055682 0.040300 0.028014 0.006246 0.017423 
0.087130 0.033470 0.046870 0.049530 0.039770 
0.088610 0.033620 0.036890 0.080480 0.085360 
0.014750 0.040430 0.050680 0.038260 0.040900 
0.069580 0.058540 0.064720 0.010490 0.029920 
49
0.479817 0.014330 0.046210 
0.462778 0.970721 0.462022 
0.057405 0.014950 0.491768 
0.065908 0.005671 0.043082 0.056782 0.020747 
0.040215 0.018987 0.033294 0.063487 0.055567 
0.026313 0.034982 0.025769 0.039195 0.308766 
0.043800 0.041724 0.041973 0.009429 0.024310 
0.087130 0.033470 0.046870 0.049530 0.039770 
0.088610 0.033620 0.036890 0.080480 0.085360 
0.014750 0.040430 0.050680 0.038260 0.040900 
0.069580 0.058540 0.064720 0.010490 0.029920 
50
0.479817 0.014330 0.046210 
0.462778 0.970721 0.462022 
0.057405 0.014950 0.491768 
0.063755 0.004634 0.062710 0.065302 0.015607 
0.041102 0.018443 0.023211 0.343633 0.040691 
0.012008 0.037539 0.027665 0.042894 0.051626 
0.047306 0.042221 0.032294 0.007397 0.019962 
0.087130 0.033470 0.046870 0.049530 0.039770 
0.088610 0.033620 0.036890 0.080480 0.085360 
0.014750 0.040430 0.050680 0.038260 0.040900 
0.069580 0.058540 0.064720 0.010490 0.029920 
51
0.479817 0.014330 0.046210 
0.462778 0.970721 0.462022 
0.057405 0.014950 0.491768 
0.077632 0.003692 0.160761 0.203563 0.016238 
0.042735 0.016568 0.021426 0.098827 0.039637 
0.011344 0.041305 0.024638 0.051695 0.045591 
0.052067 0.038015 0.029095 0.006878 0.018294 
0.087130 0.033470 0.046870 0.049530 0.039770 
0.088610 0.033620 0.036890 0.080480 0.085360 
0.014750 0.040430 0.050680 0.038260 0.040900 
0.069580 0.058540 0.064720 0.010490 0.029920 
52
0.479817 0.014330 0.046210 
0.462778 0.970721 0.462022 
0.057405 0.014950 0.491768 
0.326973 0.012981 0.028133 0.033640 0.032794 
0.050314 0.013792 0.058650 0.032718 0.085146 
0.021619 0.023037 0.021454 0.024434 0.028931 
0.045333 0.039607 0.084756 0.009499 0.026187 
0.087130 0.033470 0.046870 0.049530 0.039770 
0.088610 0.033620 0.036890 0.080480 0.085360 
0.014750 0.040430 0.050680 0.038260 0.040900 
0.069580 0.058540 0.064720 0.010490 0.029920 
53
0.479817 0.014330 0.046210 
0.462778 0.970721 0.462022 
0.057405 0.014950 0.491768 
0.047594 0.009591 0.016503 0.020006 0.418185 
0.027243 0.012336 0.054400 0.017881 0.087206 
0.019662 0.015431 0.015161 0.015209 0.015848 
0.025662 0.027719 0.060230 0.022259 0.071874 
0.087130 0.033470 0.046870 0.049530 0.039770 
0.088610 0.033620 0.036890 0.080480 0.085360 
0.014750 0.040430 0.050680 0.038260 0.040900 
0.069580 0.058540 0.064720 0.010490 0.029920 
54
0.479817 0.014330 0.046210 
0.462778 0.970721 0.462022 
0.057405 0.036034 0.470123 
0.046666 0.005215 0.034404 0.030208 0.017664 
0.046725 0.012289 0.022801 0.034225 0.037809 
0.007566 0.025575 0.504613 0.020021 0.025721 
0.038890 0.032406 0.033423 0.006388 0.017391 
0.087127 0.033469 0.046868 0.049528 0.039771 
0.088607 0.033619 0.036889 0.080477 0.085357 
0.014749 0.040428 0.050678 0.038259 0.040898 
0.069577 0.058538 0.064718 0.010490 0.029954 
55
0.479817 0.052532 0.044176 
0.462778 0.911434 0.485701 
0.048946 0.015543 0.491768 
0.067454 0.004606 0.070126 0.318732 0.018294 
0.041167 0.024517 0.023068 0.061659 0.041714 
0.012311 0.035541 0.025155 0.049013 0.045323 
0.049242 0.041245 0.032395 0.008033 0.030405 
0.087130 0.033470 0.046870 0.049530 0.039770 
0.088610 0.033620 0.036890 0.080480 0.085360 
0.014750 0.040430 0.050680 0.038260 0.040900 
0.069580 0.058540 0.064720 0.010490 0.029920 
56
0.554751 0.018614 0.046210 
0.396303 0.965842 0.462022 
0.048363 0.015594 0.491768 
0.061640 0.004004 0.090790 0.367985 0.015390 
0.039852 0.015914 0.019005 0.056812 0.035476 
0.010597 0.032552 0.023617 0.046164 0.040962 
0.046915 0.038517 0.028247 0.006781 0.018781 
0.087130 0.033470 0.046870 0.049530 0.039770 
0.088610 0.033620 0.036890 0.080480 0.085360 
0.014750 0.040430 0.050680 0.038260 0.040900 
0.069580 0.058540 0.064720 0.010490 0.029920 
57
0.417855 0.044248 0.046210 
0.533782 0.940158 0.462022 
0.050213 0.015438 0.491768 
0.058334 0.010389 0.022383 0.025460 0.322471 
0.035395 0.016151 0.058894 0.023336 0.091835 
0.022113 0.021222 0.018725 0.019352 0.024980 
0.031879 0.033391 0.068143 0.020520 0.075027 
0.087130 0.033470 0.046870 0.049530 0.039770 
0.088610 0.033620 0.036890 0.080480 0.085360 
0.014750 0.040430 0.050680 0.038260 0.040900 
0.069580 0.058540 0.064720 0.010490 0.029920 
58
0.530852 0.015717 0.046210 
0.418935 0.968845 0.462022 
0.050752 0.015396 0.491768 
0.065099 0.004454 0.078511 0.344746 0.020692 
0.041475 0.016794 0.021478 0.059073 0.039359 
0.011607 0.034123 0.024721 0.046650 0.042920 
0.049407 0.040864 0.031066 0.007420 0.019541 
0.087130 0.033470 0.046870 0.049530 0.039770 
0.088610 0.033620 0.036890 0.080480 0.085360 
0.014750 0.040430 0.050680 0.038260 0.040900 
0.069580 0.058540 0.064720 0.010490 0.029920 
59
0.427763 0.014758 0.046210 
0.521486 0.969847 0.462022 
0.057175 0.014963 0.491768 
0.069986 0.006031 0.048933 0.037014 0.018047 
0.410975 0.015248 0.025886 0.048048 0.034337 
0.012815 0.042400 0.026373 0.025758 0.033204 
0.051340 0.036763 0.028348 0.007832 0.020660 
0.087130 0.033470 0.046870 0.049530 0.039770 
0.088610 0.033620 0.036890 0.080480 0.085360 
0.014750 0.040430 0.050680 0.038260 0.040900 
0.069580 0.058540 0.064720 0.010490 0.029920 
60
0.477895 0.035446 0.046210 
0.464930 0.949591 0.462022 
0.052406 0.015272 0.491768 
0.089752 0.013711 0.045622 0.046944 0.067065 
0.064491 0.021364 0.071128 0.044120 0.098739 
0.025245 0.037691 0.034045 0.032149 0.039026 
0.054357 0.051568 0.086505 0.018716 0.057764 
0.087130 0.033470 0.046870 0.049530 0.039770 
0.088610 0.033620 0.036890 0.080480 0.085360 
0.014750 0.040430 0.050680 0.038260 0.040900 
0.069580 0.058540 0.064720 0.010490 0.029920 
61
0.525113 0.014639 0.046210 
0.422480 0.970090 0.462022 
0.052406 0.015272 0.491768 
0.086593 0.009656 0.063251 0.103435 0.034283 
0.068937 0.023495 0.046555 0.064656 0.070565 
0.019719 0.046850 0.037589 0.044579 0.052098 
0.062412 0.056616 0.060129 0.013897 0.034684 
0.087130 0.033470 0.046870 0.049530 0.039770 
0.088610 0.033620 0.036890 0.080480 0.085360 
0.014750 0.040430 0.050680 0.038260 0.040900 
0.069580 0.058540 0.064720 0.010490 0.029920 
62
0.525113 0.015094 0.046210 
0.422480 0.969635 0.462022 
0.052310 0.015278 0.491768 
0.088925 0.010964 0.058406 0.055135 0.035174 
0.148246 0.022632 0.048579 0.051913 0.069886 
0.019390 0.045003 0.038918 0.036087 0.044050 
0.061451 0.053117 0.063476 0.013791 0.034858 
0.087130 0.033470 0.046870 0.049530 0.039770 
0.088610 0.033620 0.036890 0.080480 0.085360 
0.014750 0.040430 0.050680 0.038260 0.040900 
0.069580 0.058540 0.064720 0.010490 0.029920 
63
0.437232 0.014645 0.046210 
0.510458 0.970076 0.462022 
0.057405 0.014950 0.491768 
0.056354 0.011446 0.014811 0.016631 0.040144 
0.025214 0.009896 0.390223 0.018556 0.115101 
0.025217 0.013733 0.015279 0.014267 0.017484 
0.022171 0.030912 0.129085 0.009329 0.024147 
0.087130 0.033470 0.046870 0.049530 0.039770 
0.088610 0.033620 0.036890 0.080480 0.085360 
0.014750 0.040430 0.050680 0.038260 0.040900 
0.069580 0.058540 0.064720 0.010490 0.029920 
64
0.479817 0.014776 0.046210 
0.462778 0.970275 0.462022 
0.057290 0.014956 0.491768 
0.058968 0.004921 0.044998 0.056021 0.016221 
0.040616 0.017789 0.023795 0.389619 0.041523 
0.011956 0.035171 0.026896 0.039138 0.047611 
0.044023 0.040622 0.033001 0.007366 0.019743 
0.087130 0.033470 0.046870 0.049530 0.039770 
0.088610 0.033620 0.036890 0.080480 0.085360 
0.014750 0.040430 0.050680 0.038260 0.040900 
0.069580 0.058540 0.064720 0.010490 0.029920 
65
0.480865 0.014336 0.046210 
0.461846 0.970707 0.462022 
0.057290 0.014956 0.491768 
0.057135 0.011357 0.015943 0.017907 0.040030 
0.026565 0.010312 0.389369 0.019837 0.114397 
0.025517 0.014606 0.015893 0.015118 0.018531 
0.023151 0.031578 0.118830 0.009481 0.024441 
0.087130 0.033470 0.046870 0.049530 0.039770 
0.088610 0.033620 0.036890 0.080480 0.085360 
0.014750 0.040430 0.050680 0.038260 0.040900 
0.069580 0.058540 0.064720 0.010490 0.029920 
66
0.478851 0.014336 0.046210 
0.463859 0.970707 0.462022 
0.057405 0.014950 0.491768 
0.057782 0.006695 0.041645 0.049101 0.019993 
0.041419 0.021812 0.029922 0.052225 0.041681 
0.012509 0.037214 0.027129 0.033239 0.036929 
0.075285 0.342905 0.042704 0.007671 0.022142 
0.087130 0.033470 0.046870 0.049530 0.039770 
0.088610 0.033620 0.036890 0.080480 0.085360 
0.014750 0.040430 0.050680 0.038260 0.040900 
0.069580 0.058540 0.064720 0.010490 0.029920 
67
0.479817 0.014330 0.046210 
0.462778 0.970721 0.462022 
0.057405 0.014950 0.491768 
0.045807 0.004616 0.473126 0.054796 0.014169 
0.047327 0.014791 0.017158 0.039901 0.029043 
0.008248 0.046278 0.024532 0.027729 0.029626 
0.042018 0.033925 0.025265 0.005709 0.015938 
0.087130 0.033470 0.046870 0.049530 0.039770 
0.088610 0.033620 0.036890 0.080480 0.085360 
0.014750 0.040430 0.050680 0.038260 0.040900 
0.069580 0.058540 0.064720 0.010490 0.029920 
68
0.479817 0.014330 0.046210 
0.462778 0.970721 0.462022 
0.057405 0.014950 0.491768 
0.017086 0.004269 0.008584 0.010840 0.065451 
0.013232 0.010657 0.018766 0.010489 0.040755 
0.009498 0.008899 0.007877 0.007913 0.014105 
0.013840 0.012966 0.019562 0.647137 0.058072 
0.087130 0.033470 0.046870 0.049530 0.039770 
0.088610 0.033620 0.036890 0.080480 0.085360 
0.014750 0.040430 0.050680 0.038260 0.040900 
0.069580 0.058540 0.064720 0.010490 0.029920 
69
0.479817 0.014330 0.046210 
0.462778 0.970721 0.462022 
0.057405 0.014950 0.491768 
0.061333 0.006826 0.067339 0.054981 0.019149 
0.054761 0.017706 0.023682 0.046791 0.036766 
0.011126 0.045335 0.029978 0.032883 0.036414 
0.321974 0.067377 0.035999 0.007941 0.021638 
0.087130 0.033470 0.046870 0.049530 0.039770 
0.088610 0.033620 0.036890 0.080480 0.085360 
0.014750 0.040430 0.050680 0.038260 0.040900 
0.069580 0.058540 0.064720 0.010490 0.029920 
70
0.479817 0.014330 0.046210 
0.462778 0.970721 0.462022 
0.057405 0.014950 0.491768 
0.073958 0.004875 0.046610 0.059146 0.016487 
0.040728 0.018075 0.024878 0.355951 0.043234 
0.012468 0.036163 0.027073 0.041380 0.049947 
0.045505 0.041910 0.033973 0.007499 0.020140 
0.087130 0.033470 0.046870 0.049530 0.039770 
0.088610 0.033620 0.036890 0.080480 0.085360 
0.014750 0.040430 0.050680 0.038260 0.040900 
0.069580 0.058540 0.064720 0.010490 0.029920 
71
0.479817 0.014330 0.046210 
0.462778 0.970721 0.462022 
0.057405 0.014950 0.491768 
0.028713 0.005857 0.013384 0.017058 0.044450 
0.022045 0.008849 0.027300 0.015757 0.058956 
0.014200 0.011718 0.011105 0.010914 0.018818 
0.017793 0.016920 0.034043 0.583653 0.038464 
0.087130 0.033470 0.046870 0.049530 0.039770 
0.088610 0.033620 0.036890 0.080480 0.085360 
0.014750 0.040430 0.050680 0.038260 0.040900 
0.069580 0.058540 0.064720 0.010490 0.029920 
72
0.479817 0.014330 0.046210 
0.462778 0.970721 0.462022 
0.057405 0.014950 0.491768 
0.058946 0.004154 0.075714 0.396505 0.015240 
0.040108 0.015803 0.018730 0.054680 0.034960 
0.010369 0.031764 0.023746 0.043570 0.039974 
0.045098 0.037849 0.028191 0.006724 0.017876 
0.087130 0.033470 0.046870 0.049530 0.039770 
0.088610 0.033620 0.036890 0.080480 0.085360 
0.014750 0.040430 0.050680 0.038260 0.040900 
0.069580 0.058540 0.064720 0.010490 0.029920 
73
0.479817 0.014330 0.046210 
0.462778 0.970721 0.462022 
0.057405 0.014950 0.491768 
0.048876 0.004386 0.429262 0.071960 0.014069 
0.045309 0.015378 0.017713 0.044768 0.029987 
0.008862 0.051807 0.024234 0.031695 0.032499 
0.045296 0.036290 0.025871 0.005687 0.016050 
0.087130 0.033470 0.046870 0.049530 0.039770 
0.088610 0.033620 0.036890 0.080480 0.085360 
0.014750 0.040430 0.050680 0.038260 0.040900 
0.069580 0.058540 0.064720 0.010490 0.029920 
74
0.479817 0.014330 0.046210 
0.462778 0.970721 0.462022 
0.057405 0.014950 0.491768 
0.046530 0.004493 0.027335 0.032178 0.009327 
0.029552 0.009755 0.015498 0.029418 0.026885 
0.005534 0.017581 0.606769 0.016938 0.021305 
0.039166 0.025897 0.024104 0.002948 0.008787 
0.087130 0.033470 0.046870 0.049530 0.039770 
0.088610 0.033620 0.036890 0.080480 0.085360 
0.014750 0.040430 0.050680 0.038260 0.040900 
0.069580 0.058540 0.064720 0.010490 0.029920 
75
0.479817 0.014330 0.046210 
0.462778 0.970721 0.462022 
0.057405 0.014950 0.491768 
0.045576 0.009202 0.016795 0.019639 0.441417 
0.027764 0.011928 0.050453 0.017538 0.082992 
0.018626 0.015174 0.015325 0.014703 0.015491 
0.025064 0.026827 0.057144 0.021094 0.067247 
0.087130 0.033470 0.046870 0.049530 0.039770 
0.088610 0.033620 0.036890 0.080480 0.085360 
0.014750 0.040430 0.050680 0.038260 0.040900 
0.069580 0.058540 0.064720 0.010490 0.029920 
76
0.479817 0.014330 0.046210 
0.462778 0.970721 0.462022 
0.057405 0.014950 0.491768 
0.058372 0.005182 0.042479 0.052857 0.017509 
0.040080 0.017873 0.026138 0.063196 0.044886 
0.013029 0.034384 0.025760 0.037551 0.372772 
0.042730 0.040497 0.035303 0.008103 0.021298 
0.087130 0.033470 0.046870 0.049530 0.039770 
0.088610 0.033620 0.036890 0.080480 0.085360 
0.014750 0.040430 0.050680 0.038260 0.040900 
0.069580 0.058540 0.064720 0.010490 0.029920 
77
0.479817 0.014330 0.046210 
0.462778 0.970721 0.462022 
0.057405 0.014950 0.491768 
0.061678 0.011251 0.015903 0.018826 0.043619 
0.024202 0.011020 0.081482 0.019959 0.427248 
0.041107 0.015036 0.015054 0.016428 0.019691 
0.022447 0.030119 0.087387 0.011115 0.026430 
0.087130 0.033470 0.046870 0.049530 0.039770 
0.088610 0.033620 0.036890 0.080480 0.085360 
0.014750 0.040430 0.050680 0.038260 0.040900 
0.069580 0.058540 0.064720 0.010490 0.029920 
78
0.479817 0.014330 0.046210 
0.462778 0.970721 0.462022 
0.057405 0.014950 0.491768 
0.053691 0.006903 0.036607 0.038467 0.020108 
0.040604 0.014661 0.030266 0.038532 0.043527 
0.012107 0.032219 0.025050 0.027494 0.030641 
0.072819 0.406092 0.042549 0.007177 0.020487 
0.087130 0.033470 0.046870 0.049530 0.039770 
0.088610 0.033620 0.036890 0.080480 0.085360 
0.014750 0.040430 0.050680 0.038260 0.040900 
0.069580 0.058540 0.064720 0.010490 0.029920 
79
0.479817 0.014330 0.046210 
0.462778 0.970721 0.462022 
0.057405 0.014950 0.491768 
0.061259 0.009940 0.022870 0.027194 0.036900 
0.031674 0.012673 0.065001 0.028672 0.105260 
0.341625 0.020227 0.017762 0.021252 0.025458 
0.029135 0.033601 0.072380 0.010287 0.026831 
0.087130 0.033470 0.046870 0.049530 0.039770 
0.088610 0.033620 0.036890 0.080480 0.085360 
0.014750 0.040430 0.050680 0.038260 0.040900 
0.069580 0.058540 0.064720 0.010490 0.029920 
80
0.479817 0.014330 0.046210 
0.462778 0.970721 0.462022 
0.057405 0.014950 0.491768 
0.045142 0.004579 0.477240 0.054181 0.014026 
0.046952 0.014685 0.016906 0.039343 0.028744 
0.008161 0.045815 0.025248 0.027461 0.029878 
0.041671 0.033486 0.025036 0.005652 0.015795 
0.087130 0.033470 0.046870 0.049530 0.039770 
0.088610 0.033620 0.036890 0.080480 0.085360 
0.014750 0.040430 0.050680 0.038260 0.040900 
0.069580 0.058540 0.064720 0.010490 0.029920 
81
0.479817 0.014330 0.046210 
0.462778 0.970721 0.462022 
0.057405 0.014950 0.491768 
0.304087 0.011382 0.037597 0.046755 0.026381 
0.060119 0.015748 0.038718 0.042637 0.060239 
0.017113 0.029252 0.025085 0.030190 0.035061 
0.082931 0.044737 0.058213 0.008820 0.024934 
0.087130 0.033470 0.046870 0.049530 0.039770 
0.088610 0.033620 0.036890 0.080480 0.085360 
0.014750 0.040430 0.050680 0.038260 0.040900 
0.069580 0.058540 0.064720 0.010490 0.029920 
82
0.479817 0.014330 0.046210 
0.462778 0.970721 0.462022 
0.057405 0.014950 0.491768 
0.025476 0.008261 0.013984 0.016001 0.099781 
0.016585 0.027126 0.026885 0.016773 0.051277 
0.012909 0.016056 0.011442 0.012050 0.017352 
0.020559 0.018748 0.029394 0.029589 0.529752 
0.087130 0.033470 0.046870 0.049530 0.039770 
0.088610 0.033620 0.036890 0.080480 0.085360 
0.014750 0.040430 0.050680 0.038260 0.040900 
0.069580 0.058540 0.064720 0.010490 0.029920 
83
0.479817 0.014330 0.046210 
0.462778 0.970721 0.462022 
0.057405 0.014950 0.491768 
0.029243 0.005884 0.013749 0.017281 0.041799 
0.022290 0.008859 0.027930 0.016129 0.059285 
0.014230 0.011943 0.011368 0.011171 0.018840 
0.018003 0.017301 0.038632 0.581185 0.034877 
0.087130 0.033470 0.046870 0.049530 0.039770 
0.088610 0.033620 0.036890 0.080480 0.085360 
