%  SAM: modelfromalign v3.5 (July 15, 2005) compiled 12/05/20_11:48:22
%  (c) 1992-2001 Regents of the University of California, Santa Cruz
%
%          Sequence Alignment and Modeling Software System
%         http://www.cse.ucsc.edu/research/compbio/sam.html
%
% ----------------- Citations (SAM, SAM-T2K, HMMs) --------------------
% R. Hughey, A. Krogh, Hidden Markov models for sequence analysis:
%  Extension and analysis of the basic method, CABIOS 12:95-107, 1996.
% K. Karplus, et al., What is the value added by human intervention in protein
%  structure prediction, Proteins: Stucture, Function, Genetics 45(S5):86--91, 2001.
% A. Krogh et al., Hidden Markov models in computational biology:
%  Applications to protein modeling, JMB 235:1501-1531, Feb 1994.
% ---------------------------------------------------------------------
%  trimmed-uniq   Host: gauntlet    Thu Feb 11 16:19:51 2021
%  dgpinheiro     Dir:  /data/GitHub/sfFinder/example/output/subfamily/TEST1/flowerpower/fp-workspace/iter2
% ---------------------------------------------------------------------
% Prior File:  Internal (Name: recode3.20comp) 
%   20 priors on 20 characters.
%  Alignment weights from internal calc.  Total (1.66) Max (0.01) Min (0.01)
%  Weights from alignment method 1 (karplus), b=0.500000, e=0.500000
MODEL --  Model from alignment file trimmed-uniq.a2m
alphabet protein
FREQAVE
0.000000 0.000000 0.000000 
0.000000 0.000000 0.000000 
0.000000 0.000000 0.000000 
0.073430 0.015300 0.056458 0.066691 0.050828 
0.061590 0.029062 0.052889 0.056910 0.086510 
0.026581 0.040714 0.044978 0.042599 0.051826 
0.058672 0.053546 0.061415 0.023200 0.046800 
0.073430 0.015300 0.056458 0.066691 0.050828 
0.061590 0.029062 0.052889 0.056910 0.086510 
0.026581 0.040714 0.044978 0.042599 0.051826 
0.058672 0.053546 0.061415 0.023200 0.046800 
Begin
0.000000 0.000000 0.000000 
0.000000 0.000000 0.000000 
0.000000 0.104745 0.832045 
0.000000 0.000000 0.000000 0.000000 0.000000 
0.000000 0.000000 0.000000 0.000000 0.000000 
0.000000 0.000000 0.000000 0.000000 0.000000 
0.000000 0.000000 0.000000 0.000000 0.000000 
0.087223 0.033411 0.046852 0.049477 0.039668 
0.088421 0.033540 0.036829 0.080822 0.085409 
0.014898 0.040494 0.050592 0.038248 0.041025 
0.069473 0.058566 0.064599 0.010464 0.029990 
1
0.000000 0.014405 0.057370 
0.000000 0.880850 0.110585 
0.040950 0.016501 0.491768 
0.076698 0.014131 0.039989 0.056530 0.048001 
0.043269 0.021241 0.079351 0.054346 0.123298 
0.042473 0.034309 0.034931 0.037244 0.047678 
0.054036 0.054059 0.089035 0.013553 0.035828 
0.087130 0.033470 0.046870 0.049530 0.039770 
0.088610 0.033620 0.036890 0.080480 0.085360 
0.014750 0.040430 0.050680 0.038260 0.040900 
0.069580 0.058540 0.064720 0.010490 0.029920 
2
0.628926 0.015817 0.046210 
0.330124 0.967682 0.462022 
0.040950 0.016501 0.491768 
0.095394 0.013914 0.056799 0.070521 0.032134 
0.068426 0.022019 0.049092 0.062817 0.077164 
0.020723 0.043800 0.058907 0.040299 0.051944 
0.069245 0.060901 0.066534 0.010154 0.029211 
0.087130 0.033470 0.046870 0.049530 0.039770 
0.088610 0.033620 0.036890 0.080480 0.085360 
0.014750 0.040430 0.050680 0.038260 0.040900 
0.069580 0.058540 0.064720 0.010490 0.029920 
3
0.626403 0.015817 0.046210 
0.332647 0.967682 0.462022 
0.041054 0.016487 0.491768 
0.077598 0.012967 0.045672 0.064962 0.036929 
0.044182 0.023227 0.069239 0.065104 0.111788 
0.028444 0.038396 0.043158 0.041684 0.054602 
0.058319 0.056862 0.082406 0.011637 0.032824 
0.087130 0.033470 0.046870 0.049530 0.039770 
0.088610 0.033620 0.036890 0.080480 0.085360 
0.014750 0.040430 0.050680 0.038260 0.040900 
0.069580 0.058540 0.064720 0.010490 0.029920 
4
0.627987 0.015803 0.046210 
0.330959 0.967710 0.462022 
0.041054 0.016487 0.491768 
0.075857 0.012411 0.051139 0.067212 0.036816 
0.052681 0.026038 0.058927 0.064615 0.104435 
0.024466 0.042829 0.047804 0.042430 0.055973 
0.060393 0.056641 0.070909 0.012900 0.035526 
0.087130 0.033470 0.046870 0.049530 0.039770 
0.088610 0.033620 0.036890 0.080480 0.085360 
0.014750 0.040430 0.050680 0.038260 0.040900 
0.069580 0.058540 0.064720 0.010490 0.029920 
5
0.627987 0.015803 0.046210 
0.330959 0.967710 0.462022 
0.041054 0.016487 0.491768 
0.073807 0.010243 0.072262 0.089361 0.026204 
0.068242 0.025596 0.036710 0.077074 0.058681 
0.017946 0.057603 0.053564 0.049946 0.062570 
0.071526 0.061964 0.048749 0.009609 0.028344 
0.087130 0.033470 0.046870 0.049530 0.039770 
0.088610 0.033620 0.036890 0.080480 0.085360 
0.014750 0.040430 0.050680 0.038260 0.040900 
0.069580 0.058540 0.064720 0.010490 0.029920 
6
0.585874 0.015803 0.046210 
0.373073 0.967710 0.462022 
0.042859 0.016253 0.491768 
0.067440 0.009512 0.058103 0.081317 0.025334 
0.055548 0.026657 0.035660 0.092103 0.058947 
0.018227 0.049326 0.044388 0.052649 0.118274 
0.065756 0.056773 0.046303 0.010053 0.027630 
0.087130 0.033470 0.046870 0.049530 0.039770 
0.088610 0.033620 0.036890 0.080480 0.085360 
0.014750 0.040430 0.050680 0.038260 0.040900 
0.069580 0.058540 0.064720 0.010490 0.029920 
7
0.611632 0.015580 0.046210 
0.345510 0.968167 0.462022 
0.042859 0.016253 0.491768 
0.072906 0.008743 0.079732 0.132035 0.022479 
0.053064 0.025164 0.032278 0.080752 0.052206 
0.016668 0.052199 0.048524 0.054703 0.062093 
0.069569 0.058966 0.044703 0.008663 0.024556 
0.087130 0.033470 0.046870 0.049530 0.039770 
0.088610 0.033620 0.036890 0.080480 0.085360 
0.014750 0.040430 0.050680 0.038260 0.040900 
0.069580 0.058540 0.064720 0.010490 0.029920 
8
0.611632 0.015580 0.046210 
0.345510 0.968167 0.462022 
0.042859 0.016253 0.491768 
0.071017 0.008675 0.080476 0.095637 0.022285 
0.058536 0.025857 0.031262 0.109959 0.051390 
0.016320 0.055035 0.048290 0.053718 0.066886 
0.070026 0.059124 0.042140 0.008650 0.024715 
0.087130 0.033470 0.046870 0.049530 0.039770 
0.088610 0.033620 0.036890 0.080480 0.085360 
0.014750 0.040430 0.050680 0.038260 0.040900 
0.069580 0.058540 0.064720 0.010490 0.029920 
9
0.611632 0.015580 0.046210 
0.345510 0.968167 0.462022 
0.042859 0.016253 0.491768 
0.058387 0.013237 0.034601 0.042201 0.089469 
0.038195 0.030784 0.056745 0.042412 0.096809 
0.027218 0.036202 0.029157 0.032132 0.041788 
0.050013 0.047977 0.063527 0.047672 0.121475 
0.087130 0.033470 0.046870 0.049530 0.039770 
0.088610 0.033620 0.036890 0.080480 0.085360 
0.014750 0.040430 0.050680 0.038260 0.040900 
0.069580 0.058540 0.064720 0.010490 0.029920 
10
0.609204 0.015580 0.046210 
0.347938 0.968167 0.462022 
0.042963 0.016241 0.491768 
0.099557 0.012632 0.053955 0.066690 0.036304 
0.053754 0.027489 0.048747 0.062301 0.077952 
0.023353 0.047440 0.041866 0.045459 0.055410 
0.066330 0.059362 0.061304 0.012797 0.047297 
0.087130 0.033470 0.046870 0.049530 0.039770 
0.088610 0.033620 0.036890 0.080480 0.085360 
0.014750 0.040430 0.050680 0.038260 0.040900 
0.069580 0.058540 0.064720 0.010490 0.029920 
11
0.610686 0.015567 0.046210 
0.346351 0.968192 0.462022 
0.042963 0.016241 0.491768 
0.070627 0.010698 0.080600 0.084125 0.025063 
0.058654 0.027218 0.033714 0.075681 0.054660 
0.017541 0.059207 0.046763 0.048885 0.059119 
0.092754 0.072962 0.044729 0.009764 0.027236 
0.087130 0.033470 0.046870 0.049530 0.039770 
0.088610 0.033620 0.036890 0.080480 0.085360 
0.014750 0.040430 0.050680 0.038260 0.040900 
0.069580 0.058540 0.064720 0.010490 0.029920 
12
0.361573 0.015567 0.046210 
0.595464 0.968192 0.462022 
0.057216 0.015038 0.491768 
0.072301 0.012128 0.019974 0.022609 0.045665 
0.034684 0.013753 0.088827 0.023636 0.185097 
0.200362 0.018423 0.016326 0.019034 0.024169 
0.027067 0.042586 0.090386 0.012498 0.030473 
0.087130 0.033470 0.046870 0.049530 0.039770 
0.088610 0.033620 0.036890 0.080480 0.085360 
0.014750 0.040430 0.050680 0.038260 0.040900 
0.069580 0.058540 0.064720 0.010490 0.029920 
13
0.481528 0.014415 0.046210 
0.461255 0.970546 0.462022 
0.057216 0.015038 0.491768 
0.096282 0.008118 0.038971 0.042144 0.023357 
0.044026 0.015861 0.036317 0.041798 0.050731 
0.014472 0.034740 0.026789 0.030316 0.033319 
0.077117 0.303802 0.050527 0.008109 0.023204 
0.087130 0.033470 0.046870 0.049530 0.039770 
0.088610 0.033620 0.036890 0.080480 0.085360 
0.014750 0.040430 0.050680 0.038260 0.040900 
0.069580 0.058540 0.064720 0.010490 0.029920 
14
0.479861 0.014415 0.046210 
0.462922 0.970546 0.462022 
0.057312 0.015033 0.491768 
0.058185 0.005499 0.042120 0.050890 0.018386 
0.042303 0.017690 0.027122 0.056554 0.046338 
0.013135 0.033635 0.026210 0.035845 0.377674 
0.042222 0.039866 0.036384 0.008281 0.021661 
0.087130 0.033470 0.046870 0.049530 0.039770 
0.088610 0.033620 0.036890 0.080480 0.085360 
0.014750 0.040430 0.050680 0.038260 0.040900 
0.069580 0.058540 0.064720 0.010490 0.029920 
15
0.480663 0.014410 0.046210 
0.462025 0.970557 0.462022 
0.057312 0.015033 0.491768 
0.065684 0.005836 0.073105 0.032514 0.016674 
0.443818 0.014009 0.022396 0.033780 0.030428 
0.011194 0.041980 0.025012 0.021886 0.026162 
0.048771 0.035527 0.025104 0.007195 0.018925 
0.087130 0.033470 0.046870 0.049530 0.039770 
0.088610 0.033620 0.036890 0.080480 0.085360 
0.014750 0.040430 0.050680 0.038260 0.040900 
0.069580 0.058540 0.064720 0.010490 0.029920 
16
0.480663 0.014410 0.046210 
0.462025 0.970557 0.462022 
0.057312 0.015033 0.491768 
0.059243 0.010748 0.014981 0.017743 0.041094 
0.022756 0.010447 0.077173 0.018890 0.442662 
0.034206 0.014212 0.014216 0.015475 0.018600 
0.021437 0.039867 0.091123 0.010243 0.024885 
0.087130 0.033470 0.046870 0.049530 0.039770 
0.088610 0.033620 0.036890 0.080480 0.085360 
0.014750 0.040430 0.050680 0.038260 0.040900 
0.069580 0.058540 0.064720 0.010490 0.029920 
17
0.479037 0.014410 0.046210 
0.463651 0.970557 0.462022 
0.057405 0.015027 0.491768 
0.074815 0.007087 0.068921 0.038491 0.022473 
0.334848 0.020020 0.028989 0.038671 0.038541 
0.014060 0.063679 0.029686 0.025997 0.030609 
0.059644 0.038657 0.031244 0.009518 0.024050 
0.087130 0.033470 0.046870 0.049530 0.039770 
0.088610 0.033620 0.036890 0.080480 0.085360 
0.014750 0.040430 0.050680 0.038260 0.040900 
0.069580 0.058540 0.064720 0.010490 0.029920 
18
0.479817 0.014405 0.046210 
0.462778 0.970568 0.462022 
0.057405 0.015027 0.491768 
0.024499 0.005913 0.012077 0.014626 0.038743 
0.021185 0.007780 0.023346 0.013203 0.052344 
0.012521 0.010098 0.010350 0.008976 0.016599 
0.015532 0.014452 0.029568 0.635479 0.032707 
0.087130 0.033470 0.046870 0.049530 0.039770 
0.088610 0.033620 0.036890 0.080480 0.085360 
0.014750 0.040430 0.050680 0.038260 0.040900 
0.069580 0.058540 0.064720 0.010490 0.029920 
19
0.479817 0.014405 0.046210 
0.462778 0.970568 0.462022 
0.057405 0.015027 0.491768 
0.071139 0.004515 0.256253 0.126386 0.017482 
0.049146 0.017429 0.021606 0.055137 0.037163 
0.011104 0.058997 0.026179 0.044962 0.037924 
0.063221 0.046023 0.029507 0.006988 0.018838 
0.087130 0.033470 0.046870 0.049530 0.039770 
0.088610 0.033620 0.036890 0.080480 0.085360 
0.014750 0.040430 0.050680 0.038260 0.040900 
0.069580 0.058540 0.064720 0.010490 0.029920 
20
0.479817 0.014405 0.046210 
0.462778 0.970568 0.462022 
0.057405 0.015027 0.491768 
0.067319 0.009025 0.039000 0.039986 0.037966 
0.047252 0.016627 0.045289 0.038787 0.068600 
0.016616 0.035517 0.041561 0.028982 0.031632 
0.075776 0.264335 0.059294 0.009492 0.026943 
0.087130 0.033470 0.046870 0.049530 0.039770 
0.088610 0.033620 0.036890 0.080480 0.085360 
0.014750 0.040430 0.050680 0.038260 0.040900 
0.069580 0.058540 0.064720 0.010490 0.029920 
21
0.479817 0.014405 0.046210 
0.462778 0.970568 0.462022 
0.057405 0.015027 0.491768 
0.062139 0.007738 0.042106 0.042739 0.021258 
0.054688 0.015900 0.031311 0.041095 0.039466 
0.012191 0.038948 0.028503 0.030221 0.031546 
0.128382 0.294798 0.046332 0.007722 0.022918 
0.087130 0.033470 0.046870 0.049530 0.039770 
0.088610 0.033620 0.036890 0.080480 0.085360 
0.014750 0.040430 0.050680 0.038260 0.040900 
0.069580 0.058540 0.064720 0.010490 0.029920 
22
0.479817 0.014405 0.046210 
0.462778 0.970568 0.462022 
0.057405 0.015027 0.491768 
0.041412 0.006967 0.021309 0.023528 0.065218 
0.031294 0.017411 0.034385 0.023691 0.055822 
0.013794 0.019078 0.016591 0.017931 0.022983 
0.028790 0.028038 0.044111 0.016645 0.471003 
0.087130 0.033470 0.046870 0.049530 0.039770 
0.088610 0.033620 0.036890 0.080480 0.085360 
0.014750 0.040430 0.050680 0.038260 0.040900 
0.069580 0.058540 0.064720 0.010490 0.029920 
23
0.479817 0.014405 0.046210 
0.462778 0.970568 0.462022 
0.057405 0.015027 0.491768 
0.070922 0.006032 0.053768 0.086511 0.021462 
0.043001 0.019386 0.030566 0.063223 0.051448 
0.014866 0.037357 0.027422 0.231225 0.049405 
0.049755 0.045669 0.064942 0.008966 0.024072 
0.087130 0.033470 0.046870 0.049530 0.039770 
0.088610 0.033620 0.036890 0.080480 0.085360 
0.014750 0.040430 0.050680 0.038260 0.040900 
0.069580 0.058540 0.064720 0.010490 0.029920 
24
0.479817 0.014405 0.046210 
0.462778 0.970568 0.462022 
0.057405 0.015027 0.491768 
0.219093 0.010195 0.054898 0.053145 0.027911 
0.067385 0.018744 0.041432 0.051418 0.062813 
0.017732 0.036204 0.044468 0.035012 0.041121 
0.075712 0.048329 0.057030 0.010004 0.027354 
0.087130 0.033470 0.046870 0.049530 0.039770 
0.088610 0.033620 0.036890 0.080480 0.085360 
0.014750 0.040430 0.050680 0.038260 0.040900 
0.069580 0.058540 0.064720 0.010490 0.029920 
25
0.479817 0.014405 0.046210 
0.462778 0.970568 0.462022 
0.057405 0.015027 0.491768 
0.077046 0.009304 0.040282 0.060684 0.033052 
0.051300 0.020094 0.052669 0.051385 0.079984 
0.189794 0.033508 0.025471 0.034318 0.046991 
0.043948 0.044357 0.062000 0.012587 0.031227 
0.087130 0.033470 0.046870 0.049530 0.039770 
0.088610 0.033620 0.036890 0.080480 0.085360 
0.014750 0.040430 0.050680 0.038260 0.040900 
0.069580 0.058540 0.064720 0.010490 0.029920 
26
0.479817 0.014405 0.046210 
0.462778 0.970568 0.462022 
0.057405 0.015027 0.491768 
0.060506 0.004428 0.319462 0.086258 0.015632 
0.046752 0.017301 0.020552 0.059987 0.034631 
0.010588 0.062251 0.025817 0.044784 0.038602 
0.057657 0.041942 0.028745 0.006340 0.017767 
0.087130 0.033470 0.046870 0.049530 0.039770 
0.088610 0.033620 0.036890 0.080480 0.085360 
0.014750 0.040430 0.050680 0.038260 0.040900 
0.069580 0.058540 0.064720 0.010490 0.029920 
27
0.479817 0.014405 0.046210 
0.462778 0.970568 0.462022 
0.057405 0.015027 0.491768 
0.064074 0.004323 0.261545 0.123282 0.016524 
0.047221 0.017514 0.021454 0.075076 0.037120 
0.011115 0.057213 0.026487 0.044211 0.041154 
0.054337 0.041196 0.030832 0.006789 0.018531 
0.087130 0.033470 0.046870 0.049530 0.039770 
0.088610 0.033620 0.036890 0.080480 0.085360 
0.014750 0.040430 0.050680 0.038260 0.040900 
0.069580 0.058540 0.064720 0.010490 0.029920 
28
0.479817 0.014405 0.046210 
0.462778 0.970568 0.462022 
0.057405 0.015027 0.491768 
0.073825 0.012906 0.012240 0.013065 0.038851 
0.023467 0.008836 0.151261 0.015135 0.109810 
0.022158 0.011377 0.014642 0.011518 0.014478 
0.022704 0.032353 0.379642 0.008259 0.023474 
0.087130 0.033470 0.046870 0.049530 0.039770 
0.088610 0.033620 0.036890 0.080480 0.085360 
0.014750 0.040430 0.050680 0.038260 0.040900 
0.069580 0.058540 0.064720 0.010490 0.029920 
29
0.479817 0.014405 0.046210 
0.462778 0.970568 0.462022 
0.057405 0.015027 0.491768 
0.045236 0.009260 0.015604 0.019153 0.441440 
0.025686 0.011724 0.052634 0.017162 0.084814 
0.018963 0.014497 0.014488 0.014549 0.014959 
0.024445 0.026549 0.057814 0.021944 0.069077 
0.087130 0.033470 0.046870 0.049530 0.039770 
0.088610 0.033620 0.036890 0.080480 0.085360 
0.014750 0.040430 0.050680 0.038260 0.040900 
0.069580 0.058540 0.064720 0.010490 0.029920 
30
0.479817 0.014405 0.046210 
0.462778 0.970568 0.462022 
0.057405 0.015027 0.491768 
0.045620 0.004991 0.033465 0.029456 0.017046 
0.045013 0.011842 0.022037 0.034076 0.036644 
0.007199 0.024841 0.517362 0.019577 0.025154 
0.038597 0.031641 0.032482 0.006150 0.016806 
0.087130 0.033470 0.046870 0.049530 0.039770 
0.088610 0.033620 0.036890 0.080480 0.085360 
0.014750 0.040430 0.050680 0.038260 0.040900 
0.069580 0.058540 0.064720 0.010490 0.029920 
31
0.479817 0.078498 0.046210 
0.462778 0.906475 0.462022 
0.044554 0.016057 0.491768 
0.067962 0.009538 0.077829 0.090928 0.026479 
0.057430 0.055586 0.033963 0.074036 0.056196 
0.017967 0.058943 0.041808 0.058252 0.060216 
0.072156 0.057270 0.043523 0.010394 0.029525 
0.087130 0.033470 0.046870 0.049530 0.039770 
0.088610 0.033620 0.036890 0.080480 0.085360 
0.014750 0.040430 0.050680 0.038260 0.040900 
0.069580 0.058540 0.064720 0.010490 0.029920 
32
0.596271 0.041465 0.046210 
0.359175 0.942479 0.462022 
0.041055 0.016486 0.491768 
0.078321 0.011810 0.059267 0.084668 0.030734 
0.053089 0.024558 0.049376 0.071603 0.071888 
0.020991 0.045497 0.054376 0.046688 0.060514 
0.069014 0.062865 0.062619 0.010890 0.031233 
0.087130 0.033470 0.046870 0.049530 0.039770 
0.088610 0.033620 0.036890 0.080480 0.085360 
0.014750 0.040430 0.050680 0.038260 0.040900 
0.069580 0.058540 0.064720 0.010490 0.029920 
33
0.421692 0.016195 0.046210 
0.537253 0.967319 0.462022 
0.051650 0.015409 0.491768 
0.049448 0.009202 0.017224 0.020595 0.113903 
0.030559 0.021516 0.048328 0.018998 0.093811 
0.020151 0.018876 0.014773 0.017004 0.022030 
0.029826 0.029637 0.060466 0.027521 0.336132 
0.087130 0.033470 0.046870 0.049530 0.039770 
0.088610 0.033620 0.036890 0.080480 0.085360 
0.014750 0.040430 0.050680 0.038260 0.040900 
0.069580 0.058540 0.064720 0.010490 0.029920 
34
0.433158 0.014770 0.046210 
0.515192 0.969821 0.462022 
0.057313 0.015033 0.491768 
0.059748 0.004628 0.297856 0.091153 0.016372 
0.049338 0.017345 0.020902 0.054736 0.034734 
0.010552 0.064620 0.026364 0.038696 0.036785 
0.073586 0.049056 0.028973 0.006491 0.018065 
0.087130 0.033470 0.046870 0.049530 0.039770 
0.088610 0.033620 0.036890 0.080480 0.085360 
0.014750 0.040430 0.050680 0.038260 0.040900 
0.069580 0.058540 0.064720 0.010490 0.029920 
35
0.479047 0.014410 0.046210 
0.463640 0.970557 0.462022 
0.057405 0.015027 0.491768 
0.077970 0.004815 0.066684 0.079899 0.018351 
0.063288 0.019124 0.028200 0.137724 0.048609 
0.013777 0.039714 0.028144 0.152208 0.064639 
0.050677 0.041097 0.035118 0.008155 0.021807 
0.087130 0.033470 0.046870 0.049530 0.039770 
0.088610 0.033620 0.036890 0.080480 0.085360 
0.014750 0.040430 0.050680 0.038260 0.040900 
0.069580 0.058540 0.064720 0.010490 0.029920 
36
0.479817 0.014405 0.046210 
0.462778 0.970568 0.462022 
0.057405 0.015027 0.491768 
0.059018 0.010450 0.022608 0.027109 0.298357 
0.038467 0.018718 0.050597 0.021552 0.077497 
0.019252 0.022393 0.018820 0.019203 0.021014 
0.038792 0.037580 0.060289 0.027192 0.111091 
0.087130 0.033470 0.046870 0.049530 0.039770 
0.088610 0.033620 0.036890 0.080480 0.085360 
0.014750 0.040430 0.050680 0.038260 0.040900 
0.069580 0.058540 0.064720 0.010490 0.029920 
37
0.479817 0.014405 0.046210 
0.462778 0.970568 0.462022 
0.057405 0.015027 0.491768 
0.064289 0.004343 0.070952 0.346111 0.020524 
0.052452 0.016542 0.021150 0.061237 0.038888 
0.011588 0.033611 0.024107 0.046675 0.042713 
0.047820 0.039803 0.030666 0.007314 0.019215 
0.087130 0.033470 0.046870 0.049530 0.039770 
0.088610 0.033620 0.036890 0.080480 0.085360 
0.014750 0.040430 0.050680 0.038260 0.040900 
0.069580 0.058540 0.064720 0.010490 0.029920 
38
0.479817 0.014405 0.046210 
0.462778 0.970568 0.462022 
0.057405 0.015027 0.491768 
0.058113 0.004471 0.040876 0.025033 0.011543 
0.579153 0.010299 0.015950 0.027579 0.022908 
0.008458 0.030630 0.020115 0.016951 0.025534 
0.039076 0.026016 0.017934 0.005204 0.014158 
0.087130 0.033470 0.046870 0.049530 0.039770 
0.088610 0.033620 0.036890 0.080480 0.085360 
0.014750 0.040430 0.050680 0.038260 0.040900 
0.069580 0.058540 0.064720 0.010490 0.029920 
39
0.479817 0.014405 0.046210 
0.462778 0.970568 0.462022 
0.057405 0.015027 0.491768 
0.053717 0.011697 0.011731 0.012916 0.039717 
0.021881 0.008679 0.383848 0.014922 0.113403 
0.024303 0.011204 0.013604 0.011664 0.014422 
0.019356 0.029114 0.172131 0.008678 0.023013 
0.087130 0.033470 0.046870 0.049530 0.039770 
0.088610 0.033620 0.036890 0.080480 0.085360 
0.014750 0.040430 0.050680 0.038260 0.040900 
0.069580 0.058540 0.064720 0.010490 0.029920 
40
0.479817 0.014405 0.046210 
0.462778 0.970568 0.462022 
0.057405 0.015027 0.491768 
0.068789 0.005185 0.050444 0.063759 0.017220 
0.043402 0.022909 0.026982 0.300003 0.045835 
0.013313 0.038944 0.039271 0.044313 0.060901 
0.049197 0.043692 0.036102 0.008037 0.021702 
0.087130 0.033470 0.046870 0.049530 0.039770 
0.088610 0.033620 0.036890 0.080480 0.085360 
0.014750 0.040430 0.050680 0.038260 0.040900 
0.069580 0.058540 0.064720 0.010490 0.029920 
41
0.479817 0.014405 0.046210 
0.462778 0.970568 0.462022 
0.057405 0.015027 0.491768 
0.074160 0.011998 0.017449 0.019434 0.039606 
0.038566 0.011337 0.332173 0.021857 0.107172 
0.026762 0.015831 0.016893 0.016312 0.020581 
0.025955 0.035471 0.133103 0.009583 0.025756 
0.087130 0.033470 0.046870 0.049530 0.039770 
0.088610 0.033620 0.036890 0.080480 0.085360 
0.014750 0.040430 0.050680 0.038260 0.040900 
0.069580 0.058540 0.064720 0.010490 0.029920 
42
0.479817 0.014405 0.046210 
0.462778 0.970568 0.462022 
0.057405 0.015027 0.491768 
0.065892 0.007244 0.051617 0.082000 0.028367 
0.052752 0.191046 0.032106 0.064996 0.052906 
0.015907 0.044591 0.028898 0.039654 0.047201 
0.052952 0.055952 0.041370 0.012415 0.032134 
0.087130 0.033470 0.046870 0.049530 0.039770 
0.088610 0.033620 0.036890 0.080480 0.085360 
0.014750 0.040430 0.050680 0.038260 0.040900 
0.069580 0.058540 0.064720 0.010490 0.029920 
43
0.479817 0.014405 0.046210 
0.462778 0.970568 0.462022 
0.057405 0.015027 0.491768 
0.062967 0.004326 0.349884 0.085917 0.014845 
0.056649 0.016209 0.019462 0.050162 0.032107 
0.009760 0.062436 0.024473 0.036005 0.034536 
0.051236 0.039518 0.027134 0.005829 0.016545 
0.087130 0.033470 0.046870 0.049530 0.039770 
0.088610 0.033620 0.036890 0.080480 0.085360 
0.014750 0.040430 0.050680 0.038260 0.040900 
0.069580 0.058540 0.064720 0.010490 0.029920 
44
0.479817 0.014405 0.046210 
0.462778 0.970568 0.462022 
0.057405 0.015027 0.491768 
0.018684 0.004647 0.009485 0.011945 0.067596 
0.014321 0.011452 0.020416 0.011600 0.043453 
0.010245 0.009825 0.008674 0.008776 0.015122 
0.015118 0.014221 0.021382 0.622899 0.060140 
0.087130 0.033470 0.046870 0.049530 0.039770 
0.088610 0.033620 0.036890 0.080480 0.085360 
0.014750 0.040430 0.050680 0.038260 0.040900 
0.069580 0.058540 0.064720 0.010490 0.029920 
45
0.479817 0.014405 0.046210 
0.462778 0.970568 0.462022 
0.057405 0.015027 0.491768 
0.061205 0.004875 0.285266 0.102484 0.017927 
0.049937 0.017886 0.021929 0.053271 0.043109 
0.011291 0.058240 0.026975 0.040695 0.038078 
0.066481 0.042019 0.030259 0.008514 0.019561 
0.087130 0.033470 0.046870 0.049530 0.039770 
0.088610 0.033620 0.036890 0.080480 0.085360 
0.014750 0.040430 0.050680 0.038260 0.040900 
0.069580 0.058540 0.064720 0.010490 0.029920 
46
0.479817 0.014405 0.046210 
0.462778 0.970568 0.462022 
0.057405 0.015027 0.491768 
0.099659 0.004828 0.054590 0.065754 0.017079 
0.054312 0.018514 0.026975 0.275042 0.046058 
0.013206 0.038110 0.029145 0.045756 0.054520 
0.048847 0.043225 0.035490 0.007797 0.021091 
0.087130 0.033470 0.046870 0.049530 0.039770 
0.088610 0.033620 0.036890 0.080480 0.085360 
0.014750 0.040430 0.050680 0.038260 0.040900 
0.069580 0.058540 0.064720 0.010490 0.029920 
47
0.479817 0.014405 0.046210 
0.462778 0.970568 0.462022 
0.057405 0.015027 0.491768 
0.024733 0.005650 0.009203 0.013871 0.052880 
0.017064 0.007598 0.026417 0.012300 0.060669 
0.014585 0.008809 0.008290 0.008551 0.017107 
0.014427 0.013734 0.032782 0.608416 0.042914 
0.087130 0.033470 0.046870 0.049530 0.039770 
0.088610 0.033620 0.036890 0.080480 0.085360 
0.014750 0.040430 0.050680 0.038260 0.040900 
0.069580 0.058540 0.064720 0.010490 0.029920 
48
0.479817 0.014405 0.046210 
0.462778 0.970568 0.462022 
0.057405 0.015027 0.491768 
0.062662 0.003596 0.122400 0.346811 0.014917 
0.038906 0.015144 0.017688 0.056136 0.034145 
0.010220 0.032028 0.022572 0.048780 0.039177 
0.047237 0.037238 0.026758 0.006453 0.017134 
0.087130 0.033470 0.046870 0.049530 0.039770 
0.088610 0.033620 0.036890 0.080480 0.085360 
0.014750 0.040430 0.050680 0.038260 0.040900 
0.069580 0.058540 0.064720 0.010490 0.029920 
49
0.479817 0.014405 0.046210 
0.462778 0.970568 0.462022 
0.057405 0.015027 0.491768 
0.052727 0.003917 0.363012 0.120084 0.013883 
0.043020 0.015361 0.017625 0.048634 0.030296 
0.009200 0.055968 0.023254 0.036958 0.033744 
0.048289 0.037321 0.025489 0.005525 0.015694 
0.087130 0.033470 0.046870 0.049530 0.039770 
0.088610 0.033620 0.036890 0.080480 0.085360 
0.014750 0.040430 0.050680 0.038260 0.040900 
0.069580 0.058540 0.064720 0.010490 0.029920 
50
0.479817 0.014405 0.046210 
0.462778 0.970568 0.462022 
0.057405 0.015027 0.491768 
0.047763 0.004733 0.028762 0.033732 0.009900 
0.030856 0.010303 0.016226 0.030717 0.027991 
0.005913 0.018788 0.589032 0.017849 0.022418 
0.040427 0.027038 0.025003 0.003169 0.009380 
0.087130 0.033470 0.046870 0.049530 0.039770 
0.088610 0.033620 0.036890 0.080480 0.085360 
0.014750 0.040430 0.050680 0.038260 0.040900 
0.069580 0.058540 0.064720 0.010490 0.029920 
51
0.479817 0.014405 0.046210 
0.462778 0.970568 0.462022 
0.057405 0.015027 0.491768 
0.043965 0.009355 0.014798 0.018703 0.416123 
0.025948 0.012799 0.048566 0.015760 0.079996 
0.018029 0.014368 0.014016 0.014146 0.013959 
0.025047 0.026223 0.055298 0.026595 0.106304 
0.087130 0.033470 0.046870 0.049530 0.039770 
0.088610 0.033620 0.036890 0.080480 0.085360 
0.014750 0.040430 0.050680 0.038260 0.040900 
0.069580 0.058540 0.064720 0.010490 0.029920 
52
0.479817 0.014405 0.046210 
0.462778 0.970568 0.462022 
0.057405 0.015027 0.491768 
0.064417 0.004967 0.045996 0.059162 0.017758 
0.040598 0.018958 0.027680 0.101062 0.047220 
0.014014 0.036905 0.026866 0.041793 0.296953 
0.045480 0.042568 0.036476 0.008554 0.022572 
0.087130 0.033470 0.046870 0.049530 0.039770 
0.088610 0.033620 0.036890 0.080480 0.085360 
0.014750 0.040430 0.050680 0.038260 0.040900 
0.069580 0.058540 0.064720 0.010490 0.029920 
53
0.479817 0.014405 0.046210 
0.462778 0.970568 0.462022 
0.057405 0.015027 0.491768 
0.056816 0.010955 0.012149 0.014283 0.042466 
0.020249 0.009395 0.096435 0.015220 0.452035 
0.032693 0.012003 0.012939 0.013569 0.015773 
0.018674 0.027464 0.102246 0.010170 0.024467 
0.087130 0.033470 0.046870 0.049530 0.039770 
0.088610 0.033620 0.036890 0.080480 0.085360 
0.014750 0.040430 0.050680 0.038260 0.040900 
0.069580 0.058540 0.064720 0.010490 0.029920 
54
0.479817 0.014405 0.046210 
0.462778 0.970568 0.462022 
0.057405 0.015027 0.491768 
0.056026 0.007049 0.038118 0.040087 0.019876 
0.040761 0.014938 0.029834 0.039735 0.040812 
0.011859 0.034520 0.025744 0.028780 0.031214 
0.094910 0.374379 0.043226 0.007172 0.020960 
0.087130 0.033470 0.046870 0.049530 0.039770 
0.088610 0.033620 0.036890 0.080480 0.085360 
0.014750 0.040430 0.050680 0.038260 0.040900 
0.069580 0.058540 0.064720 0.010490 0.029920 
55
0.479817 0.014405 0.046210 
0.462778 0.970568 0.462022 
0.057405 0.015027 0.491768 
0.074503 0.011580 0.026151 0.030096 0.045770 
0.041679 0.015611 0.073269 0.030914 0.113035 
0.225226 0.023347 0.019453 0.023449 0.029263 
0.033845 0.037926 0.081819 0.013477 0.049586 
0.087130 0.033470 0.046870 0.049530 0.039770 
0.088610 0.033620 0.036890 0.080480 0.085360 
0.014750 0.040430 0.050680 0.038260 0.040900 
0.069580 0.058540 0.064720 0.010490 0.029920 
56
0.479817 0.014405 0.046210 
0.462778 0.970568 0.462022 
0.057405 0.015027 0.491768 
0.053005 0.004468 0.368388 0.067091 0.014871 
0.045451 0.016669 0.019481 0.050781 0.032762 
0.009886 0.057017 0.030036 0.035071 0.056084 
0.049061 0.038997 0.027592 0.006144 0.017148 
0.087130 0.033470 0.046870 0.049530 0.039770 
0.088610 0.033620 0.036890 0.080480 0.085360 
0.014750 0.040430 0.050680 0.038260 0.040900 
0.069580 0.058540 0.064720 0.010490 0.029920 
57
0.479817 0.014405 0.046210 
0.462778 0.970568 0.462022 
0.057405 0.015027 0.491768 
0.299136 0.009356 0.044756 0.073116 0.024176 
0.055753 0.016986 0.035715 0.051147 0.057196 
0.016329 0.031931 0.025866 0.034935 0.040780 
0.055475 0.043187 0.051172 0.008752 0.024235 
0.087130 0.033470 0.046870 0.049530 0.039770 
0.088610 0.033620 0.036890 0.080480 0.085360 
0.014750 0.040430 0.050680 0.038260 0.040900 
0.069580 0.058540 0.064720 0.010490 0.029920 
58
0.479817 0.014405 0.046210 
0.462778 0.970568 0.462022 
0.057405 0.015027 0.491768 
0.027180 0.008577 0.014995 0.017233 0.100835 
0.017734 0.027671 0.028524 0.018012 0.053860 
0.013629 0.017011 0.012339 0.012965 0.018542 
0.021947 0.020112 0.031241 0.030044 0.507548 
0.087130 0.033470 0.046870 0.049530 0.039770 
0.088610 0.033620 0.036890 0.080480 0.085360 
0.014750 0.040430 0.050680 0.038260 0.040900 
0.069580 0.058540 0.064720 0.010490 0.029920 
59
0.479817 0.014405 0.046210 
0.462778 0.970568 0.462022 
0.057405 0.015027 0.491768 
0.031187 0.006395 0.011827 0.016162 0.045160 
0.019767 0.008632 0.033037 0.015007 0.067483 
0.016045 0.011082 0.010229 0.010773 0.018191 
0.017342 0.017424 0.064517 0.543082 0.036657 
0.087130 0.033470 0.046870 0.049530 0.039770 
0.088610 0.033620 0.036890 0.080480 0.085360 
0.014750 0.040430 0.050680 0.038260 0.040900 
0.069580 0.058540 0.064720 0.010490 0.029920 
60
0.479817 0.014405 0.046210 
0.462778 0.970568 0.462022 
0.057405 0.015027 0.491768 
0.066785 0.004846 0.049358 0.063162 0.016818 
0.041483 0.026548 0.025860 0.323404 0.044633 
0.014032 0.038182 0.028141 0.043924 0.055754 
0.049939 0.043205 0.034910 0.007832 0.021184 
0.087130 0.033470 0.046870 0.049530 0.039770 
0.088610 0.033620 0.036890 0.080480 0.085360 
0.014750 0.040430 0.050680 0.038260 0.040900 
0.069580 0.058540 0.064720 0.010490 0.029920 
61
0.479817 0.014405 0.046210 
0.462778 0.970568 0.462022 
0.057405 0.015027 0.491768 
0.060753 0.011290 0.023758 0.025256 0.237329 
0.043899 0.021402 0.064368 0.020324 0.085727 
0.021854 0.029023 0.020131 0.019218 0.022094 
0.035282 0.034697 0.072369 0.027142 0.124084 
0.087130 0.033470 0.046870 0.049530 0.039770 
0.088610 0.033620 0.036890 0.080480 0.085360 
0.014750 0.040430 0.050680 0.038260 0.040900 
0.069580 0.058540 0.064720 0.010490 0.029920 
62
0.479817 0.014405 0.046210 
0.462778 0.970568 0.462022 
0.057405 0.015027 0.491768 
0.061679 0.005793 0.047828 0.060324 0.019449 
0.042282 0.018252 0.027619 0.058848 0.047709 
0.013490 0.035479 0.026444 0.332693 0.045495 
0.046094 0.043149 0.037573 0.008085 0.021715 
0.087130 0.033470 0.046870 0.049530 0.039770 
0.088610 0.033620 0.036890 0.080480 0.085360 
0.014750 0.040430 0.050680 0.038260 0.040900 
0.069580 0.058540 0.064720 0.010490 0.029920 
63
0.479817 0.014405 0.046210 
0.462778 0.970568 0.462022 
0.057405 0.015027 0.491768 
0.126329 0.009066 0.039574 0.035700 0.024473 
0.311297 0.016122 0.034611 0.035898 0.046630 
0.015941 0.039678 0.027229 0.024785 0.034748 
0.057683 0.039146 0.046839 0.009442 0.024810 
0.087130 0.033470 0.046870 0.049530 0.039770 
0.088610 0.033620 0.036890 0.080480 0.085360 
0.014750 0.040430 0.050680 0.038260 0.040900 
0.069580 0.058540 0.064720 0.010490 0.029920 
64
0.479817 0.014405 0.046210 
0.462778 0.970568 0.462022 
0.057405 0.015027 0.491768 
0.061505 0.004090 0.075127 0.367706 0.015466 
0.049085 0.015931 0.019141 0.056625 0.035678 
0.010677 0.032447 0.023474 0.045344 0.040961 
0.046572 0.046774 0.028498 0.006816 0.018084 
0.087130 0.033470 0.046870 0.049530 0.039770 
0.088610 0.033620 0.036890 0.080480 0.085360 
0.014750 0.040430 0.050680 0.038260 0.040900 
0.069580 0.058540 0.064720 0.010490 0.029920 
65
0.479817 0.014405 0.046210 
0.462778 0.970568 0.462022 
0.057405 0.015027 0.491768 
0.045735 0.004953 0.043384 0.068791 0.011157 
0.034576 0.018789 0.018012 0.387818 0.032191 
0.009982 0.035917 0.027741 0.045907 0.090272 
0.043510 0.037848 0.025084 0.004508 0.013823 
0.087130 0.033470 0.046870 0.049530 0.039770 
0.088610 0.033620 0.036890 0.080480 0.085360 
0.014750 0.040430 0.050680 0.038260 0.040900 
0.069580 0.058540 0.064720 0.010490 0.029920 
66
0.479817 0.014405 0.046210 
0.462778 0.970568 0.462022 
0.057405 0.015027 0.491768 
0.060917 0.003663 0.109195 0.368354 0.014680 
0.038666 0.015110 0.017503 0.055196 0.033644 
0.010078 0.031366 0.022598 0.046938 0.038959 
0.046155 0.037003 0.026535 0.006402 0.017036 
0.087130 0.033470 0.046870 0.049530 0.039770 
0.088610 0.033620 0.036890 0.080480 0.085360 
0.014750 0.040430 0.050680 0.038260 0.040900 
0.069580 0.058540 0.064720 0.010490 0.029920 
67
0.479817 0.014405 0.046210 
0.462778 0.970568 0.462022 
0.057405 0.015027 0.491768 
0.081774 0.004630 0.061052 0.068226 0.017526 
0.043376 0.018845 0.028952 0.230367 0.049296 
0.014035 0.038617 0.029359 0.046070 0.099305 
0.053024 0.048938 0.036426 0.008184 0.021998 
0.087130 0.033470 0.046870 0.049530 0.039770 
0.088610 0.033620 0.036890 0.080480 0.085360 
0.014750 0.040430 0.050680 0.038260 0.040900 
0.069580 0.058540 0.064720 0.010490 0.029920 
68
0.479817 0.014405 0.046210 
0.462778 0.970568 0.462022 
0.057405 0.015027 0.491768 
0.066925 0.004776 0.049581 0.062764 0.016436 
0.063243 0.018500 0.025271 0.305892 0.043392 
0.012683 0.037985 0.028729 0.043218 0.056454 
0.050390 0.051272 0.034105 0.007664 0.020719 
0.087130 0.033470 0.046870 0.049530 0.039770 
0.088610 0.033620 0.036890 0.080480 0.085360 
0.014750 0.040430 0.050680 0.038260 0.040900 
0.069580 0.058540 0.064720 0.010490 0.029920 
69
0.479817 0.014405 0.046210 
0.462778 0.970568 0.462022 
0.057405 0.015027 0.491768 
0.065150 0.010830 0.013227 0.015506 0.041189 
0.021363 0.009779 0.093120 0.016562 0.439674 
0.027716 0.012783 0.013441 0.013996 0.016828 
0.019852 0.033753 0.100909 0.009970 0.024353 
0.087130 0.033470 0.046870 0.049530 0.039770 
0.088610 0.033620 0.036890 0.080480 0.085360 
0.014750 0.040430 0.050680 0.038260 0.040900 
0.069580 0.058540 0.064720 0.010490 0.029920 
70
0.479817 0.014405 0.046210 
0.462778 0.970568 0.462022 
0.057405 0.015027 0.491768 
0.041781 0.006781 0.022841 0.025257 0.064418 
0.034526 0.018026 0.030907 0.027228 0.051975 
0.013135 0.020291 0.017330 0.019022 0.024386 
0.030133 0.028874 0.042110 0.016746 0.464230 
0.087130 0.033470 0.046870 0.049530 0.039770 
0.088610 0.033620 0.036890 0.080480 0.085360 
0.014750 0.040430 0.050680 0.038260 0.040900 
0.069580 0.058540 0.064720 0.010490 0.029920 
71
0.479817 0.014405 0.046210 
0.462778 0.970568 0.462022 
0.057405 0.026326 0.479987 
0.368892 0.011206 0.032622 0.038453 0.025288 
0.055292 0.014277 0.037366 0.037110 0.058811 
0.016398 0.025698 0.022624 0.026586 0.031148 
0.070851 0.039354 0.056650 0.008198 0.023177 
0.087128 0.033469 0.046869 0.049529 0.039769 
0.088608 0.033619 0.036909 0.080478 0.085358 
0.014750 0.040429 0.050679 0.038259 0.040899 
0.069579 0.058539 0.064719 0.010490 0.029919 
72
0.479817 0.014405 0.045103 
0.462778 0.959269 0.474910 
0.057405 0.015027 0.491768 
0.054109 0.012575 0.010537 0.010896 0.039507 
0.021107 0.008290 0.317058 0.013524 0.108089 
0.022511 0.009962 0.013397 0.010149 0.013106 
0.018654 0.029751 0.255814 0.008105 0.022860 
0.087130 0.033470 0.046870 0.049530 0.039770 
0.088610 0.033620 0.036890 0.080480 0.085360 
0.014750 0.040430 0.050680 0.038260 0.040900 
0.069580 0.058540 0.064720 0.010490 0.029920 
73
0.479817 0.014405 0.046210 
0.462778 0.970568 0.462022 
0.057405 0.015027 0.491768 
0.070966 0.012327 0.023361 0.024314 0.045308 
0.038878 0.014556 0.238349 0.033230 0.132879 
0.025458 0.019389 0.020686 0.020029 0.031238 
0.028821 0.036980 0.141483 0.011229 0.030518 
0.087130 0.033470 0.046870 0.049530 0.039770 
0.088610 0.033620 0.036890 0.080480 0.085360 
0.014750 0.040430 0.050680 0.038260 0.040900 
0.069580 0.058540 0.064720 0.010490 0.029920 
74
0.479817 0.014405 0.046210 
0.462778 0.970568 0.462022 
0.057405 0.015027 0.491768 
0.061354 0.004508 0.336431 0.075519 0.015240 
0.048469 0.016790 0.019896 0.050242 0.032524 
0.009911 0.076828 0.025301 0.035398 0.034871 
0.065122 0.041078 0.027682 0.005920 0.016914 
0.087130 0.033470 0.046870 0.049530 0.039770 
0.088610 0.033620 0.036890 0.080480 0.085360 
0.014750 0.040430 0.050680 0.038260 0.040900 
0.069580 0.058540 0.064720 0.010490 0.029920 
75
0.479817 0.014405 0.046210 
0.462778 0.970568 0.462022 
0.057405 0.015027 0.491768 
0.352765 0.011786 0.032206 0.038503 0.029280 
0.054846 0.014437 0.041538 0.037248 0.064877 
0.017860 0.025643 0.022553 0.026931 0.031510 
0.056791 0.047134 0.061198 0.008604 0.024292 
0.087130 0.033470 0.046870 0.049530 0.039770 
0.088610 0.033620 0.036890 0.080480 0.085360 
0.014750 0.040430 0.050680 0.038260 0.040900 
0.069580 0.058540 0.064720 0.010490 0.029920 
76
0.479817 0.014405 0.046210 
0.462778 0.970568 0.462022 
0.057405 0.015027 0.491768 
0.053645 0.011107 0.013432 0.016073 0.343962 
0.026132 0.012120 0.089739 0.013843 0.124756 
0.027044 0.013974 0.014097 0.013411 0.013933 
0.023342 0.027918 0.083227 0.020487 0.057756 
0.087130 0.033470 0.046870 0.049530 0.039770 
0.088610 0.033620 0.036890 0.080480 0.085360 
0.014750 0.040430 0.050680 0.038260 0.040900 
0.069580 0.058540 0.064720 0.010490 0.029920 
77
0.479817 0.014405 0.046210 
0.462778 0.970568 0.462022 
0.057405 0.015027 0.491768 
0.286427 0.011112 0.039160 0.051589 0.027228 
0.057657 0.016738 0.041113 0.046390 0.063610 
0.018072 0.034478 0.025873 0.034762 0.038233 
0.061238 0.043783 0.067230 0.009250 0.026057 
0.087130 0.033470 0.046870 0.049530 0.039770 
0.088610 0.033620 0.036890 0.080480 0.085360 
0.014750 0.040430 0.050680 0.038260 0.040900 
0.069580 0.058540 0.064720 0.010490 0.029920 
78
0.479817 0.014405 0.046210 
0.462778 0.970568 0.462022 
0.057405 0.015027 0.491768 
0.066977 0.005368 0.051876 0.066924 0.018511 
0.043006 0.019676 0.026355 0.067561 0.045690 
0.013524 0.041907 0.027435 0.259061 0.085432 
0.049165 0.044684 0.035878 0.008395 0.022577 
0.087130 0.033470 0.046870 0.049530 0.039770 
0.088610 0.033620 0.036890 0.080480 0.085360 
0.014750 0.040430 0.050680 0.038260 0.040900 
0.069580 0.058540 0.064720 0.010490 0.029920 
79
0.479817 0.014405 0.046210 
0.462778 0.970568 0.462022 
0.057405 0.015027 0.491768 
0.062088 0.006886 0.072857 0.049497 0.021138 
0.067626 0.020797 0.023695 0.049267 0.039812 
0.011962 0.253088 0.031713 0.033381 0.038712 
0.103682 0.048775 0.032784 0.008980 0.023258 
0.087130 0.033470 0.046870 0.049530 0.039770 
0.088610 0.033620 0.036890 0.080480 0.085360 
0.014750 0.040430 0.050680 0.038260 0.040900 
0.069580 0.058540 0.064720 0.010490 0.029920 
80
0.479817 0.014405 0.046210 
0.462778 0.970568 0.462022 
0.057405 0.066895 0.441969 
0.070279 0.006614 0.070199 0.051731 0.020910 
0.073114 0.020865 0.024799 0.055796 0.041920 
0.012565 0.267788 0.030972 0.035617 0.042207 
0.062634 0.045881 0.033814 0.009000 0.023295 
0.087123 0.033467 0.046866 0.049525 0.039766 
0.088693 0.033617 0.036887 0.080473 0.085352 
0.014749 0.040426 0.050675 0.038256 0.040896 
0.069574 0.058535 0.064714 0.010489 0.029917 
81
0.479817 0.014405 0.041531 
0.462778 0.918700 0.516500 
0.057405 0.015027 0.491768 
0.079923 0.007029 0.053818 0.066417 0.025823 
0.061028 0.028919 0.036030 0.062977 0.075229 
0.017126 0.039400 0.028352 0.187495 0.049122 
0.051117 0.047610 0.044707 0.010297 0.027580 
0.087130 0.033470 0.046870 0.049530 0.039770 
0.088610 0.033620 0.036890 0.080480 0.085360 
0.014750 0.040430 0.050680 0.038260 0.040900 
0.069580 0.058540 0.064720 0.010490 0.029920 
82
0.479817 0.014405 0.046210 
0.462778 0.970568 0.462022 
0.057405 0.015027 0.491768 
0.063084 0.011754 0.021522 0.023322 0.245596 
0.039254 0.018945 0.066274 0.019223 0.126845 
0.027232 0.021784 0.018636 0.020553 0.020616 
0.031543 0.032774 0.075312 0.025448 0.090284 
0.087130 0.033470 0.046870 0.049530 0.039770 
0.088610 0.033620 0.036890 0.080480 0.085360 
0.014750 0.040430 0.050680 0.038260 0.040900 
0.069580 0.058540 0.064720 0.010490 0.029920 
83
0.479817 0.014405 0.046210 
0.462778 0.970568 0.462022 
0.057405 0.015027 0.491768 
0.059328 0.006412 0.093488 0.073725 0.021085 
0.064380 0.021705 0.023969 0.054148 0.040438 
0.012371 0.231957 0.031507 0.036961 0.041945 
0.065748 0.055567 0.032464 0.009230 0.023573 
0.087130 0.033470 0.046870 0.049530 0.039770 
0.088610 0.033620 0.036890 0.080480 0.085360 
