%  SAM: modelfromalign v3.5 (July 15, 2005) compiled 12/05/20_11:48:22
%  (c) 1992-2001 Regents of the University of California, Santa Cruz
%
%          Sequence Alignment and Modeling Software System
%         http://www.cse.ucsc.edu/research/compbio/sam.html
%
% ----------------- Citations (SAM, SAM-T2K, HMMs) --------------------
% R. Hughey, A. Krogh, Hidden Markov models for sequence analysis:
%  Extension and analysis of the basic method, CABIOS 12:95-107, 1996.
% K. Karplus, et al., What is the value added by human intervention in protein
%  structure prediction, Proteins: Stucture, Function, Genetics 45(S5):86--91, 2001.
% A. Krogh et al., Hidden Markov models in computational biology:
%  Applications to protein modeling, JMB 235:1501-1531, Feb 1994.
% ---------------------------------------------------------------------
%  trimmed-uniq   Host: gauntlet    Thu Feb 11 16:19:51 2021
%  dgpinheiro     Dir:  /data/GitHub/sfFinder/example/output/subfamily/TEST1/flowerpower/fp-workspace/iter2
% ---------------------------------------------------------------------
% Prior File:  Internal (Name: recode3.20comp) 
%   20 priors on 20 characters.
%  Alignment weights from internal calc.  Total (1.66) Max (0.01) Min (0.01)
%  Weights from alignment method 1 (karplus), b=0.500000, e=0.500000
MODEL --  Model from alignment file trimmed-uniq.a2m
alphabet protein
FREQAVE
0.000000 0.000000 0.000000 
0.000000 0.000000 0.000000 
0.000000 0.000000 0.000000 
0.073430 0.015300 0.056458 0.066691 0.050828 
0.061590 0.029062 0.052889 0.056910 0.086510 
0.026581 0.040714 0.044978 0.042599 0.051826 
0.058672 0.053546 0.061415 0.023200 0.046800 
0.073430 0.015300 0.056458 0.066691 0.050828 
0.061590 0.029062 0.052889 0.056910 0.086510 
0.026581 0.040714 0.044978 0.042599 0.051826 
0.058672 0.053546 0.061415 0.023200 0.046800 
Begin
0.000000 0.000000 0.000000 
0.000000 0.000000 0.000000 
0.000000 0.104745 0.832045 
0.000000 0.000000 0.000000 0.000000 0.000000 
0.000000 0.000000 0.000000 0.000000 0.000000 
0.000000 0.000000 0.000000 0.000000 0.000000 
0.000000 0.000000 0.000000 0.000000 0.000000 
0.087223 0.033411 0.046852 0.049477 0.039668 
0.088421 0.033540 0.036829 0.080822 0.085409 
0.014898 0.040494 0.050592 0.038248 0.041025 
0.069473 0.058566 0.064599 0.010464 0.029990 
1
0.000000 0.014405 0.057370 
0.000000 0.880850 0.110585 
0.040950 0.016501 0.491768 
0.076698 0.014131 0.039989 0.056530 0.048001 
0.043269 0.021241 0.079351 0.054346 0.123298 
0.042473 0.034309 0.034931 0.037244 0.047678 
0.054036 0.054059 0.089035 0.013553 0.035828 
0.087130 0.033470 0.046870 0.049530 0.039770 
0.088610 0.033620 0.036890 0.080480 0.085360 
0.014750 0.040430 0.050680 0.038260 0.040900 
0.069580 0.058540 0.064720 0.010490 0.029920 
2
0.628926 0.015817 0.046210 
0.330124 0.967682 0.462022 
0.040950 0.016501 0.491768 
0.095394 0.013914 0.056799 0.070521 0.032134 
0.068426 0.022019 0.049092 0.062817 0.077164 
0.020723 0.043800 0.058907 0.040299 0.051944 
0.069245 0.060901 0.066534 0.010154 0.029211 
0.087130 0.033470 0.046870 0.049530 0.039770 
0.088610 0.033620 0.036890 0.080480 0.085360 
0.014750 0.040430 0.050680 0.038260 0.040900 
0.069580 0.058540 0.064720 0.010490 0.029920 
3
0.626403 0.015817 0.046210 
0.332647 0.967682 0.462022 
0.041054 0.016487 0.491768 
0.077598 0.012967 0.045672 0.064962 0.036929 
0.044182 0.023227 0.069239 0.065104 0.111788 
0.028444 0.038396 0.043158 0.041684 0.054602 
0.058319 0.056862 0.082406 0.011637 0.032824 
0.087130 0.033470 0.046870 0.049530 0.039770 
0.088610 0.033620 0.036890 0.080480 0.085360 
0.014750 0.040430 0.050680 0.038260 0.040900 
0.069580 0.058540 0.064720 0.010490 0.029920 
4
0.627987 0.015803 0.046210 
0.330959 0.967710 0.462022 
0.041054 0.016487 0.491768 
0.075857 0.012411 0.051139 0.067212 0.036816 
0.052681 0.026038 0.058927 0.064615 0.104435 
0.024466 0.042829 0.047804 0.042430 0.055973 
0.060393 0.056641 0.070909 0.012900 0.035526 
0.087130 0.033470 0.046870 0.049530 0.039770 
0.088610 0.033620 0.036890 0.080480 0.085360 
0.014750 0.040430 0.050680 0.038260 0.040900 
0.069580 0.058540 0.064720 0.010490 0.029920 
5
0.627987 0.015803 0.046210 
0.330959 0.967710 0.462022 
0.041054 0.016487 0.491768 
0.073807 0.010243 0.072262 0.089361 0.026204 
0.068242 0.025596 0.036710 0.077074 0.058681 
0.017946 0.057603 0.053564 0.049946 0.062570 
0.071526 0.061964 0.048749 0.009609 0.028344 
0.087130 0.033470 0.046870 0.049530 0.039770 
0.088610 0.033620 0.036890 0.080480 0.085360 
0.014750 0.040430 0.050680 0.038260 0.040900 
0.069580 0.058540 0.064720 0.010490 0.029920 
6
0.585874 0.015803 0.046210 
0.373073 0.967710 0.462022 
0.042859 0.016253 0.491768 
0.067440 0.009512 0.058103 0.081317 0.025334 
0.055548 0.026657 0.035660 0.092103 0.058947 
0.018227 0.049326 0.044388 0.052649 0.118274 
0.065756 0.056773 0.046303 0.010053 0.027630 
0.087130 0.033470 0.046870 0.049530 0.039770 
0.088610 0.033620 0.036890 0.080480 0.085360 
0.014750 0.040430 0.050680 0.038260 0.040900 
0.069580 0.058540 0.064720 0.010490 0.029920 
7
0.611632 0.015580 0.046210 
0.345510 0.968167 0.462022 
0.042859 0.016253 0.491768 
0.072906 0.008743 0.079732 0.132035 0.022479 
0.053064 0.025164 0.032278 0.080752 0.052206 
0.016668 0.052199 0.048524 0.054703 0.062093 
0.069569 0.058966 0.044703 0.008663 0.024556 
0.087130 0.033470 0.046870 0.049530 0.039770 
0.088610 0.033620 0.036890 0.080480 0.085360 
0.014750 0.040430 0.050680 0.038260 0.040900 
0.069580 0.058540 0.064720 0.010490 0.029920 
8
0.611632 0.015580 0.046210 
0.345510 0.968167 0.462022 
0.042859 0.016253 0.491768 
0.071017 0.008675 0.080476 0.095637 0.022285 
0.058536 0.025857 0.031262 0.109959 0.051390 
0.016320 0.055035 0.048290 0.053718 0.066886 
0.070026 0.059124 0.042140 0.008650 0.024715 
0.087130 0.033470 0.046870 0.049530 0.039770 
0.088610 0.033620 0.036890 0.080480 0.085360 
0.014750 0.040430 0.050680 0.038260 0.040900 
0.069580 0.058540 0.064720 0.010490 0.029920 
9
0.611632 0.015580 0.046210 
0.345510 0.968167 0.462022 
0.042859 0.016253 0.491768 
0.058387 0.013237 0.034601 0.042201 0.089469 
0.038195 0.030784 0.056745 0.042412 0.096809 
0.027218 0.036202 0.029157 0.032132 0.041788 
0.050013 0.047977 0.063527 0.047672 0.121475 
0.087130 0.033470 0.046870 0.049530 0.039770 
0.088610 0.033620 0.036890 0.080480 0.085360 
0.014750 0.040430 0.050680 0.038260 0.040900 
0.069580 0.058540 0.064720 0.010490 0.029920 
10
0.609204 0.015580 0.046210 
0.347938 0.968167 0.462022 
0.042963 0.016241 0.491768 
0.099557 0.012632 0.053955 0.066690 0.036304 
0.053754 0.027489 0.048747 0.062301 0.077952 
0.023353 0.047440 0.041866 0.045459 0.055410 
0.066330 0.059362 0.061304 0.012797 0.047297 
0.087130 0.033470 0.046870 0.049530 0.039770 
0.088610 0.033620 0.036890 0.080480 0.085360 
0.014750 0.040430 0.050680 0.038260 0.040900 
0.069580 0.058540 0.064720 0.010490 0.029920 
11
0.610686 0.015567 0.046210 
0.346351 0.968192 0.462022 
0.042963 0.016241 0.491768 
0.070627 0.010698 0.080600 0.084125 0.025063 
0.058654 0.027218 0.033714 0.075681 0.054660 
0.017541 0.059207 0.046763 0.048885 0.059119 
0.092754 0.072962 0.044729 0.009764 0.027236 
0.087130 0.033470 0.046870 0.049530 0.039770 
0.088610 0.033620 0.036890 0.080480 0.085360 
0.014750 0.040430 0.050680 0.038260 0.040900 
0.069580 0.058540 0.064720 0.010490 0.029920 
12
0.361573 0.015567 0.046210 
0.595464 0.968192 0.462022 
0.057216 0.015038 0.491768 
0.073045 0.012400 0.019386 0.021879 0.047265 
0.030823 0.013612 0.094409 0.023141 0.328275 
0.050104 0.017843 0.017161 0.018686 0.023877 
0.026199 0.041740 0.096578 0.012714 0.030863 
0.087130 0.033470 0.046870 0.049530 0.039770 
0.088610 0.033620 0.036890 0.080480 0.085360 
0.014750 0.040430 0.050680 0.038260 0.040900 
0.069580 0.058540 0.064720 0.010490 0.029920 
13
0.481528 0.014415 0.046210 
0.461255 0.970546 0.462022 
0.057216 0.015038 0.491768 
0.097053 0.008202 0.039240 0.042400 0.023650 
0.044558 0.015990 0.036776 0.042011 0.051342 
0.014635 0.034903 0.027016 0.030475 0.033527 
0.077045 0.298456 0.051066 0.008202 0.023453 
0.087130 0.033470 0.046870 0.049530 0.039770 
0.088610 0.033620 0.036890 0.080480 0.085360 
0.014750 0.040430 0.050680 0.038260 0.040900 
0.069580 0.058540 0.064720 0.010490 0.029920 
14
0.479861 0.014415 0.046210 
0.462922 0.970546 0.462022 
0.057312 0.015033 0.491768 
0.058799 0.005549 0.042445 0.051316 0.018600 
0.042631 0.017823 0.027483 0.057025 0.046889 
0.013288 0.033891 0.026399 0.036131 0.371934 
0.042562 0.040167 0.036792 0.008377 0.021900 
0.087130 0.033470 0.046870 0.049530 0.039770 
0.088610 0.033620 0.036890 0.080480 0.085360 
0.014750 0.040430 0.050680 0.038260 0.040900 
0.069580 0.058540 0.064720 0.010490 0.029920 
15
0.480663 0.014410 0.046210 
0.462025 0.970557 0.462022 
0.057312 0.015033 0.491768 
0.066235 0.005931 0.073314 0.033063 0.017044 
0.436224 0.014261 0.022893 0.034258 0.031043 
0.011403 0.042531 0.025313 0.022262 0.026582 
0.049348 0.036019 0.025679 0.007336 0.019262 
0.087130 0.033470 0.046870 0.049530 0.039770 
0.088610 0.033620 0.036890 0.080480 0.085360 
0.014750 0.040430 0.050680 0.038260 0.040900 
0.069580 0.058540 0.064720 0.010490 0.029920 
16
0.480663 0.014410 0.046210 
0.462025 0.970557 0.462022 
0.057312 0.015033 0.491768 
0.059884 0.010825 0.015217 0.017996 0.041363 
0.023095 0.010587 0.077612 0.019150 0.437622 
0.034322 0.014407 0.014391 0.015667 0.018860 
0.021713 0.040162 0.091643 0.010342 0.025140 
0.087130 0.033470 0.046870 0.049530 0.039770 
0.088610 0.033620 0.036890 0.080480 0.085360 
0.014750 0.040430 0.050680 0.038260 0.040900 
0.069580 0.058540 0.064720 0.010490 0.029920 
17
0.479037 0.014410 0.046210 
0.463651 0.970557 0.462022 
0.057405 0.015027 0.491768 
0.060078 0.005414 0.280760 0.066783 0.018568 
0.081492 0.021352 0.022499 0.049091 0.036190 
0.010914 0.092089 0.028423 0.033722 0.034757 
0.060078 0.041319 0.029495 0.007296 0.019680 
0.087130 0.033470 0.046870 0.049530 0.039770 
0.088610 0.033620 0.036890 0.080480 0.085360 
0.014750 0.040430 0.050680 0.038260 0.040900 
0.069580 0.058540 0.064720 0.010490 0.029920 
18
0.479817 0.014405 0.046210 
0.462778 0.970568 0.462022 
0.057405 0.015027 0.491768 
0.025272 0.006004 0.012465 0.015064 0.039127 
0.021625 0.007980 0.023967 0.013665 0.053224 
0.012736 0.010446 0.010618 0.009317 0.016945 
0.015996 0.014936 0.030283 0.627343 0.032985 
0.087130 0.033470 0.046870 0.049530 0.039770 
0.088610 0.033620 0.036890 0.080480 0.085360 
0.014750 0.040430 0.050680 0.038260 0.040900 
0.069580 0.058540 0.064720 0.010490 0.029920 
19
0.479817 0.014405 0.046210 
0.462778 0.970568 0.462022 
0.057405 0.015027 0.491768 
0.085379 0.003894 0.109698 0.211333 0.018088 
0.042463 0.016836 0.022665 0.067250 0.042419 
0.012019 0.035849 0.023624 0.104668 0.045071 
0.059029 0.042432 0.030099 0.007584 0.019600 
0.087130 0.033470 0.046870 0.049530 0.039770 
0.088610 0.033620 0.036890 0.080480 0.085360 
0.014750 0.040430 0.050680 0.038260 0.040900 
0.069580 0.058540 0.064720 0.010490 0.029920 
20
0.479817 0.014405 0.046210 
0.462778 0.970568 0.462022 
0.057405 0.015027 0.491768 
0.069520 0.007079 0.041674 0.038711 0.034856 
0.053427 0.015139 0.041413 0.046208 0.066567 
0.012737 0.035705 0.257995 0.027188 0.033195 
0.055849 0.072537 0.055233 0.009487 0.025482 
0.087130 0.033470 0.046870 0.049530 0.039770 
0.088610 0.033620 0.036890 0.080480 0.085360 
0.014750 0.040430 0.050680 0.038260 0.040900 
0.069580 0.058540 0.064720 0.010490 0.029920 
21
0.479817 0.014405 0.046210 
0.462778 0.970568 0.462022 
0.057405 0.015027 0.491768 
0.061744 0.007925 0.043392 0.041252 0.021133 
0.054731 0.015573 0.030014 0.037921 0.036361 
0.011438 0.042034 0.029314 0.028827 0.028628 
0.198895 0.234793 0.045642 0.007627 0.022754 
0.087130 0.033470 0.046870 0.049530 0.039770 
0.088610 0.033620 0.036890 0.080480 0.085360 
0.014750 0.040430 0.050680 0.038260 0.040900 
0.069580 0.058540 0.064720 0.010490 0.029920 
22
0.479817 0.014405 0.046210 
0.462778 0.970568 0.462022 
0.057405 0.015027 0.491768 
0.042216 0.007070 0.021659 0.023959 0.065579 
0.031762 0.017574 0.034962 0.024102 0.056683 
0.014027 0.019410 0.016828 0.018237 0.023340 
0.029242 0.028484 0.044784 0.016800 0.463280 
0.087130 0.033470 0.046870 0.049530 0.039770 
0.088610 0.033620 0.036890 0.080480 0.085360 
0.014750 0.040430 0.050680 0.038260 0.040900 
0.069580 0.058540 0.064720 0.010490 0.029920 
23
0.479817 0.014405 0.046210 
0.462778 0.970568 0.462022 
0.057405 0.015027 0.491768 
0.071502 0.006095 0.054072 0.086697 0.021758 
0.043387 0.019509 0.031003 0.063399 0.052058 
0.015032 0.037545 0.027618 0.226052 0.049616 
0.050016 0.045886 0.065334 0.009073 0.024347 
0.087130 0.033470 0.046870 0.049530 0.039770 
0.088610 0.033620 0.036890 0.080480 0.085360 
0.014750 0.040430 0.050680 0.038260 0.040900 
0.069580 0.058540 0.064720 0.010490 0.029920 
24
0.479817 0.014405 0.046210 
0.462778 0.970568 0.462022 
0.057405 0.015027 0.491768 
0.071912 0.006563 0.132942 0.055221 0.024579 
0.065391 0.019695 0.029863 0.050810 0.047258 
0.012061 0.056043 0.148819 0.033144 0.037511 
0.084480 0.049403 0.039774 0.009764 0.024768 
0.087130 0.033470 0.046870 0.049530 0.039770 
0.088610 0.033620 0.036890 0.080480 0.085360 
0.014750 0.040430 0.050680 0.038260 0.040900 
0.069580 0.058540 0.064720 0.010490 0.029920 
25
0.479817 0.014405 0.046210 
0.462778 0.970568 0.462022 
0.057405 0.015027 0.491768 
0.083618 0.005366 0.053291 0.088050 0.023316 
0.047978 0.020098 0.040740 0.134036 0.066194 
0.027247 0.038297 0.030782 0.044763 0.123184 
0.047429 0.040753 0.046182 0.010781 0.027896 
0.087130 0.033470 0.046870 0.049530 0.039770 
0.088610 0.033620 0.036890 0.080480 0.085360 
0.014750 0.040430 0.050680 0.038260 0.040900 
0.069580 0.058540 0.064720 0.010490 0.029920 
26
0.479817 0.014405 0.046210 
0.462778 0.970568 0.462022 
0.057405 0.015027 0.491768 
0.082117 0.004075 0.127319 0.156508 0.017248 
0.045443 0.017788 0.025185 0.132966 0.045015 
0.012484 0.042976 0.027276 0.056767 0.051994 
0.056865 0.038928 0.031809 0.007434 0.019802 
0.087130 0.033470 0.046870 0.049530 0.039770 
0.088610 0.033620 0.036890 0.080480 0.085360 
0.014750 0.040430 0.050680 0.038260 0.040900 
0.069580 0.058540 0.064720 0.010490 0.029920 
27
0.479817 0.014405 0.046210 
0.462778 0.970568 0.462022 
0.057405 0.015027 0.491768 
0.074764 0.004477 0.078834 0.110113 0.016636 
0.043115 0.018752 0.026066 0.238583 0.045490 
0.013014 0.039626 0.028872 0.048239 0.056638 
0.050089 0.042179 0.036023 0.007715 0.020775 
0.087130 0.033470 0.046870 0.049530 0.039770 
0.088610 0.033620 0.036890 0.080480 0.085360 
0.014750 0.040430 0.050680 0.038260 0.040900 
0.069580 0.058540 0.064720 0.010490 0.029920 
28
0.479817 0.014405 0.046210 
0.462778 0.970568 0.462022 
0.057405 0.015027 0.491768 
0.068812 0.013385 0.011506 0.011558 0.040070 
0.023673 0.009007 0.255255 0.014595 0.110330 
0.022121 0.010588 0.014412 0.010698 0.014323 
0.020378 0.032383 0.284604 0.008235 0.024069 
0.087130 0.033470 0.046870 0.049530 0.039770 
0.088610 0.033620 0.036890 0.080480 0.085360 
0.014750 0.040430 0.050680 0.038260 0.040900 
0.069580 0.058540 0.064720 0.010490 0.029920 
29
0.479817 0.014405 0.046210 
0.462778 0.970568 0.462022 
0.057405 0.015027 0.491768 
0.046095 0.009369 0.015967 0.019506 0.433797 
0.026222 0.011950 0.053352 0.017506 0.085758 
0.019231 0.014851 0.014742 0.014824 0.015338 
0.024874 0.026989 0.058697 0.021914 0.069017 
0.087130 0.033470 0.046870 0.049530 0.039770 
0.088610 0.033620 0.036890 0.080480 0.085360 
0.014750 0.040430 0.050680 0.038260 0.040900 
0.069580 0.058540 0.064720 0.010490 0.029920 
30
0.479817 0.014405 0.046210 
0.462778 0.970568 0.462022 
0.057405 0.015027 0.491768 
0.046332 0.005060 0.033906 0.029991 0.017306 
0.045439 0.012025 0.022445 0.034674 0.037269 
0.007366 0.025257 0.509739 0.019971 0.025611 
0.039137 0.032158 0.033007 0.006248 0.017060 
0.087130 0.033470 0.046870 0.049530 0.039770 
0.088610 0.033620 0.036890 0.080480 0.085360 
0.014750 0.040430 0.050680 0.038260 0.040900 
0.069580 0.058540 0.064720 0.010490 0.029920 
31
0.479817 0.078498 0.046210 
0.462778 0.906475 0.462022 
0.044554 0.016057 0.491768 
0.067962 0.009538 0.077829 0.090928 0.026479 
0.057430 0.055586 0.033963 0.074036 0.056196 
0.017967 0.058943 0.041808 0.058252 0.060216 
0.072156 0.057270 0.043523 0.010394 0.029525 
0.087130 0.033470 0.046870 0.049530 0.039770 
0.088610 0.033620 0.036890 0.080480 0.085360 
0.014750 0.040430 0.050680 0.038260 0.040900 
0.069580 0.058540 0.064720 0.010490 0.029920 
32
0.596271 0.041465 0.046210 
0.359175 0.942479 0.462022 
0.041055 0.016486 0.491768 
0.078321 0.011810 0.059267 0.084668 0.030734 
0.053089 0.024558 0.049376 0.071603 0.071888 
0.020991 0.045497 0.054376 0.046688 0.060514 
0.069014 0.062865 0.062619 0.010890 0.031233 
0.087130 0.033470 0.046870 0.049530 0.039770 
0.088610 0.033620 0.036890 0.080480 0.085360 
0.014750 0.040430 0.050680 0.038260 0.040900 
0.069580 0.058540 0.064720 0.010490 0.029920 
33
0.421692 0.016195 0.046210 
0.537253 0.967319 0.462022 
0.051650 0.015409 0.491768 
0.045910 0.009354 0.016312 0.019159 0.191478 
0.031424 0.022442 0.046248 0.015807 0.087990 
0.019387 0.018643 0.014088 0.015701 0.019593 
0.028904 0.028026 0.057114 0.032306 0.280114 
0.087130 0.033470 0.046870 0.049530 0.039770 
0.088610 0.033620 0.036890 0.080480 0.085360 
0.014750 0.040430 0.050680 0.038260 0.040900 
0.069580 0.058540 0.064720 0.010490 0.029920 
34
0.433158 0.014770 0.046210 
0.515192 0.969821 0.462022 
0.057313 0.015033 0.491768 
0.064852 0.007329 0.083828 0.059291 0.022735 
0.051507 0.018564 0.032013 0.049470 0.043087 
0.013332 0.044854 0.032555 0.034877 0.037055 
0.108183 0.218346 0.044573 0.008850 0.024700 
0.087130 0.033470 0.046870 0.049530 0.039770 
0.088610 0.033620 0.036890 0.080480 0.085360 
0.014750 0.040430 0.050680 0.038260 0.040900 
0.069580 0.058540 0.064720 0.010490 0.029920 
35
0.479047 0.014410 0.046210 
0.463640 0.970557 0.462022 
0.057405 0.015027 0.491768 
0.066149 0.005167 0.223822 0.080738 0.018908 
0.079887 0.019203 0.024805 0.082536 0.041337 
0.012283 0.061310 0.030359 0.043735 0.049067 
0.057897 0.042073 0.031952 0.007860 0.020913 
0.087130 0.033470 0.046870 0.049530 0.039770 
0.088610 0.033620 0.036890 0.080480 0.085360 
0.014750 0.040430 0.050680 0.038260 0.040900 
0.069580 0.058540 0.064720 0.010490 0.029920 
36
0.479817 0.014405 0.046210 
0.462778 0.970568 0.462022 
0.057405 0.015027 0.491768 
0.058391 0.009604 0.024448 0.028317 0.127412 
0.041794 0.025079 0.044875 0.023871 0.068679 
0.018509 0.025453 0.019217 0.020781 0.026900 
0.041787 0.038646 0.057726 0.026574 0.271937 
0.087130 0.033470 0.046870 0.049530 0.039770 
0.088610 0.033620 0.036890 0.080480 0.085360 
0.014750 0.040430 0.050680 0.038260 0.040900 
0.069580 0.058540 0.064720 0.010490 0.029920 
37
0.479817 0.014405 0.046210 
0.462778 0.970568 0.462022 
0.057405 0.015027 0.491768 
0.064871 0.004395 0.071286 0.341016 0.020769 
0.052853 0.016671 0.021450 0.061593 0.039348 
0.011709 0.033889 0.024294 0.046855 0.042991 
0.048150 0.040030 0.030994 0.007405 0.019430 
0.087130 0.033470 0.046870 0.049530 0.039770 
0.088610 0.033620 0.036890 0.080480 0.085360 
0.014750 0.040430 0.050680 0.038260 0.040900 
0.069580 0.058540 0.064720 0.010490 0.029920 
38
0.479817 0.014405 0.046210 
0.462778 0.970568 0.462022 
0.057405 0.015027 0.491768 
0.058468 0.004547 0.041244 0.025374 0.011795 
0.573736 0.010477 0.016291 0.027900 0.023298 
0.008594 0.030961 0.020363 0.017192 0.025893 
0.039452 0.026368 0.018351 0.005299 0.014397 
0.087130 0.033470 0.046870 0.049530 0.039770 
0.088610 0.033620 0.036890 0.080480 0.085360 
0.014750 0.040430 0.050680 0.038260 0.040900 
0.069580 0.058540 0.064720 0.010490 0.029920 
39
0.479817 0.014405 0.046210 
0.462778 0.970568 0.462022 
0.057405 0.015027 0.491768 
0.054211 0.011764 0.011909 0.013103 0.039929 
0.022220 0.008785 0.379726 0.015130 0.113786 
0.024421 0.011354 0.013752 0.011812 0.014624 
0.019584 0.029367 0.172569 0.008747 0.023208 
0.087130 0.033470 0.046870 0.049530 0.039770 
0.088610 0.033620 0.036890 0.080480 0.085360 
0.014750 0.040430 0.050680 0.038260 0.040900 
0.069580 0.058540 0.064720 0.010490 0.029920 
40
0.479817 0.014405 0.046210 
0.462778 0.970568 0.462022 
0.057405 0.015027 0.491768 
0.076378 0.005068 0.050908 0.066058 0.018825 
0.043551 0.022213 0.031930 0.202893 0.053381 
0.015207 0.038284 0.037230 0.045345 0.131419 
0.048276 0.041420 0.039237 0.008842 0.023535 
0.087130 0.033470 0.046870 0.049530 0.039770 
0.088610 0.033620 0.036890 0.080480 0.085360 
0.014750 0.040430 0.050680 0.038260 0.040900 
0.069580 0.058540 0.064720 0.010490 0.029920 
41
0.479817 0.014405 0.046210 
0.462778 0.970568 0.462022 
0.057405 0.015027 0.491768 
0.074736 0.012057 0.017683 0.019664 0.039821 
0.039129 0.011471 0.327584 0.022098 0.107453 
0.026868 0.016018 0.017086 0.016477 0.020841 
0.026228 0.035751 0.133358 0.009676 0.026001 
0.087130 0.033470 0.046870 0.049530 0.039770 
0.088610 0.033620 0.036890 0.080480 0.085360 
0.014750 0.040430 0.050680 0.038260 0.040900 
0.069580 0.058540 0.064720 0.010490 0.029920 
42
0.479817 0.014405 0.046210 
0.462778 0.970568 0.462022 
0.057405 0.015027 0.491768 
0.066431 0.007317 0.051982 0.082036 0.028714 
0.053294 0.185988 0.032540 0.065058 0.053493 
0.016069 0.044869 0.029061 0.039758 0.047334 
0.053251 0.056031 0.041782 0.012536 0.032458 
0.087130 0.033470 0.046870 0.049530 0.039770 
0.088610 0.033620 0.036890 0.080480 0.085360 
0.014750 0.040430 0.050680 0.038260 0.040900 
0.069580 0.058540 0.064720 0.010490 0.029920 
43
0.479817 0.014405 0.046210 
0.462778 0.970568 0.462022 
0.057405 0.015027 0.491768 
0.063605 0.004379 0.344476 0.086456 0.015065 
0.057079 0.016357 0.019706 0.050579 0.032536 
0.009881 0.062373 0.024717 0.036337 0.034868 
0.051650 0.039812 0.027426 0.005930 0.016767 
0.087130 0.033470 0.046870 0.049530 0.039770 
0.088610 0.033620 0.036890 0.080480 0.085360 
0.014750 0.040430 0.050680 0.038260 0.040900 
0.069580 0.058540 0.064720 0.010490 0.029920 
44
0.479817 0.014405 0.046210 
0.462778 0.970568 0.462022 
0.057405 0.015027 0.491768 
0.018684 0.004647 0.009485 0.011945 0.067596 
0.014321 0.011452 0.020416 0.011600 0.043453 
0.010245 0.009825 0.008674 0.008776 0.015122 
0.015118 0.014221 0.021382 0.622899 0.060140 
0.087130 0.033470 0.046870 0.049530 0.039770 
0.088610 0.033620 0.036890 0.080480 0.085360 
0.014750 0.040430 0.050680 0.038260 0.040900 
0.069580 0.058540 0.064720 0.010490 0.029920 
45
0.479817 0.014405 0.046210 
0.462778 0.970568 0.462022 
0.057405 0.015027 0.491768 
0.061750 0.004943 0.280327 0.102610 0.018216 
0.050477 0.018054 0.022235 0.053527 0.043656 
0.011429 0.058150 0.027242 0.040886 0.038357 
0.066815 0.042243 0.030592 0.008649 0.019841 
0.087130 0.033470 0.046870 0.049530 0.039770 
0.088610 0.033620 0.036890 0.080480 0.085360 
0.014750 0.040430 0.050680 0.038260 0.040900 
0.069580 0.058540 0.064720 0.010490 0.029920 
46
0.479817 0.014405 0.046210 
0.462778 0.970568 0.462022 
0.057405 0.015027 0.491768 
0.165689 0.005412 0.055447 0.067455 0.019481 
0.059670 0.018297 0.032373 0.176739 0.053487 
0.014872 0.037388 0.030404 0.045475 0.055356 
0.049502 0.041897 0.040170 0.008321 0.022565 
0.087130 0.033470 0.046870 0.049530 0.039770 
0.088610 0.033620 0.036890 0.080480 0.085360 
0.014750 0.040430 0.050680 0.038260 0.040900 
0.069580 0.058540 0.064720 0.010490 0.029920 
47
0.479817 0.014405 0.046210 
0.462778 0.970568 0.462022 
0.057405 0.015027 0.491768 
0.058777 0.011424 0.023126 0.025435 0.254190 
0.043191 0.020518 0.058877 0.020137 0.088921 
0.022181 0.023908 0.020189 0.018812 0.021591 
0.034353 0.033340 0.067172 0.054210 0.099649 
0.087130 0.033470 0.046870 0.049530 0.039770 
0.088610 0.033620 0.036890 0.080480 0.085360 
0.014750 0.040430 0.050680 0.038260 0.040900 
0.069580 0.058540 0.064720 0.010490 0.029920 
48
0.479817 0.014405 0.046210 
0.462778 0.970568 0.462022 
0.057405 0.015027 0.491768 
0.063122 0.003642 0.122493 0.342212 0.015083 
0.039248 0.015294 0.017933 0.056575 0.034519 
0.010322 0.032386 0.022768 0.048923 0.039527 
0.047561 0.037517 0.027029 0.006528 0.017316 
0.087130 0.033470 0.046870 0.049530 0.039770 
0.088610 0.033620 0.036890 0.080480 0.085360 
0.014750 0.040430 0.050680 0.038260 0.040900 
0.069580 0.058540 0.064720 0.010490 0.029920 
49
0.479817 0.014405 0.046210 
0.462778 0.970568 0.462022 
0.057405 0.015027 0.491768 
0.053275 0.003961 0.357893 0.120707 0.014069 
0.043382 0.015503 0.017830 0.049072 0.030681 
0.009308 0.055935 0.023463 0.037300 0.034094 
0.048667 0.037607 0.025747 0.005614 0.015892 
0.087130 0.033470 0.046870 0.049530 0.039770 
0.088610 0.033620 0.036890 0.080480 0.085360 
0.014750 0.040430 0.050680 0.038260 0.040900 
0.069580 0.058540 0.064720 0.010490 0.029920 
50
0.479817 0.014405 0.046210 
0.462778 0.970568 0.462022 
0.057405 0.015027 0.491768 
0.047763 0.004733 0.028762 0.033732 0.009900 
0.030856 0.010303 0.016226 0.030717 0.027991 
0.005913 0.018788 0.589032 0.017849 0.022418 
0.040427 0.027038 0.025003 0.003169 0.009380 
0.087130 0.033470 0.046870 0.049530 0.039770 
0.088610 0.033620 0.036890 0.080480 0.085360 
0.014750 0.040430 0.050680 0.038260 0.040900 
0.069580 0.058540 0.064720 0.010490 0.029920 
51
0.479817 0.014405 0.046210 
0.462778 0.970568 0.462022 
0.057405 0.015027 0.491768 
0.044853 0.009460 0.015204 0.019046 0.408333 
0.026625 0.013081 0.049241 0.016069 0.080765 
0.018277 0.014773 0.014299 0.014408 0.014352 
0.025512 0.026663 0.056142 0.026546 0.106350 
0.087130 0.033470 0.046870 0.049530 0.039770 
0.088610 0.033620 0.036890 0.080480 0.085360 
0.014750 0.040430 0.050680 0.038260 0.040900 
0.069580 0.058540 0.064720 0.010490 0.029920 
52
0.479817 0.014405 0.046210 
0.462778 0.970568 0.462022 
0.057405 0.015027 0.491768 
0.064956 0.005004 0.046300 0.059525 0.017938 
0.040944 0.019062 0.027990 0.101409 0.047679 
0.014137 0.037109 0.027053 0.042012 0.292167 
0.045749 0.042766 0.036798 0.008631 0.022769 
0.087130 0.033470 0.046870 0.049530 0.039770 
0.088610 0.033620 0.036890 0.080480 0.085360 
0.014750 0.040430 0.050680 0.038260 0.040900 
0.069580 0.058540 0.064720 0.010490 0.029920 
53
0.479817 0.014405 0.046210 
0.462778 0.970568 0.462022 
0.057405 0.015027 0.491768 
0.057426 0.011031 0.012365 0.014522 0.042734 
0.020558 0.009526 0.096889 0.015480 0.447106 
0.032819 0.012182 0.013107 0.013755 0.016036 
0.018925 0.027728 0.102829 0.010269 0.024711 
0.087130 0.033470 0.046870 0.049530 0.039770 
0.088610 0.033620 0.036890 0.080480 0.085360 
0.014750 0.040430 0.050680 0.038260 0.040900 
0.069580 0.058540 0.064720 0.010490 0.029920 
54
0.479817 0.014405 0.046210 
0.462778 0.970568 0.462022 
0.057405 0.015027 0.491768 
0.056661 0.007123 0.038433 0.040427 0.020149 
0.041196 0.015078 0.030255 0.040056 0.041399 
0.012020 0.034750 0.025969 0.029009 0.031490 
0.094913 0.368878 0.043729 0.007264 0.021203 
0.087130 0.033470 0.046870 0.049530 0.039770 
0.088610 0.033620 0.036890 0.080480 0.085360 
0.014750 0.040430 0.050680 0.038260 0.040900 
0.069580 0.058540 0.064720 0.010490 0.029920 
55
0.479817 0.014405 0.046210 
0.462778 0.970568 0.462022 
0.057405 0.015027 0.491768 
0.075202 0.011668 0.026431 0.030318 0.046174 
0.042392 0.015809 0.073730 0.031087 0.113399 
0.219146 0.023590 0.019607 0.023599 0.029521 
0.034154 0.038201 0.082339 0.013667 0.049964 
0.087130 0.033470 0.046870 0.049530 0.039770 
0.088610 0.033620 0.036890 0.080480 0.085360 
0.014750 0.040430 0.050680 0.038260 0.040900 
0.069580 0.058540 0.064720 0.010490 0.029920 
56
0.479817 0.014405 0.046210 
0.462778 0.970568 0.462022 
0.057405 0.015027 0.491768 
0.053561 0.004521 0.363082 0.067532 0.015087 
0.045921 0.016818 0.019729 0.051158 0.033191 
0.010002 0.057058 0.030278 0.035355 0.056499 
0.049451 0.039261 0.027887 0.006241 0.017368 
0.087130 0.033470 0.046870 0.049530 0.039770 
0.088610 0.033620 0.036890 0.080480 0.085360 
0.014750 0.040430 0.050680 0.038260 0.040900 
0.069580 0.058540 0.064720 0.010490 0.029920 
57
0.479817 0.014405 0.046210 
0.462778 0.970568 0.462022 
0.057405 0.015027 0.491768 
0.210694 0.009202 0.051279 0.076086 0.024849 
0.062303 0.017841 0.034485 0.052420 0.054905 
0.015730 0.036463 0.029102 0.036142 0.040411 
0.116176 0.048537 0.049182 0.009194 0.024998 
0.087130 0.033470 0.046870 0.049530 0.039770 
0.088610 0.033620 0.036890 0.080480 0.085360 
0.014750 0.040430 0.050680 0.038260 0.040900 
0.069580 0.058540 0.064720 0.010490 0.029920 
58
0.479817 0.014405 0.046210 
0.462778 0.970568 0.462022 
0.057405 0.015027 0.491768 
0.027180 0.008577 0.014995 0.017233 0.100835 
0.017734 0.027671 0.028524 0.018012 0.053860 
0.013629 0.017011 0.012339 0.012965 0.018542 
0.021947 0.020112 0.031241 0.030044 0.507548 
0.087130 0.033470 0.046870 0.049530 0.039770 
0.088610 0.033620 0.036890 0.080480 0.085360 
0.014750 0.040430 0.050680 0.038260 0.040900 
0.069580 0.058540 0.064720 0.010490 0.029920 
59
0.479817 0.014405 0.046210 
0.462778 0.970568 0.462022 
0.057405 0.015027 0.491768 
0.032254 0.006537 0.012285 0.016622 0.045555 
0.020363 0.008897 0.033950 0.015454 0.068564 
0.016309 0.011512 0.010562 0.011146 0.018503 
0.017927 0.018034 0.066156 0.532427 0.036941 
0.087130 0.033470 0.046870 0.049530 0.039770 
0.088610 0.033620 0.036890 0.080480 0.085360 
0.014750 0.040430 0.050680 0.038260 0.040900 
0.069580 0.058540 0.064720 0.010490 0.029920 
60
0.479817 0.014405 0.046210 
0.462778 0.970568 0.462022 
0.057405 0.015027 0.491768 
0.067324 0.004882 0.049704 0.063517 0.016988 
0.041865 0.026619 0.026169 0.318613 0.045077 
0.014156 0.038394 0.028361 0.044125 0.056061 
0.050224 0.043414 0.035239 0.007899 0.021368 
0.087130 0.033470 0.046870 0.049530 0.039770 
0.088610 0.033620 0.036890 0.080480 0.085360 
0.014750 0.040430 0.050680 0.038260 0.040900 
0.069580 0.058540 0.064720 0.010490 0.029920 
61
0.479817 0.014405 0.046210 
0.462778 0.970568 0.462022 
0.057405 0.015027 0.491768 
0.050959 0.009812 0.020578 0.022637 0.184521 
0.038789 0.024365 0.052045 0.018449 0.072691 
0.019064 0.026459 0.016889 0.017871 0.022346 
0.033115 0.031465 0.061702 0.028914 0.247326 
0.087130 0.033470 0.046870 0.049530 0.039770 
0.088610 0.033620 0.036890 0.080480 0.085360 
0.014750 0.040430 0.050680 0.038260 0.040900 
0.069580 0.058540 0.064720 0.010490 0.029920 
62
0.479817 0.014405 0.046210 
0.462778 0.970568 0.462022 
0.057405 0.015027 0.491768 
0.062272 0.005845 0.048239 0.060845 0.019666 
0.042629 0.018382 0.027920 0.059242 0.048173 
0.013620 0.035738 0.026630 0.327041 0.045797 
0.046470 0.043471 0.037926 0.008164 0.021931 
0.087130 0.033470 0.046870 0.049530 0.039770 
0.088610 0.033620 0.036890 0.080480 0.085360 
0.014750 0.040430 0.050680 0.038260 0.040900 
0.069580 0.058540 0.064720 0.010490 0.029920 
63
0.479817 0.014405 0.046210 
0.462778 0.970568 0.462022 
0.057405 0.015027 0.491768 
0.279490 0.012136 0.036427 0.043012 0.028457 
0.080275 0.016191 0.043417 0.042210 0.066185 
0.018803 0.028810 0.025514 0.029835 0.043295 
0.056216 0.042114 0.071425 0.009503 0.026686 
0.087130 0.033470 0.046870 0.049530 0.039770 
0.088610 0.033620 0.036890 0.080480 0.085360 
0.014750 0.040430 0.050680 0.038260 0.040900 
0.069580 0.058540 0.064720 0.010490 0.029920 
64
0.479817 0.014405 0.046210 
0.462778 0.970568 0.462022 
0.057405 0.015027 0.491768 
0.062024 0.004138 0.075371 0.362846 0.015653 
0.049457 0.016065 0.019406 0.057023 0.036086 
0.010785 0.032745 0.023658 0.045523 0.041271 
0.046913 0.047073 0.028798 0.006894 0.018272 
0.087130 0.033470 0.046870 0.049530 0.039770 
0.088610 0.033620 0.036890 0.080480 0.085360 
0.014750 0.040430 0.050680 0.038260 0.040900 
0.069580 0.058540 0.064720 0.010490 0.029920 
65
0.479817 0.014405 0.046210 
0.462778 0.970568 0.462022 
0.057405 0.015027 0.491768 
0.045735 0.004953 0.043384 0.068791 0.011157 
0.034576 0.018789 0.018012 0.387818 0.032191 
0.009982 0.035917 0.027741 0.045907 0.090272 
0.043510 0.037848 0.025084 0.004508 0.013823 
0.087130 0.033470 0.046870 0.049530 0.039770 
0.088610 0.033620 0.036890 0.080480 0.085360 
0.014750 0.040430 0.050680 0.038260 0.040900 
0.069580 0.058540 0.064720 0.010490 0.029920 
66
0.479817 0.014405 0.046210 
0.462778 0.970568 0.462022 
0.057405 0.015027 0.491768 
0.061413 0.003702 0.109468 0.363676 0.014839 
0.038995 0.015244 0.017727 0.055626 0.034000 
0.010175 0.031686 0.022775 0.047155 0.039280 
0.046497 0.037274 0.026791 0.006471 0.017205 
0.087130 0.033470 0.046870 0.049530 0.039770 
0.088610 0.033620 0.036890 0.080480 0.085360 
0.014750 0.040430 0.050680 0.038260 0.040900 
0.069580 0.058540 0.064720 0.010490 0.029920 
67
0.479817 0.014405 0.046210 
0.462778 0.970568 0.462022 
0.057405 0.015027 0.491768 
0.077006 0.005157 0.057152 0.062254 0.019418 
0.043663 0.019571 0.030920 0.089500 0.051620 
0.015232 0.038220 0.028145 0.043128 0.243235 
0.051966 0.051132 0.039137 0.009226 0.024318 
0.087130 0.033470 0.046870 0.049530 0.039770 
0.088610 0.033620 0.036890 0.080480 0.085360 
0.014750 0.040430 0.050680 0.038260 0.040900 
0.069580 0.058540 0.064720 0.010490 0.029920 
68
0.479817 0.014405 0.046210 
0.462778 0.970568 0.462022 
0.057405 0.015027 0.491768 
0.075100 0.004663 0.050730 0.065960 0.017995 
0.059142 0.018672 0.030127 0.209224 0.050785 
0.014515 0.037823 0.028707 0.044908 0.126327 
0.049779 0.047425 0.037160 0.008441 0.022518 
0.087130 0.033470 0.046870 0.049530 0.039770 
0.088610 0.033620 0.036890 0.080480 0.085360 
0.014750 0.040430 0.050680 0.038260 0.040900 
0.069580 0.058540 0.064720 0.010490 0.029920 
69
0.479817 0.014405 0.046210 
0.462778 0.970568 0.462022 
0.057405 0.015027 0.491768 
0.065831 0.010909 0.013458 0.015756 0.041450 
0.021706 0.009917 0.093538 0.016827 0.434546 
0.027857 0.012972 0.013623 0.014183 0.017099 
0.020134 0.034040 0.101481 0.010068 0.024605 
0.087130 0.033470 0.046870 0.049530 0.039770 
0.088610 0.033620 0.036890 0.080480 0.085360 
0.014750 0.040430 0.050680 0.038260 0.040900 
0.069580 0.058540 0.064720 0.010490 0.029920 
70
0.479817 0.014405 0.046210 
0.462778 0.970568 0.462022 
0.057405 0.015027 0.491768 
0.042742 0.006897 0.023232 0.025814 0.064880 
0.034960 0.018239 0.031648 0.027805 0.053056 
0.013434 0.020702 0.017569 0.019438 0.024866 
0.030674 0.029426 0.042937 0.016930 0.454751 
0.087130 0.033470 0.046870 0.049530 0.039770 
0.088610 0.033620 0.036890 0.080480 0.085360 
0.014750 0.040430 0.050680 0.038260 0.040900 
0.069580 0.058540 0.064720 0.010490 0.029920 
71
0.479817 0.014405 0.046210 
0.462778 0.970568 0.462022 
0.057405 0.026326 0.479987 
0.364169 0.011250 0.032938 0.038812 0.025484 
0.055699 0.014393 0.037690 0.037440 0.059257 
0.016518 0.025930 0.022830 0.026812 0.031403 
0.071104 0.039640 0.057004 0.008267 0.023361 
0.087128 0.033469 0.046869 0.049529 0.039769 
0.088608 0.033619 0.036909 0.080478 0.085358 
0.014750 0.040429 0.050679 0.038259 0.040899 
0.069579 0.058539 0.064719 0.010490 0.029919 
72
0.479817 0.014405 0.045103 
0.462778 0.959269 0.474910 
0.057405 0.015027 0.491768 
0.056189 0.013040 0.010676 0.010872 0.039355 
0.020869 0.008270 0.212467 0.013573 0.105522 
0.021661 0.009978 0.013845 0.009997 0.012974 
0.019712 0.030696 0.359406 0.007932 0.022964 
0.087130 0.033470 0.046870 0.049530 0.039770 
0.088610 0.033620 0.036890 0.080480 0.085360 
0.014750 0.040430 0.050680 0.038260 0.040900 
0.069580 0.058540 0.064720 0.010490 0.029920 
73
0.479817 0.014405 0.046210 
0.462778 0.970568 0.462022 
0.057405 0.015027 0.491768 
0.071644 0.012335 0.023809 0.024791 0.045369 
0.039516 0.014781 0.233722 0.033744 0.132449 
0.025551 0.019729 0.021026 0.020357 0.031773 
0.029204 0.037271 0.140731 0.011361 0.030837 
0.087130 0.033470 0.046870 0.049530 0.039770 
0.088610 0.033620 0.036890 0.080480 0.085360 
0.014750 0.040430 0.050680 0.038260 0.040900 
0.069580 0.058540 0.064720 0.010490 0.029920 
74
0.479817 0.014405 0.046210 
0.462778 0.970568 0.462022 
0.057405 0.015027 0.491768 
0.061895 0.004566 0.331547 0.075815 0.015465 
0.048973 0.016938 0.020131 0.050560 0.032933 
0.010024 0.076752 0.025554 0.035645 0.035158 
0.065553 0.041363 0.027962 0.006024 0.017141 
0.087130 0.033470 0.046870 0.049530 0.039770 
0.088610 0.033620 0.036890 0.080480 0.085360 
0.014750 0.040430 0.050680 0.038260 0.040900 
0.069580 0.058540 0.064720 0.010490 0.029920 
75
0.479817 0.014405 0.046210 
0.462778 0.970568 0.462022 
0.057405 0.015027 0.491768 
0.169825 0.010564 0.043274 0.045120 0.027599 
0.063217 0.016768 0.035513 0.041058 0.053428 
0.015393 0.037773 0.029542 0.030010 0.032991 
0.190934 0.068805 0.053642 0.009146 0.025397 
0.087130 0.033470 0.046870 0.049530 0.039770 
0.088610 0.033620 0.036890 0.080480 0.085360 
0.014750 0.040430 0.050680 0.038260 0.040900 
0.069580 0.058540 0.064720 0.010490 0.029920 
76
0.479817 0.014405 0.046210 
0.462778 0.970568 0.462022 
0.057405 0.015027 0.491768 
0.054486 0.011215 0.013775 0.016341 0.336799 
0.026778 0.012354 0.090564 0.014090 0.125420 
0.027272 0.014295 0.014368 0.013623 0.014254 
0.023714 0.028294 0.084190 0.020479 0.057689 
0.087130 0.033470 0.046870 0.049530 0.039770 
0.088610 0.033620 0.036890 0.080480 0.085360 
0.014750 0.040430 0.050680 0.038260 0.040900 
0.069580 0.058540 0.064720 0.010490 0.029920 
77
0.479817 0.014405 0.046210 
0.462778 0.970568 0.462022 
0.057405 0.015027 0.491768 
0.282412 0.011112 0.039503 0.051905 0.027403 
0.057966 0.016855 0.041405 0.046667 0.063968 
0.018161 0.034713 0.026136 0.034942 0.038464 
0.061397 0.043996 0.067437 0.009323 0.026234 
0.087130 0.033470 0.046870 0.049530 0.039770 
0.088610 0.033620 0.036890 0.080480 0.085360 
0.014750 0.040430 0.050680 0.038260 0.040900 
0.069580 0.058540 0.064720 0.010490 0.029920 
78
0.479817 0.014405 0.046210 
0.462778 0.970568 0.462022 
0.057405 0.015027 0.491768 
0.067556 0.005418 0.052242 0.067313 0.018740 
0.043418 0.019796 0.026684 0.067872 0.046181 
0.013654 0.042134 0.027616 0.253965 0.085544 
0.049474 0.044896 0.036215 0.008481 0.022802 
0.087130 0.033470 0.046870 0.049530 0.039770 
0.088610 0.033620 0.036890 0.080480 0.085360 
0.014750 0.040430 0.050680 0.038260 0.040900 
0.069580 0.058540 0.064720 0.010490 0.029920 
79
0.479817 0.014405 0.046210 
0.462778 0.970568 0.462022 
0.057405 0.015027 0.491768 
0.062603 0.006945 0.073243 0.049752 0.021378 
0.068202 0.020925 0.023981 0.049442 0.040206 
0.012074 0.248250 0.031923 0.033526 0.038853 
0.103940 0.049104 0.033105 0.009069 0.023478 
0.087130 0.033470 0.046870 0.049530 0.039770 
0.088610 0.033620 0.036890 0.080480 0.085360 
0.014750 0.040430 0.050680 0.038260 0.040900 
0.069580 0.058540 0.064720 0.010490 0.029920 
80
0.479817 0.014405 0.046210 
0.462778 0.970568 0.462022 
0.057405 0.066895 0.441969 
0.070783 0.006674 0.070501 0.051969 0.021171 
0.073700 0.020999 0.025119 0.055961 0.042359 
0.012689 0.262888 0.031172 0.035756 0.042357 
0.062925 0.046175 0.034164 0.009100 0.023535 
0.087123 0.033467 0.046866 0.049525 0.039766 
0.088693 0.033617 0.036887 0.080473 0.085352 
0.014749 0.040426 0.050675 0.038256 0.040896 
0.069574 0.058535 0.064714 0.010489 0.029917 
81
0.479817 0.014405 0.041531 
0.462778 0.918700 0.516500 
0.057405 0.015027 0.491768 
0.080484 0.007114 0.054042 0.066443 0.026214 
0.061532 0.028984 0.036562 0.062987 0.075835 
0.017323 0.039618 0.028567 0.182400 0.049238 
0.051345 0.047749 0.045207 0.010434 0.027924 
0.087130 0.033470 0.046870 0.049530 0.039770 
0.088610 0.033620 0.036890 0.080480 0.085360 
0.014750 0.040430 0.050680 0.038260 0.040900 
0.069580 0.058540 0.064720 0.010490 0.029920 
82
0.479817 0.014405 0.046210 
0.462778 0.970568 0.462022 
0.057405 0.015027 0.491768 
0.081455 0.012671 0.025105 0.027330 0.061113 
0.044464 0.017999 0.081278 0.028048 0.159062 
0.147764 0.022823 0.018284 0.025697 0.029931 
0.031321 0.036409 0.088177 0.015352 0.045716 
0.087130 0.033470 0.046870 0.049530 0.039770 
0.088610 0.033620 0.036890 0.080480 0.085360 
0.014750 0.040430 0.050680 0.038260 0.040900 
0.069580 0.058540 0.064720 0.010490 0.029920 
83
0.479817 0.014405 0.046210 
0.462778 0.970568 0.462022 
0.057405 0.015027 0.491768 
0.059790 0.006463 0.093553 0.073953 0.021332 
0.064833 0.021834 0.024260 0.054313 0.040861 
0.012487 0.227743 0.031699 0.037105 0.042097 
0.065991 0.055795 0.032767 0.009327 0.023795 
0.087130 0.033470 0.046870 0.049530 0.039770 
0.088610 0.033620 0.036890 0.080480 0.085360 
