%  SAM: modelfromalign v3.5 (July 15, 2005) compiled 12/05/20_11:48:22
%  (c) 1992-2001 Regents of the University of California, Santa Cruz
%
%          Sequence Alignment and Modeling Software System
%         http://www.cse.ucsc.edu/research/compbio/sam.html
%
% ----------------- Citations (SAM, SAM-T2K, HMMs) --------------------
% R. Hughey, A. Krogh, Hidden Markov models for sequence analysis:
%  Extension and analysis of the basic method, CABIOS 12:95-107, 1996.
% K. Karplus, et al., What is the value added by human intervention in protein
%  structure prediction, Proteins: Stucture, Function, Genetics 45(S5):86--91, 2001.
% A. Krogh et al., Hidden Markov models in computational biology:
%  Applications to protein modeling, JMB 235:1501-1531, Feb 1994.
% ---------------------------------------------------------------------
%  trimmed-uniq   Host: gauntlet    Thu Feb 11 16:19:51 2021
%  dgpinheiro     Dir:  /data/GitHub/sfFinder/example/output/subfamily/TEST1/flowerpower/fp-workspace/iter2
% ---------------------------------------------------------------------
% Prior File:  Internal (Name: recode3.20comp) 
%   20 priors on 20 characters.
%  Alignment weights from internal calc.  Total (1.66) Max (0.01) Min (0.01)
%  Weights from alignment method 1 (karplus), b=0.500000, e=0.500000
MODEL --  Model from alignment file trimmed-uniq.a2m
alphabet protein
FREQAVE
0.000000 0.000000 0.000000 
0.000000 0.000000 0.000000 
0.000000 0.000000 0.000000 
0.073430 0.015300 0.056458 0.066691 0.050828 
0.061590 0.029062 0.052889 0.056910 0.086510 
0.026581 0.040714 0.044978 0.042599 0.051826 
0.058672 0.053546 0.061415 0.023200 0.046800 
0.073430 0.015300 0.056458 0.066691 0.050828 
0.061590 0.029062 0.052889 0.056910 0.086510 
0.026581 0.040714 0.044978 0.042599 0.051826 
0.058672 0.053546 0.061415 0.023200 0.046800 
Begin
0.000000 0.000000 0.000000 
0.000000 0.000000 0.000000 
0.000000 0.104745 0.832045 
0.000000 0.000000 0.000000 0.000000 0.000000 
0.000000 0.000000 0.000000 0.000000 0.000000 
0.000000 0.000000 0.000000 0.000000 0.000000 
0.000000 0.000000 0.000000 0.000000 0.000000 
0.087223 0.033411 0.046852 0.049477 0.039668 
0.088421 0.033540 0.036829 0.080822 0.085409 
0.014898 0.040494 0.050592 0.038248 0.041025 
0.069473 0.058566 0.064599 0.010464 0.029990 
1
0.000000 0.014405 0.057370 
0.000000 0.880850 0.110585 
0.040950 0.016501 0.491768 
0.076698 0.014131 0.039989 0.056530 0.048001 
0.043269 0.021241 0.079351 0.054346 0.123298 
0.042473 0.034309 0.034931 0.037244 0.047678 
0.054036 0.054059 0.089035 0.013553 0.035828 
0.087130 0.033470 0.046870 0.049530 0.039770 
0.088610 0.033620 0.036890 0.080480 0.085360 
0.014750 0.040430 0.050680 0.038260 0.040900 
0.069580 0.058540 0.064720 0.010490 0.029920 
2
0.628926 0.015817 0.046210 
0.330124 0.967682 0.462022 
0.040950 0.016501 0.491768 
0.227989 0.013160 0.037132 0.041582 0.032860 
0.061424 0.016872 0.051897 0.039556 0.074159 
0.020516 0.029497 0.036758 0.028764 0.034678 
0.074340 0.046441 0.092316 0.010555 0.029504 
0.087130 0.033470 0.046870 0.049530 0.039770 
0.088610 0.033620 0.036890 0.080480 0.085360 
0.014750 0.040430 0.050680 0.038260 0.040900 
0.069580 0.058540 0.064720 0.010490 0.029920 
3
0.626403 0.015817 0.046210 
0.332647 0.967682 0.462022 
0.041054 0.016487 0.491768 
0.082196 0.012545 0.025175 0.028033 0.047322 
0.038849 0.017101 0.088399 0.036534 0.224567 
0.070829 0.022030 0.019074 0.023106 0.032233 
0.029793 0.036133 0.116825 0.014217 0.035039 
0.087130 0.033470 0.046870 0.049530 0.039770 
0.088610 0.033620 0.036890 0.080480 0.085360 
0.014750 0.040430 0.050680 0.038260 0.040900 
0.069580 0.058540 0.064720 0.010490 0.029920 
4
0.627987 0.015803 0.046210 
0.330959 0.967710 0.462022 
0.041054 0.016487 0.491768 
0.075653 0.010725 0.031137 0.034920 0.040151 
0.039797 0.042276 0.066023 0.036863 0.289413 
0.025217 0.029892 0.022378 0.027210 0.034504 
0.035424 0.038031 0.074553 0.012893 0.032940 
0.087130 0.033470 0.046870 0.049530 0.039770 
0.088610 0.033620 0.036890 0.080480 0.085360 
0.014750 0.040430 0.050680 0.038260 0.040900 
0.069580 0.058540 0.064720 0.010490 0.029920 
5
0.627987 0.015803 0.046210 
0.330959 0.967710 0.462022 
0.041054 0.016487 0.491768 
0.083478 0.005971 0.075316 0.123768 0.023961 
0.061000 0.021612 0.030981 0.084143 0.051978 
0.014556 0.091598 0.055999 0.049591 0.049629 
0.059588 0.043301 0.037471 0.010331 0.025726 
0.087130 0.033470 0.046870 0.049530 0.039770 
0.088610 0.033620 0.036890 0.080480 0.085360 
0.014750 0.040430 0.050680 0.038260 0.040900 
0.069580 0.058540 0.064720 0.010490 0.029920 
6
0.585874 0.015803 0.046210 
0.373073 0.967710 0.462022 
0.042859 0.016253 0.491768 
0.066413 0.005417 0.046690 0.058734 0.019080 
0.043517 0.019270 0.028756 0.069708 0.048437 
0.014303 0.037655 0.027698 0.041192 0.281576 
0.077103 0.043700 0.038041 0.008988 0.023723 
0.087130 0.033470 0.046870 0.049530 0.039770 
0.088610 0.033620 0.036890 0.080480 0.085360 
0.014750 0.040430 0.050680 0.038260 0.040900 
0.069580 0.058540 0.064720 0.010490 0.029920 
7
0.611632 0.015580 0.046210 
0.345510 0.968167 0.462022 
0.042859 0.016253 0.491768 
0.129822 0.007139 0.062139 0.093957 0.028346 
0.052338 0.020320 0.045523 0.079109 0.070764 
0.019585 0.038005 0.034521 0.041561 0.057272 
0.055189 0.058032 0.065692 0.011306 0.029381 
0.087130 0.033470 0.046870 0.049530 0.039770 
0.088610 0.033620 0.036890 0.080480 0.085360 
0.014750 0.040430 0.050680 0.038260 0.040900 
0.069580 0.058540 0.064720 0.010490 0.029920 
8
0.611632 0.015580 0.046210 
0.345510 0.968167 0.462022 
0.042859 0.016253 0.491768 
0.133777 0.005452 0.201910 0.078736 0.019533 
0.053579 0.018516 0.027108 0.077405 0.045469 
0.013066 0.049576 0.029217 0.042269 0.044166 
0.053789 0.042059 0.035205 0.007936 0.021233 
0.087130 0.033470 0.046870 0.049530 0.039770 
0.088610 0.033620 0.036890 0.080480 0.085360 
0.014750 0.040430 0.050680 0.038260 0.040900 
0.069580 0.058540 0.064720 0.010490 0.029920 
9
0.611632 0.015580 0.046210 
0.345510 0.968167 0.462022 
0.042859 0.016253 0.491768 
0.036526 0.007023 0.016425 0.020853 0.056375 
0.026778 0.012077 0.033152 0.018582 0.066783 
0.016511 0.015575 0.013091 0.013739 0.021872 
0.022873 0.021294 0.040848 0.472117 0.067508 
0.087130 0.033470 0.046870 0.049530 0.039770 
0.088610 0.033620 0.036890 0.080480 0.085360 
0.014750 0.040430 0.050680 0.038260 0.040900 
0.069580 0.058540 0.064720 0.010490 0.029920 
10
0.609204 0.015580 0.046210 
0.347938 0.968167 0.462022 
0.042963 0.016241 0.491768 
0.060193 0.007846 0.027872 0.033438 0.066477 
0.036850 0.021585 0.037425 0.034048 0.060618 
0.016242 0.026177 0.019721 0.029380 0.034482 
0.037606 0.036222 0.049992 0.019114 0.344712 
0.087130 0.033470 0.046870 0.049530 0.039770 
0.088610 0.033620 0.036890 0.080480 0.085360 
0.014750 0.040430 0.050680 0.038260 0.040900 
0.069580 0.058540 0.064720 0.010490 0.029920 
11
0.610686 0.015567 0.046210 
0.346351 0.968192 0.462022 
0.042963 0.016241 0.491768 
0.057709 0.006290 0.299195 0.089417 0.016675 
0.050057 0.018196 0.022225 0.064989 0.036206 
0.010947 0.069216 0.027277 0.036536 0.038973 
0.057583 0.043395 0.029757 0.006716 0.018640 
0.087130 0.033470 0.046870 0.049530 0.039770 
0.088610 0.033620 0.036890 0.080480 0.085360 
0.014750 0.040430 0.050680 0.038260 0.040900 
0.069580 0.058540 0.064720 0.010490 0.029920 
12
0.361573 0.015567 0.046210 
0.595464 0.968192 0.462022 
0.057216 0.015038 0.491768 
0.073107 0.012902 0.017314 0.018595 0.046482 
0.030995 0.013450 0.166870 0.021070 0.240001 
0.046064 0.015877 0.015773 0.017022 0.022910 
0.023220 0.039211 0.136890 0.011787 0.030460 
0.087130 0.033470 0.046870 0.049530 0.039770 
0.088610 0.033620 0.036890 0.080480 0.085360 
0.014750 0.040430 0.050680 0.038260 0.040900 
0.069580 0.058540 0.064720 0.010490 0.029920 
13
0.481528 0.014415 0.046210 
0.461255 0.970546 0.462022 
0.057216 0.015038 0.491768 
0.241947 0.010843 0.036315 0.041278 0.027336 
0.054155 0.015972 0.042219 0.040244 0.062832 
0.017624 0.029872 0.026007 0.029203 0.033644 
0.059487 0.137038 0.059735 0.008946 0.025304 
0.087130 0.033470 0.046870 0.049530 0.039770 
0.088610 0.033620 0.036890 0.080480 0.085360 
0.014750 0.040430 0.050680 0.038260 0.040900 
0.069580 0.058540 0.064720 0.010490 0.029920 
14
0.479861 0.014415 0.046210 
0.462922 0.970546 0.462022 
0.057312 0.015033 0.491768 
0.054046 0.005179 0.039863 0.047910 0.017024 
0.040111 0.016768 0.024813 0.053202 0.042760 
0.012131 0.031876 0.024910 0.033836 0.416365 
0.039904 0.037807 0.033742 0.007650 0.020103 
0.087130 0.033470 0.046870 0.049530 0.039770 
0.088610 0.033620 0.036890 0.080480 0.085360 
0.014750 0.040430 0.050680 0.038260 0.040900 
0.069580 0.058540 0.064720 0.010490 0.029920 
15
0.480663 0.014410 0.046210 
0.462025 0.970557 0.462022 
0.057312 0.015033 0.491768 
0.091055 0.008441 0.071699 0.046707 0.025683 
0.101265 0.018800 0.036207 0.042763 0.048585 
0.015125 0.043308 0.032419 0.031562 0.034737 
0.073370 0.194594 0.047787 0.009685 0.026207 
0.087130 0.033470 0.046870 0.049530 0.039770 
0.088610 0.033620 0.036890 0.080480 0.085360 
0.014750 0.040430 0.050680 0.038260 0.040900 
0.069580 0.058540 0.064720 0.010490 0.029920 
16
0.480663 0.014410 0.046210 
0.462025 0.970557 0.462022 
0.057312 0.015033 0.491768 
0.067416 0.009990 0.029133 0.031808 0.034081 
0.038532 0.014704 0.058707 0.031882 0.153714 
0.024293 0.026463 0.023323 0.024274 0.027511 
0.048948 0.245812 0.072902 0.009960 0.026547 
0.087130 0.033470 0.046870 0.049530 0.039770 
0.088610 0.033620 0.036890 0.080480 0.085360 
0.014750 0.040430 0.050680 0.038260 0.040900 
0.069580 0.058540 0.064720 0.010490 0.029920 
17
0.479037 0.014410 0.046210 
0.463651 0.970557 0.462022 
0.057405 0.015027 0.491768 
0.056827 0.006836 0.128020 0.048837 0.021362 
0.101269 0.024443 0.021399 0.045266 0.036508 
0.011209 0.224928 0.032453 0.030679 0.035007 
0.073683 0.041554 0.027989 0.009042 0.022688 
0.087130 0.033470 0.046870 0.049530 0.039770 
0.088610 0.033620 0.036890 0.080480 0.085360 
0.014750 0.040430 0.050680 0.038260 0.040900 
0.069580 0.058540 0.064720 0.010490 0.029920 
18
0.479817 0.014405 0.046210 
0.462778 0.970568 0.462022 
0.057405 0.015027 0.491768 
0.021966 0.020716 0.007344 0.011338 0.044818 
0.015667 0.006584 0.023984 0.009540 0.056809 
0.013598 0.007077 0.007156 0.006627 0.014965 
0.012365 0.011496 0.030034 0.640732 0.037184 
0.087130 0.033470 0.046870 0.049530 0.039770 
0.088610 0.033620 0.036890 0.080480 0.085360 
0.014750 0.040430 0.050680 0.038260 0.040900 
0.069580 0.058540 0.064720 0.010490 0.029920 
19
0.479817 0.014405 0.046210 
0.462778 0.970568 0.462022 
0.057405 0.015027 0.491768 
0.071707 0.007317 0.066512 0.071361 0.022316 
0.049057 0.017768 0.031022 0.044646 0.041369 
0.012837 0.043252 0.031429 0.035029 0.034695 
0.121268 0.221948 0.043795 0.008602 0.024069 
0.087130 0.033470 0.046870 0.049530 0.039770 
0.088610 0.033620 0.036890 0.080480 0.085360 
0.014750 0.040430 0.050680 0.038260 0.040900 
0.069580 0.058540 0.064720 0.010490 0.029920 
20
0.479817 0.014405 0.046210 
0.462778 0.970568 0.462022 
0.057405 0.015027 0.491768 
0.067238 0.006368 0.039553 0.036800 0.032320 
0.048579 0.013496 0.038478 0.046186 0.063764 
0.011171 0.033222 0.297646 0.026023 0.031854 
0.053565 0.069535 0.052472 0.008502 0.023227 
0.087130 0.033470 0.046870 0.049530 0.039770 
0.088610 0.033620 0.036890 0.080480 0.085360 
0.014750 0.040430 0.050680 0.038260 0.040900 
0.069580 0.058540 0.064720 0.010490 0.029920 
21
0.479817 0.014405 0.046210 
0.462778 0.970568 0.462022 
0.057405 0.015027 0.491768 
0.065197 0.006286 0.057098 0.076553 0.020707 
0.062317 0.018391 0.028223 0.092940 0.041882 
0.012434 0.047103 0.035157 0.036796 0.040577 
0.159444 0.129329 0.038128 0.008458 0.022981 
0.087130 0.033470 0.046870 0.049530 0.039770 
0.088610 0.033620 0.036890 0.080480 0.085360 
0.014750 0.040430 0.050680 0.038260 0.040900 
0.069580 0.058540 0.064720 0.010490 0.029920 
22
0.479817 0.014405 0.046210 
0.462778 0.970568 0.462022 
0.057405 0.015027 0.491768 
0.043106 0.007808 0.016266 0.020037 0.078295 
0.024993 0.017714 0.064844 0.020425 0.070165 
0.016962 0.016626 0.013560 0.016605 0.021072 
0.026678 0.027666 0.053479 0.018991 0.424707 
0.087130 0.033470 0.046870 0.049530 0.039770 
0.088610 0.033620 0.036890 0.080480 0.085360 
0.014750 0.040430 0.050680 0.038260 0.040900 
0.069580 0.058540 0.064720 0.010490 0.029920 
23
0.479817 0.014405 0.046210 
0.462778 0.970568 0.462022 
0.057405 0.015027 0.491768 
0.073250 0.009239 0.035619 0.048553 0.029692 
0.042486 0.017719 0.070537 0.046310 0.070569 
0.018908 0.029291 0.026923 0.046028 0.060856 
0.040881 0.043401 0.251014 0.010206 0.028517 
0.087130 0.033470 0.046870 0.049530 0.039770 
0.088610 0.033620 0.036890 0.080480 0.085360 
0.014750 0.040430 0.050680 0.038260 0.040900 
0.069580 0.058540 0.064720 0.010490 0.029920 
24
0.479817 0.014405 0.046210 
0.462778 0.970568 0.462022 
0.057405 0.015027 0.491768 
0.093461 0.009270 0.056918 0.045078 0.031024 
0.062020 0.036280 0.041871 0.041643 0.056374 
0.016794 0.045561 0.045963 0.031306 0.034703 
0.098868 0.157639 0.052926 0.011658 0.030644 
0.087130 0.033470 0.046870 0.049530 0.039770 
0.088610 0.033620 0.036890 0.080480 0.085360 
0.014750 0.040430 0.050680 0.038260 0.040900 
0.069580 0.058540 0.064720 0.010490 0.029920 
25
0.479817 0.014405 0.046210 
0.462778 0.970568 0.462022 
0.057405 0.015027 0.491768 
0.071414 0.004781 0.067846 0.257559 0.019576 
0.043268 0.019113 0.026964 0.069967 0.047459 
0.022900 0.037329 0.027276 0.047385 0.079274 
0.049502 0.041177 0.035320 0.008978 0.022912 
0.087130 0.033470 0.046870 0.049530 0.039770 
0.088610 0.033620 0.036890 0.080480 0.085360 
0.014750 0.040430 0.050680 0.038260 0.040900 
0.069580 0.058540 0.064720 0.010490 0.029920 
26
0.479817 0.014405 0.046210 
0.462778 0.970568 0.462022 
0.057405 0.015027 0.491768 
0.070652 0.005311 0.164979 0.095933 0.019502 
0.062907 0.019539 0.022868 0.077350 0.039401 
0.011088 0.082648 0.031639 0.044092 0.040443 
0.111555 0.043078 0.028723 0.007889 0.020404 
0.087130 0.033470 0.046870 0.049530 0.039770 
0.088610 0.033620 0.036890 0.080480 0.085360 
0.014750 0.040430 0.050680 0.038260 0.040900 
0.069580 0.058540 0.064720 0.010490 0.029920 
27
0.479817 0.014405 0.046210 
0.462778 0.970568 0.462022 
0.057405 0.015027 0.491768 
0.079219 0.003314 0.124584 0.221840 0.016025 
0.039120 0.016139 0.021754 0.091289 0.041123 
0.011352 0.035895 0.022380 0.071190 0.064769 
0.050317 0.034957 0.029897 0.006860 0.017975 
0.087130 0.033470 0.046870 0.049530 0.039770 
0.088610 0.033620 0.036890 0.080480 0.085360 
0.014750 0.040430 0.050680 0.038260 0.040900 
0.069580 0.058540 0.064720 0.010490 0.029920 
28
0.479817 0.014405 0.046210 
0.462778 0.970568 0.462022 
0.057405 0.015027 0.491768 
0.087580 0.012987 0.017730 0.018834 0.043112 
0.031003 0.013042 0.115517 0.020902 0.229955 
0.027396 0.016048 0.017449 0.016900 0.021960 
0.025900 0.051990 0.191960 0.010751 0.028984 
0.087130 0.033470 0.046870 0.049530 0.039770 
0.088610 0.033620 0.036890 0.080480 0.085360 
0.014750 0.040430 0.050680 0.038260 0.040900 
0.069580 0.058540 0.064720 0.010490 0.029920 
29
0.479817 0.014405 0.046210 
0.462778 0.970568 0.462022 
0.057405 0.015027 0.491768 
0.044326 0.009685 0.011562 0.015422 0.429703 
0.021274 0.010508 0.080319 0.013342 0.093932 
0.020683 0.011790 0.012258 0.012406 0.011880 
0.021350 0.024862 0.063174 0.022595 0.068927 
0.087130 0.033470 0.046870 0.049530 0.039770 
0.088610 0.033620 0.036890 0.080480 0.085360 
0.014750 0.040430 0.050680 0.038260 0.040900 
0.069580 0.058540 0.064720 0.010490 0.029920 
30
0.479817 0.014405 0.046210 
0.462778 0.970568 0.462022 
0.057405 0.015027 0.491768 
0.050313 0.004582 0.033977 0.031253 0.017178 
0.041433 0.011227 0.023276 0.039061 0.038216 
0.006811 0.026200 0.466630 0.021476 0.027036 
0.068839 0.034877 0.034792 0.006018 0.016803 
0.087130 0.033470 0.046870 0.049530 0.039770 
0.088610 0.033620 0.036890 0.080480 0.085360 
0.014750 0.040430 0.050680 0.038260 0.040900 
0.069580 0.058540 0.064720 0.010490 0.029920 
31
0.479817 0.078498 0.046210 
0.462778 0.906475 0.462022 
0.044554 0.016057 0.491768 
0.096837 0.005031 0.120782 0.167375 0.022832 
0.051296 0.023020 0.028328 0.065699 0.049744 
0.013764 0.044514 0.046088 0.055820 0.046208 
0.055586 0.038901 0.034788 0.009622 0.023763 
0.087130 0.033470 0.046870 0.049530 0.039770 
0.088610 0.033620 0.036890 0.080480 0.085360 
0.014750 0.040430 0.050680 0.038260 0.040900 
0.069580 0.058540 0.064720 0.010490 0.029920 
32
0.596271 0.041465 0.046210 
0.359175 0.942479 0.462022 
0.041055 0.016486 0.491768 
0.086258 0.008689 0.050336 0.089992 0.035588 
0.054656 0.022569 0.085048 0.055384 0.080687 
0.022796 0.037239 0.033812 0.035693 0.064610 
0.063105 0.045543 0.077253 0.014581 0.036161 
0.087130 0.033470 0.046870 0.049530 0.039770 
0.088610 0.033620 0.036890 0.080480 0.085360 
0.014750 0.040430 0.050680 0.038260 0.040900 
0.069580 0.058540 0.064720 0.010490 0.029920 
33
0.421692 0.016195 0.046210 
0.537253 0.967319 0.462022 
0.051650 0.015409 0.491768 
0.081836 0.012934 0.022910 0.024653 0.055102 
0.042862 0.017719 0.085608 0.025995 0.171474 
0.119389 0.021171 0.017056 0.021021 0.029211 
0.028761 0.034941 0.109768 0.016911 0.060678 
0.087130 0.033470 0.046870 0.049530 0.039770 
0.088610 0.033620 0.036890 0.080480 0.085360 
0.014750 0.040430 0.050680 0.038260 0.040900 
0.069580 0.058540 0.064720 0.010490 0.029920 
34
0.433158 0.014770 0.046210 
0.515192 0.969821 0.462022 
0.057313 0.015033 0.491768 
0.084166 0.007031 0.093884 0.083879 0.023907 
0.059024 0.019497 0.029449 0.050395 0.044125 
0.012968 0.051606 0.034178 0.036131 0.036303 
0.145784 0.113945 0.039452 0.009541 0.024734 
0.087130 0.033470 0.046870 0.049530 0.039770 
0.088610 0.033620 0.036890 0.080480 0.085360 
0.014750 0.040430 0.050680 0.038260 0.040900 
0.069580 0.058540 0.064720 0.010490 0.029920 
35
0.479047 0.014410 0.046210 
0.463640 0.970557 0.462022 
0.057405 0.015027 0.491768 
0.067816 0.006062 0.049740 0.042589 0.019993 
0.339650 0.017083 0.028949 0.061762 0.037485 
0.014001 0.045666 0.028563 0.030867 0.056322 
0.052774 0.038743 0.030647 0.008702 0.022587 
0.087130 0.033470 0.046870 0.049530 0.039770 
0.088610 0.033620 0.036890 0.080480 0.085360 
0.014750 0.040430 0.050680 0.038260 0.040900 
0.069580 0.058540 0.064720 0.010490 0.029920 
36
0.479817 0.014405 0.046210 
0.462778 0.970568 0.462022 
0.057405 0.015027 0.491768 
0.136296 0.010746 0.047950 0.051870 0.045513 
0.064293 0.034117 0.055185 0.050664 0.084457 
0.023629 0.041121 0.031655 0.034667 0.055582 
0.064886 0.045198 0.062762 0.015385 0.044023 
0.087130 0.033470 0.046870 0.049530 0.039770 
0.088610 0.033620 0.036890 0.080480 0.085360 
0.014750 0.040430 0.050680 0.038260 0.040900 
0.069580 0.058540 0.064720 0.010490 0.029920 
37
0.479817 0.014405 0.046210 
0.462778 0.970568 0.462022 
0.057405 0.015027 0.491768 
0.090899 0.009392 0.048838 0.068437 0.050965 
0.060139 0.025563 0.062597 0.054684 0.095866 
0.034540 0.036906 0.027057 0.057147 0.062609 
0.043440 0.039636 0.071642 0.017345 0.042297 
0.087130 0.033470 0.046870 0.049530 0.039770 
0.088610 0.033620 0.036890 0.080480 0.085360 
0.014750 0.040430 0.050680 0.038260 0.040900 
0.069580 0.058540 0.064720 0.010490 0.029920 
38
0.479817 0.014405 0.046210 
0.462778 0.970568 0.462022 
0.057405 0.015027 0.491768 
0.060363 0.004463 0.081220 0.027240 0.011897 
0.516171 0.010938 0.016521 0.029898 0.023595 
0.008980 0.035046 0.020701 0.018508 0.026434 
0.042826 0.027318 0.017749 0.005456 0.014677 
0.087130 0.033470 0.046870 0.049530 0.039770 
0.088610 0.033620 0.036890 0.080480 0.085360 
0.014750 0.040430 0.050680 0.038260 0.040900 
0.069580 0.058540 0.064720 0.010490 0.029920 
39
0.479817 0.014405 0.046210 
0.462778 0.970568 0.462022 
0.057405 0.015027 0.491768 
0.049584 0.012114 0.009042 0.009217 0.037522 
0.017984 0.007359 0.341917 0.011810 0.103141 
0.020991 0.008634 0.012177 0.008777 0.011306 
0.016704 0.027833 0.265386 0.007391 0.021110 
0.087130 0.033470 0.046870 0.049530 0.039770 
0.088610 0.033620 0.036890 0.080480 0.085360 
0.014750 0.040430 0.050680 0.038260 0.040900 
0.069580 0.058540 0.064720 0.010490 0.029920 
40
0.479817 0.014405 0.046210 
0.462778 0.970568 0.462022 
0.057405 0.015027 0.491768 
0.065556 0.005893 0.046174 0.043757 0.022372 
0.052698 0.017357 0.031694 0.082602 0.049448 
0.009977 0.039746 0.265075 0.030822 0.040486 
0.074440 0.046765 0.044469 0.008226 0.022441 
0.087130 0.033470 0.046870 0.049530 0.039770 
0.088610 0.033620 0.036890 0.080480 0.085360 
0.014750 0.040430 0.050680 0.038260 0.040900 
0.069580 0.058540 0.064720 0.010490 0.029920 
41
0.479817 0.014405 0.046210 
0.462778 0.970568 0.462022 
0.057405 0.015027 0.491768 
0.085336 0.012508 0.019311 0.020976 0.044563 
0.046285 0.014308 0.163788 0.023076 0.141054 
0.152284 0.017656 0.015752 0.018506 0.024827 
0.025868 0.034740 0.096347 0.012003 0.030810 
0.087130 0.033470 0.046870 0.049530 0.039770 
0.088610 0.033620 0.036890 0.080480 0.085360 
0.014750 0.040430 0.050680 0.038260 0.040900 
0.069580 0.058540 0.064720 0.010490 0.029920 
42
0.479817 0.014405 0.046210 
0.462778 0.970568 0.462022 
0.057405 0.015027 0.491768 
0.067461 0.004439 0.068839 0.299515 0.017457 
0.041160 0.031892 0.022612 0.075155 0.040893 
0.012119 0.037048 0.025236 0.047608 0.047552 
0.049893 0.051049 0.031562 0.007863 0.020650 
0.087130 0.033470 0.046870 0.049530 0.039770 
0.088610 0.033620 0.036890 0.080480 0.085360 
0.014750 0.040430 0.050680 0.038260 0.040900 
0.069580 0.058540 0.064720 0.010490 0.029920 
43
0.479817 0.014405 0.046210 
0.462778 0.970568 0.462022 
0.057405 0.015027 0.491768 
0.102479 0.006596 0.088542 0.067648 0.026478 
0.061301 0.019347 0.056867 0.103746 0.066984 
0.018606 0.041839 0.037372 0.039858 0.052337 
0.052354 0.070478 0.049280 0.010414 0.027475 
0.087130 0.033470 0.046870 0.049530 0.039770 
0.088610 0.033620 0.036890 0.080480 0.085360 
0.014750 0.040430 0.050680 0.038260 0.040900 
0.069580 0.058540 0.064720 0.010490 0.029920 
44
0.479817 0.014405 0.046210 
0.462778 0.970568 0.462022 
0.057405 0.015027 0.491768 
0.018684 0.004647 0.009485 0.011945 0.067596 
0.014321 0.011452 0.020416 0.011600 0.043453 
0.010245 0.009825 0.008674 0.008776 0.015122 
0.015118 0.014221 0.021382 0.622899 0.060140 
0.087130 0.033470 0.046870 0.049530 0.039770 
0.088610 0.033620 0.036890 0.080480 0.085360 
0.014750 0.040430 0.050680 0.038260 0.040900 
0.069580 0.058540 0.064720 0.010490 0.029920 
45
0.479817 0.014405 0.046210 
0.462778 0.970568 0.462022 
0.057405 0.015027 0.491768 
0.069358 0.003719 0.132320 0.282293 0.017109 
0.040941 0.015838 0.020033 0.058635 0.044078 
0.011291 0.034369 0.023156 0.052223 0.040366 
0.060340 0.038187 0.028600 0.008406 0.018738 
0.087130 0.033470 0.046870 0.049530 0.039770 
0.088610 0.033620 0.036890 0.080480 0.085360 
0.014750 0.040430 0.050680 0.038260 0.040900 
0.069580 0.058540 0.064720 0.010490 0.029920 
46
0.479817 0.014405 0.046210 
0.462778 0.970568 0.462022 
0.057405 0.015027 0.491768 
0.111248 0.007248 0.055217 0.055125 0.024938 
0.101448 0.018920 0.038115 0.095196 0.055680 
0.016214 0.042592 0.037989 0.036882 0.044059 
0.076676 0.101153 0.045669 0.009674 0.025956 
0.087130 0.033470 0.046870 0.049530 0.039770 
0.088610 0.033620 0.036890 0.080480 0.085360 
0.014750 0.040430 0.050680 0.038260 0.040900 
0.069580 0.058540 0.064720 0.010490 0.029920 
47
0.479817 0.014405 0.046210 
0.462778 0.970568 0.462022 
0.057405 0.015027 0.491768 
0.050738 0.009278 0.021333 0.024323 0.119047 
0.038166 0.024937 0.044757 0.021442 0.070719 
0.018628 0.023135 0.017273 0.019021 0.025310 
0.034095 0.031818 0.056807 0.048510 0.300661 
0.087130 0.033470 0.046870 0.049530 0.039770 
0.088610 0.033620 0.036890 0.080480 0.085360 
0.014750 0.040430 0.050680 0.038260 0.040900 
0.069580 0.058540 0.064720 0.010490 0.029920 
48
0.479817 0.014405 0.046210 
0.462778 0.970568 0.462022 
0.057405 0.015027 0.491768 
0.055227 0.003608 0.322927 0.162563 0.013872 
0.041468 0.014863 0.017031 0.049568 0.030354 
0.009207 0.051740 0.022388 0.040730 0.033627 
0.048442 0.036490 0.024920 0.005512 0.015463 
0.087130 0.033470 0.046870 0.049530 0.039770 
0.088610 0.033620 0.036890 0.080480 0.085360 
0.014750 0.040430 0.050680 0.038260 0.040900 
0.069580 0.058540 0.064720 0.010490 0.029920 
49
0.479817 0.014405 0.046210 
0.462778 0.970568 0.462022 
0.057405 0.015027 0.491768 
0.062140 0.003167 0.164080 0.326221 0.014197 
0.037565 0.014031 0.016154 0.053699 0.032078 
0.009598 0.031491 0.021140 0.049660 0.036192 
0.046820 0.035193 0.024717 0.005959 0.015898 
0.087130 0.033470 0.046870 0.049530 0.039770 
0.088610 0.033620 0.036890 0.080480 0.085360 
0.014750 0.040430 0.050680 0.038260 0.040900 
0.069580 0.058540 0.064720 0.010490 0.029920 
50
0.479817 0.014405 0.046210 
0.462778 0.970568 0.462022 
0.057405 0.015027 0.491768 
0.047763 0.004733 0.028762 0.033732 0.009900 
0.030856 0.010303 0.016226 0.030717 0.027991 
0.005913 0.018788 0.589032 0.017849 0.022418 
0.040427 0.027038 0.025003 0.003169 0.009380 
0.087130 0.033470 0.046870 0.049530 0.039770 
0.088610 0.033620 0.036890 0.080480 0.085360 
0.014750 0.040430 0.050680 0.038260 0.040900 
0.069580 0.058540 0.064720 0.010490 0.029920 
51
0.479817 0.014405 0.046210 
0.462778 0.970568 0.462022 
0.057405 0.015027 0.491768 
0.040794 0.008277 0.014921 0.018267 0.183217 
0.027058 0.021412 0.039421 0.016497 0.064983 
0.016136 0.016720 0.013052 0.015286 0.019382 
0.027782 0.027016 0.051554 0.027726 0.350500 
0.087130 0.033470 0.046870 0.049530 0.039770 
0.088610 0.033620 0.036890 0.080480 0.085360 
0.014750 0.040430 0.050680 0.038260 0.040900 
0.069580 0.058540 0.064720 0.010490 0.029920 
52
0.479817 0.014405 0.046210 
0.462778 0.970568 0.462022 
0.057405 0.015027 0.491768 
0.066347 0.004391 0.047089 0.062076 0.015693 
0.038383 0.018101 0.024950 0.287484 0.043531 
0.012665 0.036110 0.026140 0.043169 0.127831 
0.045112 0.040184 0.032993 0.007543 0.020207 
0.087130 0.033470 0.046870 0.049530 0.039770 
0.088610 0.033620 0.036890 0.080480 0.085360 
0.014750 0.040430 0.050680 0.038260 0.040900 
0.069580 0.058540 0.064720 0.010490 0.029920 
53
0.479817 0.014405 0.046210 
0.462778 0.970568 0.462022 
0.057405 0.015027 0.491768 
0.085240 0.011710 0.035794 0.036753 0.041873 
0.051400 0.021044 0.087606 0.037624 0.132816 
0.027096 0.030700 0.028748 0.055322 0.036502 
0.044658 0.103068 0.082971 0.013336 0.035740 
0.087130 0.033470 0.046870 0.049530 0.039770 
0.088610 0.033620 0.036890 0.080480 0.085360 
0.014750 0.040430 0.050680 0.038260 0.040900 
0.069580 0.058540 0.064720 0.010490 0.029920 
54
0.479817 0.014405 0.046210 
0.462778 0.970568 0.462022 
0.057405 0.015027 0.491768 
0.052621 0.007100 0.037114 0.035758 0.017877 
0.037017 0.013151 0.026859 0.032691 0.030530 
0.009705 0.037435 0.025053 0.025921 0.024646 
0.208110 0.310410 0.042196 0.006216 0.019591 
0.087130 0.033470 0.046870 0.049530 0.039770 
0.088610 0.033620 0.036890 0.080480 0.085360 
0.014750 0.040430 0.050680 0.038260 0.040900 
0.069580 0.058540 0.064720 0.010490 0.029920 
55
0.479817 0.014405 0.046210 
0.462778 0.970568 0.462022 
0.057405 0.015027 0.491768 
0.055198 0.009522 0.021039 0.024651 0.090327 
0.035013 0.020921 0.051097 0.023416 0.080974 
0.034636 0.021534 0.016619 0.019563 0.025014 
0.032681 0.032654 0.062689 0.022904 0.319549 
0.087130 0.033470 0.046870 0.049530 0.039770 
0.088610 0.033620 0.036890 0.080480 0.085360 
0.014750 0.040430 0.050680 0.038260 0.040900 
0.069580 0.058540 0.064720 0.010490 0.029920 
56
0.479817 0.014405 0.046210 
0.462778 0.970568 0.462022 
0.057405 0.015027 0.491768 
0.061007 0.005345 0.105738 0.045948 0.021007 
0.051174 0.015993 0.027896 0.051679 0.045079 
0.009823 0.040253 0.270240 0.030873 0.051818 
0.053465 0.043422 0.039540 0.008127 0.021571 
0.087130 0.033470 0.046870 0.049530 0.039770 
0.088610 0.033620 0.036890 0.080480 0.085360 
0.014750 0.040430 0.050680 0.038260 0.040900 
0.069580 0.058540 0.064720 0.010490 0.029920 
57
0.479817 0.014405 0.046210 
0.462778 0.970568 0.462022 
0.057405 0.015027 0.491768 
0.121859 0.004250 0.078148 0.297890 0.016453 
0.040232 0.015938 0.021207 0.060542 0.039147 
0.011424 0.032634 0.023072 0.047883 0.042643 
0.051864 0.038835 0.030401 0.007015 0.018562 
0.087130 0.033470 0.046870 0.049530 0.039770 
0.088610 0.033620 0.036890 0.080480 0.085360 
0.014750 0.040430 0.050680 0.038260 0.040900 
0.069580 0.058540 0.064720 0.010490 0.029920 
58
0.479817 0.014405 0.046210 
0.462778 0.970568 0.462022 
0.057405 0.015027 0.491768 
0.027180 0.008577 0.014995 0.017233 0.100835 
0.017734 0.027671 0.028524 0.018012 0.053860 
0.013629 0.017011 0.012339 0.012965 0.018542 
0.021947 0.020112 0.031241 0.030044 0.507548 
0.087130 0.033470 0.046870 0.049530 0.039770 
0.088610 0.033620 0.036890 0.080480 0.085360 
0.014750 0.040430 0.050680 0.038260 0.040900 
0.069580 0.058540 0.064720 0.010490 0.029920 
59
0.479817 0.014405 0.046210 
0.462778 0.970568 0.462022 
0.057405 0.015027 0.491768 
0.066361 0.012605 0.017273 0.018932 0.039877 
0.030204 0.011149 0.114984 0.020781 0.102257 
0.022670 0.015523 0.017961 0.015464 0.019499 
0.027583 0.034638 0.364931 0.020419 0.026890 
0.087130 0.033470 0.046870 0.049530 0.039770 
0.088610 0.033620 0.036890 0.080480 0.085360 
0.014750 0.040430 0.050680 0.038260 0.040900 
0.069580 0.058540 0.064720 0.010490 0.029920 
60
0.479817 0.014405 0.046210 
0.462778 0.970568 0.462022 
0.057405 0.015027 0.491768 
0.074170 0.005007 0.054961 0.065218 0.018535 
0.049658 0.024644 0.027925 0.154140 0.047300 
0.014150 0.043518 0.031542 0.043735 0.097343 
0.139717 0.042776 0.034989 0.008352 0.022318 
0.087130 0.033470 0.046870 0.049530 0.039770 
0.088610 0.033620 0.036890 0.080480 0.085360 
0.014750 0.040430 0.050680 0.038260 0.040900 
0.069580 0.058540 0.064720 0.010490 0.029920 
61
0.479817 0.014405 0.046210 
0.462778 0.970568 0.462022 
0.057405 0.015027 0.491768 
0.071568 0.013919 0.018350 0.018166 0.054076 
0.039868 0.013768 0.213844 0.021160 0.106617 
0.024967 0.019289 0.019607 0.015787 0.021994 
0.026934 0.037275 0.209571 0.011341 0.041898 
0.087130 0.033470 0.046870 0.049530 0.039770 
0.088610 0.033620 0.036890 0.080480 0.085360 
0.014750 0.040430 0.050680 0.038260 0.040900 
0.069580 0.058540 0.064720 0.010490 0.029920 
62
0.479817 0.014405 0.046210 
0.462778 0.970568 0.462022 
0.057405 0.015027 0.491768 
0.057494 0.005439 0.044968 0.056605 0.018002 
0.039991 0.017358 0.025565 0.055920 0.044475 
0.012595 0.033685 0.025210 0.371982 0.043313 
0.043486 0.040924 0.035147 0.007561 0.020280 
0.087130 0.033470 0.046870 0.049530 0.039770 
0.088610 0.033620 0.036890 0.080480 0.085360 
0.014750 0.040430 0.050680 0.038260 0.040900 
0.069580 0.058540 0.064720 0.010490 0.029920 
63
0.479817 0.014405 0.046210 
0.462778 0.970568 0.462022 
0.057405 0.015027 0.491768 
0.125164 0.006081 0.043740 0.056180 0.021833 
0.061549 0.018195 0.035629 0.064059 0.057862 
0.016610 0.034071 0.026152 0.038629 0.220216 
0.048739 0.039869 0.050418 0.009704 0.025301 
0.087130 0.033470 0.046870 0.049530 0.039770 
0.088610 0.033620 0.036890 0.080480 0.085360 
0.014750 0.040430 0.050680 0.038260 0.040900 
0.069580 0.058540 0.064720 0.010490 0.029920 
64
0.479817 0.014405 0.046210 
0.462778 0.970568 0.462022 
0.057405 0.015027 0.491768 
0.058040 0.003793 0.073248 0.400578 0.014320 
0.046810 0.015001 0.017540 0.053707 0.033157 
0.009974 0.030414 0.022226 0.043863 0.038701 
0.044207 0.044646 0.026602 0.006318 0.016855 
0.087130 0.033470 0.046870 0.049530 0.039770 
0.088610 0.033620 0.036890 0.080480 0.085360 
0.014750 0.040430 0.050680 0.038260 0.040900 
0.069580 0.058540 0.064720 0.010490 0.029920 
65
0.479817 0.014405 0.046210 
0.462778 0.970568 0.462022 
0.057405 0.015027 0.491768 
0.045735 0.004953 0.043384 0.068791 0.011157 
0.034576 0.018789 0.018012 0.387818 0.032191 
0.009982 0.035917 0.027741 0.045907 0.090272 
0.043510 0.037848 0.025084 0.004508 0.013823 
0.087130 0.033470 0.046870 0.049530 0.039770 
0.088610 0.033620 0.036890 0.080480 0.085360 
0.014750 0.040430 0.050680 0.038260 0.040900 
0.069580 0.058540 0.064720 0.010490 0.029920 
66
0.479817 0.014405 0.046210 
0.462778 0.970568 0.462022 
0.057405 0.015027 0.491768 
0.056594 0.003552 0.305345 0.178122 0.014058 
0.041242 0.014802 0.017004 0.050222 0.030768 
0.009305 0.049521 0.022284 0.042136 0.033922 
0.048638 0.036374 0.024906 0.005610 0.015595 
0.087130 0.033470 0.046870 0.049530 0.039770 
0.088610 0.033620 0.036890 0.080480 0.085360 
0.014750 0.040430 0.050680 0.038260 0.040900 
0.069580 0.058540 0.064720 0.010490 0.029920 
67
0.479817 0.014405 0.046210 
0.462778 0.970568 0.462022 
0.057405 0.015027 0.491768 
0.179172 0.007432 0.057002 0.061387 0.024680 
0.061062 0.019496 0.037183 0.071341 0.059230 
0.016558 0.039512 0.032543 0.040156 0.067858 
0.093022 0.050073 0.046470 0.009781 0.026044 
0.087130 0.033470 0.046870 0.049530 0.039770 
0.088610 0.033620 0.036890 0.080480 0.085360 
0.014750 0.040430 0.050680 0.038260 0.040900 
0.069580 0.058540 0.064720 0.010490 0.029920 
68
0.479817 0.014405 0.046210 
0.462778 0.970568 0.462022 
0.057405 0.015027 0.491768 
0.070051 0.006071 0.043114 0.039145 0.018735 
0.370927 0.015829 0.027480 0.068308 0.036208 
0.013410 0.043746 0.027542 0.027479 0.033809 
0.055815 0.043048 0.029896 0.008061 0.021326 
0.087130 0.033470 0.046870 0.049530 0.039770 
0.088610 0.033620 0.036890 0.080480 0.085360 
0.014750 0.040430 0.050680 0.038260 0.040900 
0.069580 0.058540 0.064720 0.010490 0.029920 
69
0.479817 0.014405 0.046210 
0.462778 0.970568 0.462022 
0.057405 0.015027 0.491768 
0.213200 0.013972 0.021733 0.024367 0.040395 
0.040660 0.014046 0.081566 0.025208 0.180144 
0.026945 0.018653 0.019284 0.020172 0.026214 
0.035308 0.040136 0.117452 0.010872 0.029672 
0.087130 0.033470 0.046870 0.049530 0.039770 
0.088610 0.033620 0.036890 0.080480 0.085360 
0.014750 0.040430 0.050680 0.038260 0.040900 
0.069580 0.058540 0.064720 0.010490 0.029920 
70
0.479817 0.014405 0.046210 
0.462778 0.970568 0.462022 
0.057405 0.015027 0.491768 
0.036639 0.006148 0.020364 0.022190 0.062181 
0.031290 0.016894 0.027356 0.024064 0.046753 
0.011694 0.017969 0.015720 0.016842 0.021847 
0.027046 0.025855 0.038047 0.015769 0.515332 
0.087130 0.033470 0.046870 0.049530 0.039770 
0.088610 0.033620 0.036890 0.080480 0.085360 
0.014750 0.040430 0.050680 0.038260 0.040900 
0.069580 0.058540 0.064720 0.010490 0.029920 
71
0.479817 0.014405 0.046210 
0.462778 0.970568 0.462022 
0.057405 0.026326 0.479987 
0.173638 0.009341 0.039429 0.041614 0.022418 
0.056288 0.015331 0.030172 0.038908 0.046638 
0.013465 0.034753 0.026341 0.028066 0.031202 
0.259787 0.055602 0.046846 0.007964 0.022196 
0.087128 0.033469 0.046869 0.049529 0.039769 
0.088608 0.033619 0.036909 0.080478 0.085358 
0.014750 0.040429 0.050679 0.038259 0.040899 
0.069579 0.058539 0.064719 0.010490 0.029919 
72
0.479817 0.014405 0.045103 
0.462778 0.959269 0.474910 
0.057405 0.015027 0.491768 
0.049650 0.012661 0.008539 0.008297 0.036884 
0.016700 0.007029 0.244164 0.011278 0.098122 
0.019286 0.008006 0.012172 0.007935 0.010510 
0.016732 0.028455 0.376006 0.006876 0.020697 
0.087130 0.033470 0.046870 0.049530 0.039770 
0.088610 0.033620 0.036890 0.080480 0.085360 
0.014750 0.040430 0.050680 0.038260 0.040900 
0.069580 0.058540 0.064720 0.010490 0.029920 
73
0.479817 0.014405 0.046210 
0.462778 0.970568 0.462022 
0.057405 0.015027 0.491768 
0.075849 0.005050 0.051832 0.063812 0.021309 
0.042145 0.018238 0.046852 0.247196 0.071090 
0.015619 0.036240 0.030246 0.043421 0.067620 
0.048581 0.040869 0.041666 0.008805 0.023561 
0.087130 0.033470 0.046870 0.049530 0.039770 
0.088610 0.033620 0.036890 0.080480 0.085360 
0.014750 0.040430 0.050680 0.038260 0.040900 
0.069580 0.058540 0.064720 0.010490 0.029920 
74
0.479817 0.014405 0.046210 
0.462778 0.970568 0.462022 
0.057405 0.015027 0.491768 
0.237146 0.008562 0.085193 0.060686 0.024525 
0.061201 0.018425 0.035779 0.055364 0.057363 
0.016310 0.041958 0.028746 0.037633 0.042888 
0.062128 0.043840 0.048224 0.009145 0.024882 
0.087130 0.033470 0.046870 0.049530 0.039770 
0.088610 0.033620 0.036890 0.080480 0.085360 
0.014750 0.040430 0.050680 0.038260 0.040900 
0.069580 0.058540 0.064720 0.010490 0.029920 
75
0.479817 0.014405 0.046210 
0.462778 0.970568 0.462022 
0.057405 0.015027 0.491768 
0.383347 0.011527 0.030210 0.036237 0.027932 
0.052356 0.013685 0.039281 0.035119 0.061827 
0.017062 0.024231 0.021241 0.025510 0.029827 
0.055146 0.045413 0.058847 0.008144 0.023058 
0.087130 0.033470 0.046870 0.049530 0.039770 
0.088610 0.033620 0.036890 0.080480 0.085360 
0.014750 0.040430 0.050680 0.038260 0.040900 
0.069580 0.058540 0.064720 0.010490 0.029920 
76
0.479817 0.014405 0.046210 
0.462778 0.970568 0.462022 
0.057405 0.015027 0.491768 
0.067977 0.012458 0.015731 0.017065 0.097031 
0.027497 0.012733 0.117001 0.017774 0.311773 
0.033859 0.015236 0.015587 0.015609 0.019560 
0.022447 0.030371 0.105574 0.012973 0.031746 
0.087130 0.033470 0.046870 0.049530 0.039770 
0.088610 0.033620 0.036890 0.080480 0.085360 
0.014750 0.040430 0.050680 0.038260 0.040900 
0.069580 0.058540 0.064720 0.010490 0.029920 
77
0.479817 0.014405 0.046210 
0.462778 0.970568 0.462022 
0.057405 0.015027 0.491768 
0.122134 0.004730 0.074260 0.246944 0.018640 
0.043206 0.017149 0.024507 0.064205 0.043915 
0.012613 0.040056 0.024539 0.051833 0.045541 
0.059339 0.040030 0.037823 0.007906 0.020631 
0.087130 0.033470 0.046870 0.049530 0.039770 
0.088610 0.033620 0.036890 0.080480 0.085360 
0.014750 0.040430 0.050680 0.038260 0.040900 
0.069580 0.058540 0.064720 0.010490 0.029920 
78
0.479817 0.014405 0.046210 
0.462778 0.970568 0.462022 
0.057405 0.015027 0.491768 
0.065640 0.005001 0.046285 0.059901 0.018153 
0.040401 0.018997 0.028031 0.067608 0.047858 
0.014181 0.039665 0.026324 0.086793 0.279255 
0.045606 0.042224 0.036571 0.008637 0.022869 
0.087130 0.033470 0.046870 0.049530 0.039770 
0.088610 0.033620 0.036890 0.080480 0.085360 
0.014750 0.040430 0.050680 0.038260 0.040900 
0.069580 0.058540 0.064720 0.010490 0.029920 
79
0.479817 0.014405 0.046210 
0.462778 0.970568 0.462022 
0.057405 0.015027 0.491768 
0.085558 0.007577 0.085040 0.051052 0.022721 
0.072961 0.020433 0.025338 0.046634 0.039875 
0.011948 0.092052 0.034829 0.032966 0.035521 
0.200028 0.066754 0.035431 0.009283 0.023999 
0.087130 0.033470 0.046870 0.049530 0.039770 
0.088610 0.033620 0.036890 0.080480 0.085360 
0.014750 0.040430 0.050680 0.038260 0.040900 
0.069580 0.058540 0.064720 0.010490 0.029920 
80
0.479817 0.014405 0.046210 
0.462778 0.970568 0.462022 
0.057405 0.066895 0.441969 
0.090437 0.005592 0.058208 0.065760 0.023029 
0.084373 0.020251 0.036095 0.108088 0.058726 
0.016553 0.071308 0.031043 0.058974 0.104076 
0.053074 0.038356 0.040134 0.010093 0.025829 
0.087123 0.033467 0.046866 0.049525 0.039766 
0.088693 0.033617 0.036887 0.080473 0.085352 
0.014749 0.040426 0.050675 0.038256 0.040896 
0.069574 0.058535 0.064714 0.010489 0.029917 
81
0.479817 0.014405 0.041531 
0.462778 0.918700 0.516500 
0.057405 0.015027 0.491768 
0.093557 0.013780 0.030672 0.030956 0.060711 
0.064672 0.025290 0.106334 0.033005 0.130279 
0.068076 0.027700 0.020634 0.028046 0.037154 
0.033868 0.041698 0.094262 0.016485 0.042819 
0.087130 0.033470 0.046870 0.049530 0.039770 
0.088610 0.033620 0.036890 0.080480 0.085360 
0.014750 0.040430 0.050680 0.038260 0.040900 
0.069580 0.058540 0.064720 0.010490 0.029920 
82
0.479817 0.014405 0.046210 
0.462778 0.970568 0.462022 
0.057405 0.015027 0.491768 
0.060849 0.011438 0.021678 0.022853 0.197890 
0.041959 0.022124 0.062464 0.018352 0.109209 
0.025154 0.022744 0.017947 0.019612 0.021773 
0.031748 0.032197 0.084303 0.027057 0.148650 
0.087130 0.033470 0.046870 0.049530 0.039770 
0.088610 0.033620 0.036890 0.080480 0.085360 
0.014750 0.040430 0.050680 0.038260 0.040900 
0.069580 0.058540 0.064720 0.010490 0.029920 
83
0.479817 0.014405 0.046210 
0.462778 0.970568 0.462022 
0.057405 0.015027 0.491768 
0.068032 0.004140 0.119909 0.258627 0.017304 
0.043531 0.017437 0.021053 0.062055 0.038664 
0.011384 0.065428 0.024582 0.049056 0.043301 
0.052311 0.046890 0.029261 0.007549 0.019488 
0.087130 0.033470 0.046870 0.049530 0.039770 
0.088610 0.033620 0.036890 0.080480 0.085360 
