%  SAM: modelfromalign v3.5 (July 15, 2005) compiled 12/05/20_11:48:22
%  (c) 1992-2001 Regents of the University of California, Santa Cruz
%
%          Sequence Alignment and Modeling Software System
%         http://www.cse.ucsc.edu/research/compbio/sam.html
%
% ----------------- Citations (SAM, SAM-T2K, HMMs) --------------------
% R. Hughey, A. Krogh, Hidden Markov models for sequence analysis:
%  Extension and analysis of the basic method, CABIOS 12:95-107, 1996.
% K. Karplus, et al., What is the value added by human intervention in protein
%  structure prediction, Proteins: Stucture, Function, Genetics 45(S5):86--91, 2001.
% A. Krogh et al., Hidden Markov models in computational biology:
%  Applications to protein modeling, JMB 235:1501-1531, Feb 1994.
% ---------------------------------------------------------------------
%  trimmed-uniq   Host: gauntlet    Thu Feb 11 16:19:51 2021
%  dgpinheiro     Dir:  /data/GitHub/sfFinder/example/output/subfamily/TEST1/flowerpower/fp-workspace/iter2
% ---------------------------------------------------------------------
% Prior File:  Internal (Name: recode3.20comp) 
%   20 priors on 20 characters.
%  Alignment weights from internal calc.  Total (1.66) Max (0.01) Min (0.01)
%  Weights from alignment method 1 (karplus), b=0.500000, e=0.500000
MODEL --  Model from alignment file trimmed-uniq.a2m
alphabet protein
FREQAVE
0.000000 0.000000 0.000000 
0.000000 0.000000 0.000000 
0.000000 0.000000 0.000000 
0.073430 0.015300 0.056458 0.066691 0.050828 
0.061590 0.029062 0.052889 0.056910 0.086510 
0.026581 0.040714 0.044978 0.042599 0.051826 
0.058672 0.053546 0.061415 0.023200 0.046800 
0.073430 0.015300 0.056458 0.066691 0.050828 
0.061590 0.029062 0.052889 0.056910 0.086510 
0.026581 0.040714 0.044978 0.042599 0.051826 
0.058672 0.053546 0.061415 0.023200 0.046800 
Begin
0.000000 0.000000 0.000000 
0.000000 0.000000 0.000000 
0.000000 0.104745 0.832045 
0.000000 0.000000 0.000000 0.000000 0.000000 
0.000000 0.000000 0.000000 0.000000 0.000000 
0.000000 0.000000 0.000000 0.000000 0.000000 
0.000000 0.000000 0.000000 0.000000 0.000000 
0.087223 0.033411 0.046852 0.049477 0.039668 
0.088421 0.033540 0.036829 0.080822 0.085409 
0.014898 0.040494 0.050592 0.038248 0.041025 
0.069473 0.058566 0.064599 0.010464 0.029990 
1
0.000000 0.014405 0.057370 
0.000000 0.880850 0.110585 
0.040950 0.016501 0.491768 
0.076698 0.014131 0.039989 0.056530 0.048001 
0.043269 0.021241 0.079351 0.054346 0.123298 
0.042473 0.034309 0.034931 0.037244 0.047678 
0.054036 0.054059 0.089035 0.013553 0.035828 
0.087130 0.033470 0.046870 0.049530 0.039770 
0.088610 0.033620 0.036890 0.080480 0.085360 
0.014750 0.040430 0.050680 0.038260 0.040900 
0.069580 0.058540 0.064720 0.010490 0.029920 
2
0.628926 0.015817 0.046210 
0.330124 0.967682 0.462022 
0.040950 0.016501 0.491768 
0.095394 0.013914 0.056799 0.070521 0.032134 
0.068426 0.022019 0.049092 0.062817 0.077164 
0.020723 0.043800 0.058907 0.040299 0.051944 
0.069245 0.060901 0.066534 0.010154 0.029211 
0.087130 0.033470 0.046870 0.049530 0.039770 
0.088610 0.033620 0.036890 0.080480 0.085360 
0.014750 0.040430 0.050680 0.038260 0.040900 
0.069580 0.058540 0.064720 0.010490 0.029920 
3
0.626403 0.015817 0.046210 
0.332647 0.967682 0.462022 
0.041054 0.016487 0.491768 
0.077598 0.012967 0.045672 0.064962 0.036929 
0.044182 0.023227 0.069239 0.065104 0.111788 
0.028444 0.038396 0.043158 0.041684 0.054602 
0.058319 0.056862 0.082406 0.011637 0.032824 
0.087130 0.033470 0.046870 0.049530 0.039770 
0.088610 0.033620 0.036890 0.080480 0.085360 
0.014750 0.040430 0.050680 0.038260 0.040900 
0.069580 0.058540 0.064720 0.010490 0.029920 
4
0.627987 0.015803 0.046210 
0.330959 0.967710 0.462022 
0.041054 0.016487 0.491768 
0.075857 0.012411 0.051139 0.067212 0.036816 
0.052681 0.026038 0.058927 0.064615 0.104435 
0.024466 0.042829 0.047804 0.042430 0.055973 
0.060393 0.056641 0.070909 0.012900 0.035526 
0.087130 0.033470 0.046870 0.049530 0.039770 
0.088610 0.033620 0.036890 0.080480 0.085360 
0.014750 0.040430 0.050680 0.038260 0.040900 
0.069580 0.058540 0.064720 0.010490 0.029920 
5
0.627987 0.015803 0.046210 
0.330959 0.967710 0.462022 
0.041054 0.016487 0.491768 
0.073807 0.010243 0.072262 0.089361 0.026204 
0.068242 0.025596 0.036710 0.077074 0.058681 
0.017946 0.057603 0.053564 0.049946 0.062570 
0.071526 0.061964 0.048749 0.009609 0.028344 
0.087130 0.033470 0.046870 0.049530 0.039770 
0.088610 0.033620 0.036890 0.080480 0.085360 
0.014750 0.040430 0.050680 0.038260 0.040900 
0.069580 0.058540 0.064720 0.010490 0.029920 
6
0.585874 0.015803 0.046210 
0.373073 0.967710 0.462022 
0.042859 0.016253 0.491768 
0.064830 0.005629 0.046036 0.057492 0.019594 
0.043610 0.019268 0.029661 0.068619 0.050132 
0.014540 0.037111 0.027787 0.040592 0.312414 
0.047091 0.043500 0.039209 0.009107 0.023777 
0.087130 0.033470 0.046870 0.049530 0.039770 
0.088610 0.033620 0.036890 0.080480 0.085360 
0.014750 0.040430 0.050680 0.038260 0.040900 
0.069580 0.058540 0.064720 0.010490 0.029920 
7
0.611632 0.015580 0.046210 
0.345510 0.968167 0.462022 
0.042859 0.016253 0.491768 
0.071680 0.004611 0.086314 0.276914 0.018110 
0.044301 0.018334 0.023272 0.065705 0.042124 
0.012516 0.038124 0.026455 0.049707 0.055087 
0.060903 0.043475 0.033084 0.008113 0.021168 
0.087130 0.033470 0.046870 0.049530 0.039770 
0.088610 0.033620 0.036890 0.080480 0.085360 
0.014750 0.040430 0.050680 0.038260 0.040900 
0.069580 0.058540 0.064720 0.010490 0.029920 
8
0.611632 0.015580 0.046210 
0.345510 0.968167 0.462022 
0.042859 0.016253 0.491768 
0.072934 0.004920 0.086623 0.068183 0.017343 
0.045648 0.019213 0.026734 0.262693 0.045733 
0.013269 0.040518 0.030527 0.045437 0.054860 
0.050621 0.049604 0.035606 0.007976 0.021558 
0.087130 0.033470 0.046870 0.049530 0.039770 
0.088610 0.033620 0.036890 0.080480 0.085360 
0.014750 0.040430 0.050680 0.038260 0.040900 
0.069580 0.058540 0.064720 0.010490 0.029920 
9
0.611632 0.015580 0.046210 
0.345510 0.968167 0.462022 
0.042859 0.016253 0.491768 
0.055294 0.009106 0.025167 0.028729 0.085859 
0.039785 0.022110 0.045208 0.027532 0.071417 
0.018464 0.024547 0.019691 0.021861 0.028076 
0.036264 0.034775 0.057497 0.030924 0.317694 
0.087130 0.033470 0.046870 0.049530 0.039770 
0.088610 0.033620 0.036890 0.080480 0.085360 
0.014750 0.040430 0.050680 0.038260 0.040900 
0.069580 0.058540 0.064720 0.010490 0.029920 
10
0.609204 0.015580 0.046210 
0.347938 0.968167 0.462022 
0.042963 0.016241 0.491768 
0.233327 0.011526 0.040264 0.047057 0.032353 
0.061232 0.018315 0.050123 0.046528 0.075350 
0.020805 0.032014 0.028109 0.036304 0.042333 
0.051830 0.048719 0.066628 0.011058 0.046126 
0.087130 0.033470 0.046870 0.049530 0.039770 
0.088610 0.033620 0.036890 0.080480 0.085360 
0.014750 0.040430 0.050680 0.038260 0.040900 
0.069580 0.058540 0.064720 0.010490 0.029920 
11
0.610686 0.015567 0.046210 
0.346351 0.968192 0.462022 
0.042963 0.016241 0.491768 
0.068048 0.009558 0.080623 0.049834 0.026611 
0.068224 0.021264 0.034085 0.055483 0.048621 
0.014415 0.057085 0.039750 0.033482 0.044124 
0.154916 0.110854 0.044497 0.010653 0.027874 
0.087130 0.033470 0.046870 0.049530 0.039770 
0.088610 0.033620 0.036890 0.080480 0.085360 
0.014750 0.040430 0.050680 0.038260 0.040900 
0.069580 0.058540 0.064720 0.010490 0.029920 
12
0.361573 0.015567 0.046210 
0.595464 0.968192 0.462022 
0.057216 0.015038 0.491768 
0.067841 0.011699 0.017811 0.020414 0.044189 
0.030815 0.012511 0.087440 0.021448 0.194739 
0.226261 0.016650 0.015135 0.017499 0.021892 
0.024770 0.040651 0.088054 0.011692 0.028490 
0.087130 0.033470 0.046870 0.049530 0.039770 
0.088610 0.033620 0.036890 0.080480 0.085360 
0.014750 0.040430 0.050680 0.038260 0.040900 
0.069580 0.058540 0.064720 0.010490 0.029920 
13
0.481528 0.014415 0.046210 
0.461255 0.970546 0.462022 
0.057216 0.015038 0.491768 
0.091817 0.007664 0.037274 0.040473 0.021800 
0.041030 0.015090 0.033934 0.040348 0.047623 
0.013601 0.033633 0.025425 0.029261 0.031974 
0.077007 0.335003 0.047648 0.007584 0.021811 
0.087130 0.033470 0.046870 0.049530 0.039770 
0.088610 0.033620 0.036890 0.080480 0.085360 
0.014750 0.040430 0.050680 0.038260 0.040900 
0.069580 0.058540 0.064720 0.010490 0.029920 
14
0.479861 0.014415 0.046210 
0.462922 0.970546 0.462022 
0.057312 0.015033 0.491768 
0.054673 0.005226 0.040198 0.048370 0.017224 
0.040409 0.016907 0.025161 0.053728 0.043307 
0.012285 0.032141 0.025097 0.034152 0.410527 
0.040253 0.038125 0.034142 0.007742 0.020332 
0.087130 0.033470 0.046870 0.049530 0.039770 
0.088610 0.033620 0.036890 0.080480 0.085360 
0.014750 0.040430 0.050680 0.038260 0.040900 
0.069580 0.058540 0.064720 0.010490 0.029920 
15
0.480663 0.014410 0.046210 
0.462025 0.970557 0.462022 
0.057312 0.015033 0.491768 
0.051462 0.004758 0.345711 0.061471 0.015255 
0.112387 0.016107 0.018448 0.042982 0.030148 
0.009116 0.067099 0.025197 0.030120 0.030637 
0.051240 0.039490 0.025711 0.005998 0.016662 
0.087130 0.033470 0.046870 0.049530 0.039770 
0.088610 0.033620 0.036890 0.080480 0.085360 
0.014750 0.040430 0.050680 0.038260 0.040900 
0.069580 0.058540 0.064720 0.010490 0.029920 
16
0.480663 0.014410 0.046210 
0.462025 0.970557 0.462022 
0.057312 0.015033 0.491768 
0.055272 0.010305 0.013444 0.016043 0.039626 
0.020628 0.009566 0.074879 0.017111 0.473413 
0.033581 0.012946 0.013130 0.014208 0.016869 
0.019631 0.038043 0.088264 0.009653 0.023387 
0.087130 0.033470 0.046870 0.049530 0.039770 
0.088610 0.033620 0.036890 0.080480 0.085360 
0.014750 0.040430 0.050680 0.038260 0.040900 
0.069580 0.058540 0.064720 0.010490 0.029920 
17
0.479037 0.014410 0.046210 
0.463651 0.970557 0.462022 
0.057405 0.015027 0.491768 
0.146005 0.008941 0.063040 0.044676 0.026801 
0.213985 0.020616 0.035114 0.042404 0.052437 
0.016388 0.054080 0.030723 0.029423 0.034062 
0.060974 0.040400 0.042734 0.010478 0.026720 
0.087130 0.033470 0.046870 0.049530 0.039770 
0.088610 0.033620 0.036890 0.080480 0.085360 
0.014750 0.040430 0.050680 0.038260 0.040900 
0.069580 0.058540 0.064720 0.010490 0.029920 
18
0.479817 0.014405 0.046210 
0.462778 0.970568 0.462022 
0.057405 0.015027 0.491768 
0.020658 0.005470 0.010105 0.012383 0.036886 
0.018971 0.006802 0.020215 0.010803 0.047734 
0.011410 0.008368 0.008973 0.007241 0.014783 
0.013225 0.012023 0.025949 0.676636 0.031364 
0.087130 0.033470 0.046870 0.049530 0.039770 
0.088610 0.033620 0.036890 0.080480 0.085360 
0.014750 0.040430 0.050680 0.038260 0.040900 
0.069580 0.058540 0.064720 0.010490 0.029920 
19
0.479817 0.014405 0.046210 
0.462778 0.970568 0.462022 
0.057405 0.015027 0.491768 
0.077827 0.003218 0.131215 0.292638 0.015482 
0.038626 0.014778 0.018034 0.059570 0.035479 
0.010450 0.032836 0.021606 0.060613 0.039298 
0.057148 0.041390 0.026352 0.006455 0.016985 
0.087130 0.033470 0.046870 0.049530 0.039770 
0.088610 0.033620 0.036890 0.080480 0.085360 
0.014750 0.040430 0.050680 0.038260 0.040900 
0.069580 0.058540 0.064720 0.010490 0.029920 
20
0.479817 0.014405 0.046210 
0.462778 0.970568 0.462022 
0.057405 0.015027 0.491768 
0.064355 0.008758 0.037179 0.037922 0.040551 
0.044781 0.015842 0.043326 0.036611 0.064997 
0.015815 0.034616 0.043842 0.027684 0.029714 
0.078256 0.283773 0.057144 0.009018 0.025815 
0.087130 0.033470 0.046870 0.049530 0.039770 
0.088610 0.033620 0.036890 0.080480 0.085360 
0.014750 0.040430 0.050680 0.038260 0.040900 
0.069580 0.058540 0.064720 0.010490 0.029920 
21
0.479817 0.014405 0.046210 
0.462778 0.970568 0.462022 
0.057405 0.015027 0.491768 
0.057190 0.007362 0.039696 0.039455 0.019159 
0.048492 0.014438 0.028401 0.037245 0.033706 
0.010708 0.038413 0.026703 0.028114 0.027933 
0.159107 0.312285 0.043704 0.006860 0.021030 
0.087130 0.033470 0.046870 0.049530 0.039770 
0.088610 0.033620 0.036890 0.080480 0.085360 
0.014750 0.040430 0.050680 0.038260 0.040900 
0.069580 0.058540 0.064720 0.010490 0.029920 
22
0.479817 0.014405 0.046210 
0.462778 0.970568 0.462022 
0.057405 0.015027 0.491768 
0.037346 0.006439 0.019334 0.021286 0.063974 
0.028611 0.016655 0.031566 0.021574 0.051547 
0.012662 0.017331 0.015236 0.016392 0.021193 
0.026448 0.025764 0.040853 0.016009 0.509781 
0.087130 0.033470 0.046870 0.049530 0.039770 
0.088610 0.033620 0.036890 0.080480 0.085360 
0.014750 0.040430 0.050680 0.038260 0.040900 
0.069580 0.058540 0.064720 0.010490 0.029920 
23
0.479817 0.014405 0.046210 
0.462778 0.970568 0.462022 
0.057405 0.015027 0.491768 
0.072035 0.004370 0.075949 0.253208 0.018448 
0.040051 0.017259 0.024209 0.063707 0.043867 
0.012748 0.034462 0.024375 0.101135 0.046387 
0.049788 0.040299 0.049007 0.007954 0.020744 
0.087130 0.033470 0.046870 0.049530 0.039770 
0.088610 0.033620 0.036890 0.080480 0.085360 
0.014750 0.040430 0.050680 0.038260 0.040900 
0.069580 0.058540 0.064720 0.010490 0.029920 
24
0.479817 0.014405 0.046210 
0.462778 0.970568 0.462022 
0.057405 0.015027 0.491768 
0.071907 0.005397 0.053755 0.041865 0.022095 
0.050233 0.014448 0.030780 0.055376 0.048489 
0.009107 0.037405 0.298415 0.029058 0.035363 
0.074282 0.048153 0.044452 0.007858 0.021561 
0.087130 0.033470 0.046870 0.049530 0.039770 
0.088610 0.033620 0.036890 0.080480 0.085360 
0.014750 0.040430 0.050680 0.038260 0.040900 
0.069580 0.058540 0.064720 0.010490 0.029920 
25
0.479817 0.014405 0.046210 
0.462778 0.970568 0.462022 
0.057405 0.015027 0.491768 
0.073666 0.008080 0.043010 0.072641 0.029054 
0.050458 0.020691 0.045311 0.061265 0.069400 
0.192759 0.035126 0.026163 0.036703 0.051710 
0.044451 0.044268 0.053724 0.011766 0.029753 
0.087130 0.033470 0.046870 0.049530 0.039770 
0.088610 0.033620 0.036890 0.080480 0.085360 
0.014750 0.040430 0.050680 0.038260 0.040900 
0.069580 0.058540 0.064720 0.010490 0.029920 
26
0.479817 0.014405 0.046210 
0.462778 0.970568 0.462022 
0.057405 0.015027 0.491768 
0.057597 0.004031 0.341786 0.087052 0.014277 
0.043946 0.016331 0.018977 0.058264 0.031945 
0.009850 0.063346 0.024166 0.047273 0.036446 
0.055905 0.040078 0.026760 0.005681 0.016288 
0.087130 0.033470 0.046870 0.049530 0.039770 
0.088610 0.033620 0.036890 0.080480 0.085360 
0.014750 0.040430 0.050680 0.038260 0.040900 
0.069580 0.058540 0.064720 0.010490 0.029920 
27
0.479817 0.014405 0.046210 
0.462778 0.970568 0.462022 
0.057405 0.015027 0.491768 
0.075811 0.004043 0.082430 0.116859 0.015451 
0.040201 0.017918 0.024516 0.240869 0.043568 
0.012221 0.037990 0.026680 0.056989 0.056113 
0.048758 0.039462 0.033653 0.007151 0.019319 
0.087130 0.033470 0.046870 0.049530 0.039770 
0.088610 0.033620 0.036890 0.080480 0.085360 
0.014750 0.040430 0.050680 0.038260 0.040900 
0.069580 0.058540 0.064720 0.010490 0.029920 
28
0.479817 0.014405 0.046210 
0.462778 0.970568 0.462022 
0.057405 0.015027 0.491768 
0.067410 0.012656 0.010268 0.010693 0.037492 
0.020106 0.007836 0.166800 0.012987 0.106296 
0.020795 0.009648 0.013195 0.009736 0.012355 
0.019929 0.030436 0.401972 0.007540 0.021850 
0.087130 0.033470 0.046870 0.049530 0.039770 
0.088610 0.033620 0.036890 0.080480 0.085360 
0.014750 0.040430 0.050680 0.038260 0.040900 
0.069580 0.058540 0.064720 0.010490 0.029920 
29
0.479817 0.014405 0.046210 
0.462778 0.970568 0.462022 
0.057405 0.015027 0.491768 
0.039088 0.008642 0.012300 0.016519 0.485079 
0.020979 0.010281 0.047881 0.014354 0.078627 
0.017186 0.011707 0.012232 0.012581 0.011834 
0.021458 0.023474 0.051833 0.024140 0.079806 
0.087130 0.033470 0.046870 0.049530 0.039770 
0.088610 0.033620 0.036890 0.080480 0.085360 
0.014750 0.040430 0.050680 0.038260 0.040900 
0.069580 0.058540 0.064720 0.010490 0.029920 
30
0.479817 0.014405 0.046210 
0.462778 0.970568 0.462022 
0.057405 0.015027 0.491768 
0.048917 0.004574 0.033946 0.032262 0.016978 
0.040627 0.011651 0.023249 0.044816 0.038551 
0.007304 0.026119 0.488653 0.022289 0.028022 
0.040888 0.034105 0.034192 0.006068 0.016786 
0.087130 0.033470 0.046870 0.049530 0.039770 
0.088610 0.033620 0.036890 0.080480 0.085360 
0.014750 0.040430 0.050680 0.038260 0.040900 
0.069580 0.058540 0.064720 0.010490 0.029920 
31
0.479817 0.078498 0.046210 
0.462778 0.906475 0.462022 
0.044554 0.016057 0.491768 
0.089253 0.008370 0.067021 0.093816 0.032036 
0.067996 0.029114 0.042720 0.066914 0.065149 
0.018926 0.048626 0.037532 0.060139 0.053625 
0.062355 0.054842 0.053945 0.013119 0.034502 
0.087130 0.033470 0.046870 0.049530 0.039770 
0.088610 0.033620 0.036890 0.080480 0.085360 
0.014750 0.040430 0.050680 0.038260 0.040900 
0.069580 0.058540 0.064720 0.010490 0.029920 
32
0.596271 0.041465 0.046210 
0.359175 0.942479 0.462022 
0.041055 0.016486 0.491768 
0.078321 0.011810 0.059267 0.084668 0.030734 
0.053089 0.024558 0.049376 0.071603 0.071888 
0.020991 0.045497 0.054376 0.046688 0.060514 
0.069014 0.062865 0.062619 0.010890 0.031233 
0.087130 0.033470 0.046870 0.049530 0.039770 
0.088610 0.033620 0.036890 0.080480 0.085360 
0.014750 0.040430 0.050680 0.038260 0.040900 
0.069580 0.058540 0.064720 0.010490 0.029920 
33
0.421692 0.016195 0.046210 
0.537253 0.967319 0.462022 
0.051650 0.015409 0.491768 
0.044642 0.009496 0.015672 0.018728 0.242885 
0.030582 0.020838 0.046233 0.014682 0.088682 
0.019132 0.017804 0.013769 0.015056 0.017495 
0.027955 0.027235 0.055709 0.033670 0.239735 
0.087130 0.033470 0.046870 0.049530 0.039770 
0.088610 0.033620 0.036890 0.080480 0.085360 
0.014750 0.040430 0.050680 0.038260 0.040900 
0.069580 0.058540 0.064720 0.010490 0.029920 
34
0.433158 0.014770 0.046210 
0.515192 0.969821 0.462022 
0.057313 0.015033 0.491768 
0.064427 0.004330 0.312576 0.091621 0.015350 
0.047359 0.016541 0.019812 0.053090 0.032838 
0.010008 0.065983 0.025022 0.037767 0.034977 
0.071014 0.046937 0.027546 0.005944 0.016857 
0.087130 0.033470 0.046870 0.049530 0.039770 
0.088610 0.033620 0.036890 0.080480 0.085360 
0.014750 0.040430 0.050680 0.038260 0.040900 
0.069580 0.058540 0.064720 0.010490 0.029920 
35
0.479047 0.014410 0.046210 
0.463640 0.970557 0.462022 
0.057405 0.015027 0.491768 
0.078331 0.004380 0.061326 0.072039 0.016231 
0.066616 0.018279 0.026128 0.256412 0.045212 
0.012867 0.038434 0.028411 0.058890 0.066208 
0.048552 0.040378 0.033366 0.007554 0.020386 
0.087130 0.033470 0.046870 0.049530 0.039770 
0.088610 0.033620 0.036890 0.080480 0.085360 
0.014750 0.040430 0.050680 0.038260 0.040900 
0.069580 0.058540 0.064720 0.010490 0.029920 
36
0.479817 0.014405 0.046210 
0.462778 0.970568 0.462022 
0.057405 0.015027 0.491768 
0.050134 0.008865 0.019627 0.023819 0.146616 
0.034554 0.024662 0.040194 0.020009 0.066238 
0.016900 0.021534 0.015794 0.018216 0.023672 
0.036687 0.034152 0.053323 0.027867 0.317137 
0.087130 0.033470 0.046870 0.049530 0.039770 
0.088610 0.033620 0.036890 0.080480 0.085360 
0.014750 0.040430 0.050680 0.038260 0.040900 
0.069580 0.058540 0.064720 0.010490 0.029920 
37
0.479817 0.014405 0.046210 
0.462778 0.970568 0.462022 
0.057405 0.015027 0.491768 
0.061251 0.004067 0.069511 0.375251 0.019265 
0.050334 0.015709 0.019601 0.058751 0.036505 
0.010920 0.031826 0.022983 0.045523 0.040744 
0.045846 0.038167 0.028904 0.006818 0.018024 
0.087130 0.033470 0.046870 0.049530 0.039770 
0.088610 0.033620 0.036890 0.080480 0.085360 
0.014750 0.040430 0.050680 0.038260 0.040900 
0.069580 0.058540 0.064720 0.010490 0.029920 
38
0.479817 0.014405 0.046210 
0.462778 0.970568 0.462022 
0.057405 0.015027 0.491768 
0.054978 0.004055 0.039054 0.022961 0.010184 
0.612362 0.009347 0.013878 0.025389 0.020559 
0.007565 0.028477 0.018789 0.015413 0.023521 
0.036537 0.023819 0.015614 0.004685 0.012813 
0.087130 0.033470 0.046870 0.049530 0.039770 
0.088610 0.033620 0.036890 0.080480 0.085360 
0.014750 0.040430 0.050680 0.038260 0.040900 
0.069580 0.058540 0.064720 0.010490 0.029920 
39
0.479817 0.014405 0.046210 
0.462778 0.970568 0.462022 
0.057405 0.015027 0.491768 
0.050920 0.011293 0.010818 0.011951 0.038474 
0.020052 0.008123 0.407462 0.013841 0.110964 
0.023603 0.010428 0.012812 0.010896 0.013360 
0.018100 0.027694 0.168995 0.008292 0.021921 
0.087130 0.033470 0.046870 0.049530 0.039770 
0.088610 0.033620 0.036890 0.080480 0.085360 
0.014750 0.040430 0.050680 0.038260 0.040900 
0.069580 0.058540 0.064720 0.010490 0.029920 
40
0.479817 0.014405 0.046210 
0.462778 0.970568 0.462022 
0.057405 0.015027 0.491768 
0.075249 0.004802 0.049174 0.064934 0.018079 
0.040646 0.021394 0.031227 0.218832 0.052464 
0.014871 0.036604 0.035340 0.044548 0.131865 
0.046480 0.039900 0.042343 0.008531 0.022718 
0.087130 0.033470 0.046870 0.049530 0.039770 
0.088610 0.033620 0.036890 0.080480 0.085360 
0.014750 0.040430 0.050680 0.038260 0.040900 
0.069580 0.058540 0.064720 0.010490 0.029920 
41
0.479817 0.014405 0.046210 
0.462778 0.970568 0.462022 
0.057405 0.015027 0.491768 
0.070261 0.011625 0.015875 0.017845 0.038477 
0.035159 0.010463 0.360670 0.020180 0.106092 
0.026234 0.014552 0.015687 0.015131 0.018896 
0.024039 0.033597 0.131815 0.009073 0.024332 
0.087130 0.033470 0.046870 0.049530 0.039770 
0.088610 0.033620 0.036890 0.080480 0.085360 
0.014750 0.040430 0.050680 0.038260 0.040900 
0.069580 0.058540 0.064720 0.010490 0.029920 
42
0.479817 0.014405 0.046210 
0.462778 0.970568 0.462022 
0.057405 0.015027 0.491768 
0.063560 0.006830 0.056164 0.093489 0.026657 
0.050679 0.197586 0.029779 0.065392 0.049955 
0.015129 0.044025 0.028108 0.039285 0.046559 
0.051803 0.054311 0.038647 0.011973 0.030067 
0.087130 0.033470 0.046870 0.049530 0.039770 
0.088610 0.033620 0.036890 0.080480 0.085360 
0.014750 0.040430 0.050680 0.038260 0.040900 
0.069580 0.058540 0.064720 0.010490 0.029920 
43
0.479817 0.014405 0.046210 
0.462778 0.970568 0.462022 
0.057405 0.015027 0.491768 
0.059560 0.004030 0.379211 0.083030 0.013644 
0.054201 0.015369 0.018174 0.047930 0.029784 
0.009106 0.062809 0.023149 0.034225 0.032688 
0.049021 0.037927 0.025567 0.005266 0.015310 
0.087130 0.033470 0.046870 0.049530 0.039770 
0.088610 0.033620 0.036890 0.080480 0.085360 
0.014750 0.040430 0.050680 0.038260 0.040900 
0.069580 0.058540 0.064720 0.010490 0.029920 
44
0.479817 0.014405 0.046210 
0.462778 0.970568 0.462022 
0.057405 0.015027 0.491768 
0.018684 0.004647 0.009485 0.011945 0.067596 
0.014321 0.011452 0.020416 0.011600 0.043453 
0.010245 0.009825 0.008674 0.008776 0.015122 
0.015118 0.014221 0.021382 0.622899 0.060140 
0.087130 0.033470 0.046870 0.049530 0.039770 
0.088610 0.033620 0.036890 0.080480 0.085360 
0.014750 0.040430 0.050680 0.038260 0.040900 
0.069580 0.058540 0.064720 0.010490 0.029920 
45
0.479817 0.014405 0.046210 
0.462778 0.970568 0.462022 
0.057405 0.015027 0.491768 
0.056820 0.004464 0.311235 0.097046 0.016167 
0.048352 0.017077 0.020027 0.050883 0.038473 
0.010267 0.071792 0.025442 0.037987 0.035385 
0.065327 0.040520 0.027645 0.007415 0.017676 
0.087130 0.033470 0.046870 0.049530 0.039770 
0.088610 0.033620 0.036890 0.080480 0.085360 
0.014750 0.040430 0.050680 0.038260 0.040900 
0.069580 0.058540 0.064720 0.010490 0.029920 
46
0.479817 0.014405 0.046210 
0.462778 0.970568 0.462022 
0.057405 0.015027 0.491768 
0.098912 0.004387 0.054345 0.067091 0.015855 
0.049891 0.018071 0.025436 0.280121 0.044185 
0.012601 0.037152 0.027611 0.055190 0.059489 
0.047739 0.041312 0.033186 0.007394 0.020034 
0.087130 0.033470 0.046870 0.049530 0.039770 
0.088610 0.033620 0.036890 0.080480 0.085360 
0.014750 0.040430 0.050680 0.038260 0.040900 
0.069580 0.058540 0.064720 0.010490 0.029920 
47
0.479817 0.014405 0.046210 
0.462778 0.970568 0.462022 
0.057405 0.015027 0.491768 
0.021074 0.005159 0.007491 0.012017 0.050126 
0.015057 0.006657 0.023326 0.010419 0.056564 
0.013602 0.007240 0.007087 0.007074 0.015775 
0.012313 0.011516 0.029301 0.647237 0.040963 
0.087130 0.033470 0.046870 0.049530 0.039770 
0.088610 0.033620 0.036890 0.080480 0.085360 
0.014750 0.040430 0.050680 0.038260 0.040900 
0.069580 0.058540 0.064720 0.010490 0.029920 
48
0.479817 0.014405 0.046210 
0.462778 0.970568 0.462022 
0.057405 0.015027 0.491768 
0.060107 0.003346 0.121499 0.372901 0.014015 
0.037048 0.014308 0.016355 0.053636 0.032093 
0.009653 0.030025 0.021486 0.047877 0.037187 
0.045399 0.035636 0.025257 0.006042 0.016131 
0.087130 0.033470 0.046870 0.049530 0.039770 
0.088610 0.033620 0.036890 0.080480 0.085360 
0.014750 0.040430 0.050680 0.038260 0.040900 
0.069580 0.058540 0.064720 0.010490 0.029920 
49
0.479817 0.014405 0.046210 
0.462778 0.970568 0.462022 
0.057405 0.015027 0.491768 
0.049665 0.003696 0.392127 0.115751 0.012893 
0.041089 0.014599 0.016560 0.046232 0.028274 
0.008623 0.055762 0.022144 0.034936 0.031910 
0.046124 0.035764 0.024130 0.005064 0.014657 
0.087130 0.033470 0.046870 0.049530 0.039770 
0.088610 0.033620 0.036890 0.080480 0.085360 
0.014750 0.040430 0.050680 0.038260 0.040900 
0.069580 0.058540 0.064720 0.010490 0.029920 
50
0.479817 0.014405 0.046210 
0.462778 0.970568 0.462022 
0.057405 0.015027 0.491768 
0.047763 0.004733 0.028762 0.033732 0.009900 
0.030856 0.010303 0.016226 0.030717 0.027991 
0.005913 0.018788 0.589032 0.017849 0.022418 
0.040427 0.027038 0.025003 0.003169 0.009380 
0.087130 0.033470 0.046870 0.049530 0.039770 
0.088610 0.033620 0.036890 0.080480 0.085360 
0.014750 0.040430 0.050680 0.038260 0.040900 
0.069580 0.058540 0.064720 0.010490 0.029920 
51
0.479817 0.014405 0.046210 
0.462778 0.970568 0.462022 
0.057405 0.015027 0.491768 
0.039355 0.008804 0.012756 0.016937 0.457892 
0.022622 0.011336 0.044938 0.014125 0.075644 
0.016686 0.012324 0.012596 0.012763 0.011902 
0.022685 0.023941 0.050774 0.026815 0.105106 
0.087130 0.033470 0.046870 0.049530 0.039770 
0.088610 0.033620 0.036890 0.080480 0.085360 
0.014750 0.040430 0.050680 0.038260 0.040900 
0.069580 0.058540 0.064720 0.010490 0.029920 
52
0.479817 0.014405 0.046210 
0.462778 0.970568 0.462022 
0.057405 0.015027 0.491768 
0.061175 0.004767 0.044231 0.056961 0.016738 
0.038709 0.018340 0.025852 0.098762 0.044463 
0.013264 0.035716 0.025824 0.040439 0.325398 
0.043918 0.041364 0.034577 0.008092 0.021409 
0.087130 0.033470 0.046870 0.049530 0.039770 
0.088610 0.033620 0.036890 0.080480 0.085360 
0.014750 0.040430 0.050680 0.038260 0.040900 
0.069580 0.058540 0.064720 0.010490 0.029920 
53
0.479817 0.014405 0.046210 
0.462778 0.970568 0.462022 
0.057405 0.015027 0.491768 
0.059111 0.011007 0.012531 0.014321 0.042072 
0.022131 0.010083 0.092904 0.015464 0.291299 
0.196029 0.012226 0.011946 0.013873 0.016739 
0.018363 0.027171 0.097389 0.010284 0.025058 
0.087130 0.033470 0.046870 0.049530 0.039770 
0.088610 0.033620 0.036890 0.080480 0.085360 
0.014750 0.040430 0.050680 0.038260 0.040900 
0.069580 0.058540 0.064720 0.010490 0.029920 
54
0.479817 0.014405 0.046210 
0.462778 0.970568 0.462022 
0.057405 0.015027 0.491768 
0.052626 0.006654 0.036357 0.038195 0.018489 
0.038377 0.014172 0.027731 0.037932 0.037922 
0.011044 0.033179 0.024466 0.027490 0.029690 
0.094169 0.404516 0.040623 0.006699 0.019670 
0.087130 0.033470 0.046870 0.049530 0.039770 
0.088610 0.033620 0.036890 0.080480 0.085360 
0.014750 0.040430 0.050680 0.038260 0.040900 
0.069580 0.058540 0.064720 0.010490 0.029920 
55
0.479817 0.014405 0.046210 
0.462778 0.970568 0.462022 
0.057405 0.015027 0.491768 
0.070224 0.011111 0.024244 0.028331 0.043629 
0.037588 0.014394 0.071092 0.029344 0.111485 
0.261905 0.021741 0.018434 0.022258 0.027358 
0.031776 0.036149 0.079203 0.012417 0.047317 
0.087130 0.033470 0.046870 0.049530 0.039770 
0.088610 0.033620 0.036890 0.080480 0.085360 
0.014750 0.040430 0.050680 0.038260 0.040900 
0.069580 0.058540 0.064720 0.010490 0.029920 
56
0.479817 0.014405 0.046210 
0.462778 0.970568 0.462022 
0.057405 0.015027 0.491768 
0.049697 0.004178 0.400577 0.064135 0.013692 
0.043044 0.015748 0.018103 0.048137 0.030325 
0.009189 0.056561 0.028765 0.033110 0.053499 
0.046651 0.037217 0.025895 0.005590 0.015887 
0.087130 0.033470 0.046870 0.049530 0.039770 
0.088610 0.033620 0.036890 0.080480 0.085360 
0.014750 0.040430 0.050680 0.038260 0.040900 
0.069580 0.058540 0.064720 0.010490 0.029920 
57
0.479817 0.014405 0.046210 
0.462778 0.970568 0.462022 
0.057405 0.015027 0.491768 
0.318738 0.009333 0.042816 0.071021 0.023156 
0.054109 0.016305 0.033974 0.049344 0.054651 
0.015713 0.030646 0.024672 0.033765 0.039262 
0.058943 0.042143 0.049819 0.008335 0.023257 
0.087130 0.033470 0.046870 0.049530 0.039770 
0.088610 0.033620 0.036890 0.080480 0.085360 
0.014750 0.040430 0.050680 0.038260 0.040900 
0.069580 0.058540 0.064720 0.010490 0.029920 
58
0.479817 0.014405 0.046210 
0.462778 0.970568 0.462022 
0.057405 0.015027 0.491768 
0.027180 0.008577 0.014995 0.017233 0.100835 
0.017734 0.027671 0.028524 0.018012 0.053860 
0.013629 0.017011 0.012339 0.012965 0.018542 
0.021947 0.020112 0.031241 0.030044 0.507548 
0.087130 0.033470 0.046870 0.049530 0.039770 
0.088610 0.033620 0.036890 0.080480 0.085360 
0.014750 0.040430 0.050680 0.038260 0.040900 
0.069580 0.058540 0.064720 0.010490 0.029920 
59
0.479817 0.014405 0.046210 
0.462778 0.970568 0.462022 
0.057405 0.015027 0.491768 
0.025955 0.005701 0.009593 0.013835 0.043276 
0.017044 0.007404 0.028482 0.012653 0.061833 
0.014693 0.009010 0.008619 0.008867 0.016584 
0.014518 0.014408 0.055949 0.596110 0.035467 
0.087130 0.033470 0.046870 0.049530 0.039770 
0.088610 0.033620 0.036890 0.080480 0.085360 
0.014750 0.040430 0.050680 0.038260 0.040900 
0.069580 0.058540 0.064720 0.010490 0.029920 
60
0.479817 0.014405 0.046210 
0.462778 0.970568 0.462022 
0.057405 0.015027 0.491768 
0.063701 0.004648 0.047328 0.060954 0.015897 
0.039409 0.026083 0.024196 0.351126 0.042180 
0.013343 0.036905 0.026864 0.042621 0.053861 
0.048221 0.041916 0.033112 0.007465 0.020171 
0.087130 0.033470 0.046870 0.049530 0.039770 
0.088610 0.033620 0.036890 0.080480 0.085360 
0.014750 0.040430 0.050680 0.038260 0.040900 
0.069580 0.058540 0.064720 0.010490 0.029920 
61
0.479817 0.014405 0.046210 
0.462778 0.970568 0.462022 
0.057405 0.015027 0.491768 
0.047111 0.008549 0.018998 0.022373 0.119996 
0.032303 0.023739 0.044181 0.020650 0.064848 
0.016945 0.026395 0.015320 0.018212 0.023759 
0.032369 0.030853 0.056228 0.025794 0.351376 
0.087130 0.033470 0.046870 0.049530 0.039770 
0.088610 0.033620 0.036890 0.080480 0.085360 
0.014750 0.040430 0.050680 0.038260 0.040900 
0.069580 0.058540 0.064720 0.010490 0.029920 
62
0.479817 0.014405 0.046210 
0.462778 0.970568 0.462022 
0.057405 0.015027 0.491768 
0.058097 0.005489 0.045392 0.057169 0.018206 
0.040314 0.017488 0.025855 0.056355 0.044940 
0.012724 0.033945 0.025390 0.366268 0.043635 
0.043867 0.041254 0.035496 0.007634 0.020483 
0.087130 0.033470 0.046870 0.049530 0.039770 
0.088610 0.033620 0.036890 0.080480 0.085360 
0.014750 0.040430 0.050680 0.038260 0.040900 
0.069580 0.058540 0.064720 0.010490 0.029920 
63
0.479817 0.014405 0.046210 
0.462778 0.970568 0.462022 
0.057405 0.015027 0.491768 
0.152980 0.010565 0.045812 0.045204 0.026508 
0.093211 0.017888 0.034102 0.041284 0.052078 
0.015283 0.041762 0.031593 0.029855 0.040163 
0.175242 0.054214 0.056383 0.009752 0.026123 
0.087130 0.033470 0.046870 0.049530 0.039770 
0.088610 0.033620 0.036890 0.080480 0.085360 
0.014750 0.040430 0.050680 0.038260 0.040900 
0.069580 0.058540 0.064720 0.010490 0.029920 
64
0.479817 0.014405 0.046210 
0.462778 0.970568 0.462022 
0.057405 0.015027 0.491768 
0.058544 0.003833 0.073551 0.395785 0.014476 
0.047112 0.015136 0.017761 0.054154 0.033511 
0.010075 0.030708 0.022401 0.044104 0.039044 
0.044556 0.044965 0.026869 0.006387 0.017028 
0.087130 0.033470 0.046870 0.049530 0.039770 
0.088610 0.033620 0.036890 0.080480 0.085360 
0.014750 0.040430 0.050680 0.038260 0.040900 
0.069580 0.058540 0.064720 0.010490 0.029920 
65
0.479817 0.014405 0.046210 
0.462778 0.970568 0.462022 
0.057405 0.015027 0.491768 
0.045735 0.004953 0.043384 0.068791 0.011157 
0.034576 0.018789 0.018012 0.387818 0.032191 
0.009982 0.035917 0.027741 0.045907 0.090272 
0.043510 0.037848 0.025084 0.004508 0.013823 
0.087130 0.033470 0.046870 0.049530 0.039770 
0.088610 0.033620 0.036890 0.080480 0.085360 
0.014750 0.040430 0.050680 0.038260 0.040900 
0.069580 0.058540 0.064720 0.010490 0.029920 
66
0.479817 0.014405 0.046210 
0.462778 0.970568 0.462022 
0.057405 0.015027 0.491768 
0.058177 0.003429 0.107900 0.395287 0.013805 
0.036902 0.014295 0.016217 0.052541 0.031605 
0.009508 0.029479 0.021548 0.045723 0.036918 
0.044227 0.035341 0.025034 0.006006 0.016058 
0.087130 0.033470 0.046870 0.049530 0.039770 
0.088610 0.033620 0.036890 0.080480 0.085360 
0.014750 0.040430 0.050680 0.038260 0.040900 
0.069580 0.058540 0.064720 0.010490 0.029920 
67
0.479817 0.014405 0.046210 
0.462778 0.970568 0.462022 
0.057405 0.015027 0.491768 
0.073052 0.004879 0.055219 0.060024 0.017996 
0.040831 0.018877 0.028534 0.087828 0.048224 
0.014331 0.036830 0.026739 0.041924 0.276185 
0.050058 0.050149 0.036792 0.008655 0.022874 
0.087130 0.033470 0.046870 0.049530 0.039770 
0.088610 0.033620 0.036890 0.080480 0.085360 
0.014750 0.040430 0.050680 0.038260 0.040900 
0.069580 0.058540 0.064720 0.010490 0.029920 
68
0.479817 0.014405 0.046210 
0.462778 0.970568 0.462022 
0.057405 0.015027 0.491768 
0.063878 0.004570 0.047514 0.060683 0.015516 
0.060610 0.017979 0.023596 0.333969 0.040995 
0.012035 0.036653 0.027280 0.042035 0.054751 
0.048564 0.050017 0.032315 0.007303 0.019738 
0.087130 0.033470 0.046870 0.049530 0.039770 
0.088610 0.033620 0.036890 0.080480 0.085360 
0.014750 0.040430 0.050680 0.038260 0.040900 
0.069580 0.058540 0.064720 0.010490 0.029920 
69
0.479817 0.014405 0.046210 
0.462778 0.970568 0.462022 
0.057405 0.015027 0.491768 
0.061010 0.010369 0.011784 0.013916 0.039731 
0.019338 0.008931 0.090809 0.014846 0.470325 
0.026909 0.011596 0.012366 0.012782 0.015141 
0.018125 0.031996 0.097711 0.009417 0.022899 
0.087130 0.033470 0.046870 0.049530 0.039770 
0.088610 0.033620 0.036890 0.080480 0.085360 
0.014750 0.040430 0.050680 0.038260 0.040900 
0.069580 0.058540 0.064720 0.010490 0.029920 
70
0.479817 0.014405 0.046210 
0.462778 0.970568 0.462022 
0.057405 0.015027 0.491768 
0.037343 0.006230 0.020723 0.022643 0.062588 
0.031743 0.017076 0.027760 0.024538 0.047355 
0.011869 0.018306 0.015947 0.017166 0.022228 
0.027500 0.026283 0.038547 0.015923 0.508233 
0.087130 0.033470 0.046870 0.049530 0.039770 
0.088610 0.033620 0.036890 0.080480 0.085360 
0.014750 0.040430 0.050680 0.038260 0.040900 
0.069580 0.058540 0.064720 0.010490 0.029920 
71
0.479817 0.014405 0.046210 
0.462778 0.970568 0.462022 
0.057405 0.026326 0.479987 
0.396559 0.010984 0.030756 0.036219 0.024207 
0.053085 0.013589 0.035531 0.034960 0.056215 
0.015705 0.024338 0.021473 0.025162 0.029499 
0.069378 0.037709 0.054695 0.007806 0.022132 
0.087128 0.033469 0.046869 0.049529 0.039769 
0.088608 0.033619 0.036909 0.080478 0.085358 
0.014750 0.040429 0.050679 0.038259 0.040899 
0.069579 0.058539 0.064719 0.010490 0.029919 
72
0.479817 0.014405 0.045103 
0.462778 0.959269 0.474910 
0.057405 0.015027 0.491768 
0.051499 0.012273 0.009702 0.009995 0.038406 
0.019343 0.007766 0.335389 0.012572 0.105651 
0.021758 0.009236 0.012683 0.009417 0.012111 
0.017536 0.028603 0.256473 0.007723 0.021862 
0.087130 0.033470 0.046870 0.049530 0.039770 
0.088610 0.033620 0.036890 0.080480 0.085360 
0.014750 0.040430 0.050680 0.038260 0.040900 
0.069580 0.058540 0.064720 0.010490 0.029920 
73
0.479817 0.014405 0.046210 
0.462778 0.970568 0.462022 
0.057405 0.015027 0.491768 
0.070433 0.006750 0.196040 0.064451 0.027580 
0.054651 0.020777 0.061146 0.062028 0.067767 
0.016357 0.056989 0.032411 0.036212 0.047569 
0.054326 0.042757 0.044660 0.010428 0.026667 
0.087130 0.033470 0.046870 0.049530 0.039770 
0.088610 0.033620 0.036890 0.080480 0.085360 
0.014750 0.040430 0.050680 0.038260 0.040900 
0.069580 0.058540 0.064720 0.010490 0.029920 
74
0.479817 0.014405 0.046210 
0.462778 0.970568 0.462022 
0.057405 0.015027 0.491768 
0.067929 0.006620 0.140029 0.061106 0.020465 
0.064506 0.019522 0.023153 0.048815 0.037296 
0.011238 0.069618 0.032623 0.034893 0.036338 
0.201426 0.061128 0.032723 0.008456 0.022117 
0.087130 0.033470 0.046870 0.049530 0.039770 
0.088610 0.033620 0.036890 0.080480 0.085360 
0.014750 0.040430 0.050680 0.038260 0.040900 
0.069580 0.058540 0.064720 0.010490 0.029920 
75
0.479817 0.014405 0.046210 
0.462778 0.970568 0.462022 
0.057405 0.015027 0.491768 
0.160190 0.013097 0.030147 0.032023 0.164877 
0.052819 0.019017 0.055908 0.027459 0.082001 
0.022044 0.027525 0.024098 0.023492 0.027392 
0.060155 0.045261 0.072229 0.015327 0.044939 
0.087130 0.033470 0.046870 0.049530 0.039770 
0.088610 0.033620 0.036890 0.080480 0.085360 
0.014750 0.040430 0.050680 0.038260 0.040900 
0.069580 0.058540 0.064720 0.010490 0.029920 
76
0.479817 0.014405 0.046210 
0.462778 0.970568 0.462022 
0.057405 0.015027 0.491768 
0.066883 0.013579 0.014212 0.014226 0.096432 
0.030542 0.011674 0.152890 0.015739 0.128469 
0.027892 0.013575 0.016386 0.013031 0.016764 
0.023244 0.032681 0.269698 0.011099 0.030982 
0.087130 0.033470 0.046870 0.049530 0.039770 
0.088610 0.033620 0.036890 0.080480 0.085360 
0.014750 0.040430 0.050680 0.038260 0.040900 
0.069580 0.058540 0.064720 0.010490 0.029920 
77
0.479817 0.014405 0.046210 
0.462778 0.970568 0.462022 
0.057405 0.015027 0.491768 
0.149358 0.006331 0.054839 0.078607 0.021560 
0.046092 0.018791 0.031335 0.065410 0.052873 
0.014925 0.041185 0.026076 0.166272 0.048319 
0.058537 0.042318 0.045298 0.008613 0.023259 
0.087130 0.033470 0.046870 0.049530 0.039770 
0.088610 0.033620 0.036890 0.080480 0.085360 
0.014750 0.040430 0.050680 0.038260 0.040900 
0.069580 0.058540 0.064720 0.010490 0.029920 
78
0.479817 0.014405 0.046210 
0.462778 0.970568 0.462022 
0.057405 0.015027 0.491768 
0.063061 0.006242 0.065027 0.057613 0.021572 
0.058547 0.021929 0.025715 0.059325 0.044199 
0.013271 0.194950 0.030605 0.095185 0.070786 
0.059574 0.044551 0.033769 0.009637 0.024444 
0.087130 0.033470 0.046870 0.049530 0.039770 
0.088610 0.033620 0.036890 0.080480 0.085360 
0.014750 0.040430 0.050680 0.038260 0.040900 
0.069580 0.058540 0.064720 0.010490 0.029920 
79
0.479817 0.014405 0.046210 
0.462778 0.970568 0.462022 
0.057405 0.015027 0.491768 
0.059052 0.006530 0.070751 0.047897 0.019647 
0.064447 0.019947 0.022008 0.048166 0.037440 
0.011281 0.282760 0.030442 0.032435 0.037771 
0.101797 0.046506 0.030848 0.008398 0.021877 
0.087130 0.033470 0.046870 0.049530 0.039770 
0.088610 0.033620 0.036890 0.080480 0.085360 
0.014750 0.040430 0.050680 0.038260 0.040900 
0.069580 0.058540 0.064720 0.010490 0.029920 
80
0.479817 0.014405 0.046210 
0.462778 0.970568 0.462022 
0.057405 0.066895 0.441969 
0.076872 0.007193 0.054264 0.039416 0.022574 
0.296977 0.018982 0.027683 0.043192 0.039383 
0.013753 0.101472 0.030702 0.027382 0.032523 
0.063667 0.039285 0.030891 0.009626 0.024162 
0.087123 0.033467 0.046866 0.049525 0.039766 
0.088693 0.033617 0.036887 0.080473 0.085352 
0.014749 0.040426 0.050675 0.038256 0.040896 
0.069574 0.058535 0.064714 0.010489 0.029917 
81
0.479817 0.014405 0.041531 
0.462778 0.918700 0.516500 
0.057405 0.015027 0.491768 
0.071683 0.008885 0.047616 0.050184 0.035665 
0.067777 0.173806 0.039465 0.047224 0.078364 
0.018854 0.043783 0.027724 0.048750 0.041698 
0.051532 0.046870 0.047965 0.014665 0.037491 
0.087130 0.033470 0.046870 0.049530 0.039770 
0.088610 0.033620 0.036890 0.080480 0.085360 
0.014750 0.040430 0.050680 0.038260 0.040900 
0.069580 0.058540 0.064720 0.010490 0.029920 
82
0.479817 0.014405 0.046210 
0.462778 0.970568 0.462022 
0.057405 0.015027 0.491768 
0.076259 0.012441 0.020907 0.023036 0.063648 
0.032837 0.015654 0.084299 0.024178 0.305825 
0.047225 0.019204 0.017082 0.022618 0.025906 
0.026831 0.033010 0.091593 0.014108 0.043340 
0.087130 0.033470 0.046870 0.049530 0.039770 
0.088610 0.033620 0.036890 0.080480 0.085360 
0.014750 0.040430 0.050680 0.038260 0.040900 
0.069580 0.058540 0.064720 0.010490 0.029920 
83
0.479817 0.014405 0.046210 
0.462778 0.970568 0.462022 
0.057405 0.015027 0.491768 
0.056717 0.006115 0.091957 0.072407 0.019658 
0.061619 0.020931 0.022347 0.053235 0.038109 
0.011728 0.257676 0.030369 0.036157 0.041131 
0.064081 0.054054 0.030754 0.008667 0.022291 
0.087130 0.033470 0.046870 0.049530 0.039770 
0.088610 0.033620 0.036890 0.080480 0.085360 
