%  SAM: modelfromalign v3.5 (July 15, 2005) compiled 12/05/20_11:48:22
%  (c) 1992-2001 Regents of the University of California, Santa Cruz
%
%          Sequence Alignment and Modeling Software System
%         http://www.cse.ucsc.edu/research/compbio/sam.html
%
% ----------------- Citations (SAM, SAM-T2K, HMMs) --------------------
% R. Hughey, A. Krogh, Hidden Markov models for sequence analysis:
%  Extension and analysis of the basic method, CABIOS 12:95-107, 1996.
% K. Karplus, et al., What is the value added by human intervention in protein
%  structure prediction, Proteins: Stucture, Function, Genetics 45(S5):86--91, 2001.
% A. Krogh et al., Hidden Markov models in computational biology:
%  Applications to protein modeling, JMB 235:1501-1531, Feb 1994.
% ---------------------------------------------------------------------
%  trimmed-uniq   Host: gauntlet    Thu Feb 11 16:19:51 2021
%  dgpinheiro     Dir:  /data/GitHub/sfFinder/example/output/subfamily/TEST1/flowerpower/fp-workspace/iter2
% ---------------------------------------------------------------------
% Prior File:  Internal (Name: recode3.20comp) 
%   20 priors on 20 characters.
%  Alignment weights from internal calc.  Total (1.66) Max (0.01) Min (0.01)
%  Weights from alignment method 1 (karplus), b=0.500000, e=0.500000
MODEL --  Model from alignment file trimmed-uniq.a2m
alphabet protein
FREQAVE
0.000000 0.000000 0.000000 
0.000000 0.000000 0.000000 
0.000000 0.000000 0.000000 
0.073430 0.015300 0.056458 0.066691 0.050828 
0.061590 0.029062 0.052889 0.056910 0.086510 
0.026581 0.040714 0.044978 0.042599 0.051826 
0.058672 0.053546 0.061415 0.023200 0.046800 
0.073430 0.015300 0.056458 0.066691 0.050828 
0.061590 0.029062 0.052889 0.056910 0.086510 
0.026581 0.040714 0.044978 0.042599 0.051826 
0.058672 0.053546 0.061415 0.023200 0.046800 
Begin
0.000000 0.000000 0.000000 
0.000000 0.000000 0.000000 
0.000000 0.104745 0.832045 
0.000000 0.000000 0.000000 0.000000 0.000000 
0.000000 0.000000 0.000000 0.000000 0.000000 
0.000000 0.000000 0.000000 0.000000 0.000000 
0.000000 0.000000 0.000000 0.000000 0.000000 
0.087223 0.033411 0.046852 0.049477 0.039668 
0.088421 0.033540 0.036829 0.080822 0.085409 
0.014898 0.040494 0.050592 0.038248 0.041025 
0.069473 0.058566 0.064599 0.010464 0.029990 
   1
0.000000 0.014405 0.057370 
0.000000 0.880850 0.110585 
0.040950 0.016501 0.491768 
0.076698 0.014131 0.039989 0.056530 0.048001 
0.043269 0.021241 0.079351 0.054346 0.123298 
0.042473 0.034309 0.034931 0.037244 0.047678 
0.054036 0.054059 0.089035 0.013553 0.035828 
0.087130 0.033470 0.046870 0.049530 0.039770 
0.088610 0.033620 0.036890 0.080480 0.085360 
0.014750 0.040430 0.050680 0.038260 0.040900 
0.069580 0.058540 0.064720 0.010490 0.029920 
   2
0.628926 0.015817 0.046210 
0.330124 0.967682 0.462022 
0.040950 0.016501 0.491768 
0.095394 0.013914 0.056799 0.070521 0.032134 
0.068426 0.022019 0.049092 0.062817 0.077164 
0.020723 0.043800 0.058907 0.040299 0.051944 
0.069245 0.060901 0.066534 0.010154 0.029211 
0.087130 0.033470 0.046870 0.049530 0.039770 
0.088610 0.033620 0.036890 0.080480 0.085360 
0.014750 0.040430 0.050680 0.038260 0.040900 
0.069580 0.058540 0.064720 0.010490 0.029920 
   3
0.626403 0.015817 0.046210 
0.332647 0.967682 0.462022 
0.041054 0.016487 0.491768 
0.077598 0.012967 0.045672 0.064962 0.036929 
0.044182 0.023227 0.069239 0.065104 0.111788 
0.028444 0.038396 0.043158 0.041684 0.054602 
0.058319 0.056862 0.082406 0.011637 0.032824 
0.087130 0.033470 0.046870 0.049530 0.039770 
0.088610 0.033620 0.036890 0.080480 0.085360 
0.014750 0.040430 0.050680 0.038260 0.040900 
0.069580 0.058540 0.064720 0.010490 0.029920 
   4
0.627987 0.015803 0.046210 
0.330959 0.967710 0.462022 
0.041054 0.016487 0.491768 
0.075857 0.012411 0.051139 0.067212 0.036816 
0.052681 0.026038 0.058927 0.064615 0.104435 
0.024466 0.042829 0.047804 0.042430 0.055973 
0.060393 0.056641 0.070909 0.012900 0.035526 
0.087130 0.033470 0.046870 0.049530 0.039770 
0.088610 0.033620 0.036890 0.080480 0.085360 
0.014750 0.040430 0.050680 0.038260 0.040900 
0.069580 0.058540 0.064720 0.010490 0.029920 
   5
0.627987 0.015803 0.046210 
0.330959 0.967710 0.462022 
0.041054 0.016487 0.491768 
0.073807 0.010243 0.072262 0.089361 0.026204 
0.068242 0.025596 0.036710 0.077074 0.058681 
0.017946 0.057603 0.053564 0.049946 0.062570 
0.071526 0.061964 0.048749 0.009609 0.028344 
0.087130 0.033470 0.046870 0.049530 0.039770 
0.088610 0.033620 0.036890 0.080480 0.085360 
0.014750 0.040430 0.050680 0.038260 0.040900 
0.069580 0.058540 0.064720 0.010490 0.029920 
   6
0.585874 0.015803 0.046210 
0.373073 0.967710 0.462022 
0.042859 0.016253 0.491768 
0.067440 0.009512 0.058103 0.081317 0.025334 
0.055548 0.026657 0.035660 0.092103 0.058947 
0.018227 0.049326 0.044388 0.052649 0.118274 
0.065756 0.056773 0.046303 0.010053 0.027630 
0.087130 0.033470 0.046870 0.049530 0.039770 
0.088610 0.033620 0.036890 0.080480 0.085360 
0.014750 0.040430 0.050680 0.038260 0.040900 
0.069580 0.058540 0.064720 0.010490 0.029920 
   7
0.611632 0.015580 0.046210 
0.345510 0.968167 0.462022 
0.042859 0.016253 0.491768 
0.072906 0.008743 0.079732 0.132035 0.022479 
0.053064 0.025164 0.032278 0.080752 0.052206 
0.016668 0.052199 0.048524 0.054703 0.062093 
0.069569 0.058966 0.044703 0.008663 0.024556 
0.087130 0.033470 0.046870 0.049530 0.039770 
0.088610 0.033620 0.036890 0.080480 0.085360 
0.014750 0.040430 0.050680 0.038260 0.040900 
0.069580 0.058540 0.064720 0.010490 0.029920 
   8
0.611632 0.015580 0.046210 
0.345510 0.968167 0.462022 
0.042859 0.016253 0.491768 
0.071017 0.008675 0.080476 0.095637 0.022285 
0.058536 0.025857 0.031262 0.109959 0.051390 
0.016320 0.055035 0.048290 0.053718 0.066886 
0.070026 0.059124 0.042140 0.008650 0.024715 
0.087130 0.033470 0.046870 0.049530 0.039770 
0.088610 0.033620 0.036890 0.080480 0.085360 
0.014750 0.040430 0.050680 0.038260 0.040900 
0.069580 0.058540 0.064720 0.010490 0.029920 
   9
0.611632 0.015580 0.046210 
0.345510 0.968167 0.462022 
0.042859 0.016253 0.491768 
0.058387 0.013237 0.034601 0.042201 0.089469 
0.038195 0.030784 0.056745 0.042412 0.096809 
0.027218 0.036202 0.029157 0.032132 0.041788 
0.050013 0.047977 0.063527 0.047672 0.121475 
0.087130 0.033470 0.046870 0.049530 0.039770 
0.088610 0.033620 0.036890 0.080480 0.085360 
0.014750 0.040430 0.050680 0.038260 0.040900 
0.069580 0.058540 0.064720 0.010490 0.029920 
  10
0.609204 0.015580 0.046210 
0.347938 0.968167 0.462022 
0.042963 0.016241 0.491768 
0.099557 0.012632 0.053955 0.066690 0.036304 
0.053754 0.027489 0.048747 0.062301 0.077952 
0.023353 0.047440 0.041866 0.045459 0.055410 
0.066330 0.059362 0.061304 0.012797 0.047297 
0.087130 0.033470 0.046870 0.049530 0.039770 
0.088610 0.033620 0.036890 0.080480 0.085360 
0.014750 0.040430 0.050680 0.038260 0.040900 
0.069580 0.058540 0.064720 0.010490 0.029920 
  11
0.610686 0.015567 0.046210 
0.346351 0.968192 0.462022 
0.042963 0.016241 0.491768 
0.070627 0.010698 0.080600 0.084125 0.025063 
0.058654 0.027218 0.033714 0.075681 0.054660 
0.017541 0.059207 0.046763 0.048885 0.059119 
0.092754 0.072962 0.044729 0.009764 0.027236 
0.087130 0.033470 0.046870 0.049530 0.039770 
0.088610 0.033620 0.036890 0.080480 0.085360 
0.014750 0.040430 0.050680 0.038260 0.040900 
0.069580 0.058540 0.064720 0.010490 0.029920 
  12
0.361573 0.015567 0.046210 
0.595464 0.968192 0.462022 
0.057216 0.015038 0.491768 
0.043057 0.011054 0.010050 0.017037 0.059002 
0.013899 0.011496 0.109432 0.018793 0.355858 
0.111773 0.012524 0.014285 0.015472 0.019572 
0.021119 0.030224 0.090904 0.009561 0.024887 
0.087130 0.033470 0.046870 0.049530 0.039770 
0.088610 0.033620 0.036890 0.080480 0.085360 
0.014750 0.040430 0.050680 0.038260 0.040900 
0.069580 0.058540 0.064720 0.010490 0.029920 
  13
0.481528 0.014415 0.046210 
0.461255 0.970546 0.462022 
0.057216 0.015038 0.491768 
0.077547 0.012180 0.035930 0.046569 0.019445 
0.035603 0.015867 0.038191 0.043835 0.049152 
0.016744 0.037160 0.028106 0.029860 0.036012 
0.094299 0.301242 0.056962 0.006580 0.018716 
0.087130 0.033470 0.046870 0.049530 0.039770 
0.088610 0.033620 0.036890 0.080480 0.085360 
0.014750 0.040430 0.050680 0.038260 0.040900 
0.069580 0.058540 0.064720 0.010490 0.029920 
  14
0.479861 0.014415 0.046210 
0.462922 0.970546 0.462022 
0.057312 0.015033 0.491768 
0.046302 0.006189 0.036541 0.058396 0.014636 
0.034148 0.022989 0.021918 0.114323 0.039553 
0.012292 0.036378 0.027049 0.047178 0.345817 
0.043254 0.040815 0.028541 0.006203 0.017480 
0.087130 0.033470 0.046870 0.049530 0.039770 
0.088610 0.033620 0.036890 0.080480 0.085360 
0.014750 0.040430 0.050680 0.038260 0.040900 
0.069580 0.058540 0.064720 0.010490 0.029920 
  15
0.480663 0.014410 0.046210 
0.462025 0.970557 0.462022 
0.057312 0.015033 0.491768 
0.052339 0.006111 0.264661 0.096270 0.011455 
0.090242 0.023732 0.011677 0.058644 0.022495 
0.007474 0.075015 0.036589 0.042082 0.042875 
0.070165 0.049349 0.017837 0.005302 0.015686 
0.087130 0.033470 0.046870 0.049530 0.039770 
0.088610 0.033620 0.036890 0.080480 0.085360 
0.014750 0.040430 0.050680 0.038260 0.040900 
0.069580 0.058540 0.064720 0.010490 0.029920 
  16
0.480663 0.014410 0.046210 
0.462025 0.970557 0.462022 
0.057312 0.015033 0.491768 
0.049282 0.011881 0.012516 0.021406 0.052296 
0.016122 0.012707 0.101101 0.022996 0.377854 
0.054593 0.014523 0.016368 0.018196 0.023149 
0.024685 0.039982 0.094928 0.009739 0.025675 
0.087130 0.033470 0.046870 0.049530 0.039770 
0.088610 0.033620 0.036890 0.080480 0.085360 
0.014750 0.040430 0.050680 0.038260 0.040900 
0.069580 0.058540 0.064720 0.010490 0.029920 
  17
0.479037 0.014410 0.046210 
0.463651 0.970557 0.462022 
0.057405 0.015027 0.491768 
0.077167 0.006671 0.168511 0.082567 0.013281 
0.139487 0.027244 0.012427 0.063349 0.024809 
0.008261 0.078545 0.038881 0.043102 0.047545 
0.077217 0.047816 0.019001 0.006202 0.017915 
0.087130 0.033470 0.046870 0.049530 0.039770 
0.088610 0.033620 0.036890 0.080480 0.085360 
0.014750 0.040430 0.050680 0.038260 0.040900 
0.069580 0.058540 0.064720 0.010490 0.029920 
  18
0.479817 0.014405 0.046210 
0.462778 0.970568 0.462022 
0.057405 0.015027 0.491768 
0.027694 0.008446 0.013856 0.017384 0.079121 
0.019130 0.016532 0.029530 0.017313 0.057845 
0.014392 0.014844 0.012594 0.013572 0.019784 
0.021866 0.020972 0.031593 0.490224 0.073309 
0.087130 0.033470 0.046870 0.049530 0.039770 
0.088610 0.033620 0.036890 0.080480 0.085360 
0.014750 0.040430 0.050680 0.038260 0.040900 
0.069580 0.058540 0.064720 0.010490 0.029920 
  19
0.479817 0.014405 0.046210 
0.462778 0.970568 0.462022 
0.057405 0.015027 0.491768 
0.056270 0.004212 0.162492 0.256710 0.009423 
0.041157 0.018726 0.014039 0.073849 0.024642 
0.008169 0.049042 0.032277 0.055612 0.048352 
0.058617 0.048030 0.022113 0.004073 0.012197 
0.087130 0.033470 0.046870 0.049530 0.039770 
0.088610 0.033620 0.036890 0.080480 0.085360 
0.014750 0.040430 0.050680 0.038260 0.040900 
0.069580 0.058540 0.064720 0.010490 0.029920 
  20
0.479817 0.014405 0.046210 
0.462778 0.970568 0.462022 
0.057405 0.015027 0.491768 
0.064119 0.012937 0.035613 0.045191 0.080237 
0.038754 0.026125 0.056647 0.045251 0.088594 
0.027173 0.037202 0.077962 0.034796 0.044418 
0.054865 0.102938 0.067179 0.014924 0.045076 
0.087130 0.033470 0.046870 0.049530 0.039770 
0.088610 0.033620 0.036890 0.080480 0.085360 
0.014750 0.040430 0.050680 0.038260 0.040900 
0.069580 0.058540 0.064720 0.010490 0.029920 
  21
0.479817 0.014405 0.046210 
0.462778 0.970568 0.462022 
0.057405 0.015027 0.491768 
0.061475 0.009615 0.055823 0.058138 0.015938 
0.047209 0.019595 0.022659 0.053638 0.034924 
0.012096 0.051315 0.032619 0.035249 0.040586 
0.217366 0.173371 0.034320 0.006272 0.017793 
0.087130 0.033470 0.046870 0.049530 0.039770 
0.088610 0.033620 0.036890 0.080480 0.085360 
0.014750 0.040430 0.050680 0.038260 0.040900 
0.069580 0.058540 0.064720 0.010490 0.029920 
  22
0.479817 0.014405 0.046210 
0.462778 0.970568 0.462022 
0.057405 0.015027 0.491768 
0.032484 0.010187 0.016697 0.019929 0.119628 
0.020116 0.031269 0.036815 0.021235 0.066118 
0.016649 0.019445 0.014903 0.015088 0.021711 
0.025862 0.024192 0.038615 0.034330 0.414727 
0.087130 0.033470 0.046870 0.049530 0.039770 
0.088610 0.033620 0.036890 0.080480 0.085360 
0.014750 0.040430 0.050680 0.038260 0.040900 
0.069580 0.058540 0.064720 0.010490 0.029920 
  23
0.479817 0.014405 0.046210 
0.462778 0.970568 0.462022 
0.057405 0.015027 0.491768 
0.087988 0.006335 0.058548 0.128939 0.017315 
0.033854 0.020444 0.028839 0.088293 0.046711 
0.015144 0.040612 0.030945 0.146277 0.066536 
0.057232 0.052234 0.048550 0.006656 0.018547 
0.087130 0.033470 0.046870 0.049530 0.039770 
0.088610 0.033620 0.036890 0.080480 0.085360 
0.014750 0.040430 0.050680 0.038260 0.040900 
0.069580 0.058540 0.064720 0.010490 0.029920 
  24
0.479817 0.014405 0.046210 
0.462778 0.970568 0.462022 
0.057405 0.015027 0.491768 
0.064184 0.006727 0.124907 0.086207 0.015379 
0.061455 0.027018 0.017709 0.088915 0.032403 
0.010559 0.063603 0.087797 0.048814 0.057138 
0.087983 0.067400 0.025769 0.006762 0.019272 
0.087130 0.033470 0.046870 0.049530 0.039770 
0.088610 0.033620 0.036890 0.080480 0.085360 
0.014750 0.040430 0.050680 0.038260 0.040900 
0.069580 0.058540 0.064720 0.010490 0.029920 
  25
0.479817 0.014405 0.046210 
0.462778 0.970568 0.462022 
0.057405 0.015027 0.491768 
0.062011 0.011073 0.037711 0.063553 0.034488 
0.035916 0.037618 0.049268 0.090744 0.077349 
0.073287 0.037282 0.031178 0.042280 0.103488 
0.052618 0.052642 0.059056 0.012684 0.035755 
0.087130 0.033470 0.046870 0.049530 0.039770 
0.088610 0.033620 0.036890 0.080480 0.085360 
0.014750 0.040430 0.050680 0.038260 0.040900 
0.069580 0.058540 0.064720 0.010490 0.029920 
  26
0.479817 0.014405 0.046210 
0.462778 0.970568 0.462022 
0.057405 0.015027 0.491768 
0.059870 0.004929 0.154618 0.145207 0.010567 
0.050500 0.022241 0.014478 0.132410 0.026453 
0.008743 0.059081 0.034924 0.056513 0.056742 
0.072320 0.048345 0.023152 0.004760 0.014147 
0.087130 0.033470 0.046870 0.049530 0.039770 
0.088610 0.033620 0.036890 0.080480 0.085360 
0.014750 0.040430 0.050680 0.038260 0.040900 
0.069580 0.058540 0.064720 0.010490 0.029920 
  27
0.479817 0.014405 0.046210 
0.462778 0.970568 0.462022 
0.057405 0.015027 0.491768 
0.071157 0.004950 0.144117 0.144147 0.011096 
0.047660 0.021796 0.016269 0.129920 0.028900 
0.009501 0.053728 0.034407 0.059894 0.059474 
0.065444 0.052088 0.026226 0.004863 0.014363 
0.087130 0.033470 0.046870 0.049530 0.039770 
0.088610 0.033620 0.036890 0.080480 0.085360 
0.014750 0.040430 0.050680 0.038260 0.040900 
0.069580 0.058540 0.064720 0.010490 0.029920 
  28
0.479817 0.014405 0.046210 
0.462778 0.970568 0.462022 
0.057405 0.015027 0.491768 
0.139039 0.019237 0.013196 0.024077 0.032751 
0.018359 0.012459 0.161293 0.023708 0.120775 
0.027171 0.014866 0.018967 0.018216 0.023059 
0.028519 0.051183 0.222085 0.008334 0.022706 
0.087130 0.033470 0.046870 0.049530 0.039770 
0.088610 0.033620 0.036890 0.080480 0.085360 
0.014750 0.040430 0.050680 0.038260 0.040900 
0.069580 0.058540 0.064720 0.010490 0.029920 
  29
0.479817 0.014405 0.046210 
0.462778 0.970568 0.462022 
0.057405 0.015027 0.491768 
0.037616 0.012063 0.015986 0.021895 0.291245 
0.020188 0.036413 0.042723 0.023676 0.075781 
0.020474 0.021154 0.015923 0.017717 0.025042 
0.029010 0.029719 0.046057 0.032541 0.184777 
0.087130 0.033470 0.046870 0.049530 0.039770 
0.088610 0.033620 0.036890 0.080480 0.085360 
0.014750 0.040430 0.050680 0.038260 0.040900 
0.069580 0.058540 0.064720 0.010490 0.029920 
  30
0.479817 0.014405 0.046210 
0.462778 0.970568 0.462022 
0.057405 0.015027 0.491768 
0.047917 0.004571 0.029618 0.034748 0.009213 
0.031196 0.010069 0.015884 0.032422 0.027455 
0.005902 0.019488 0.583331 0.018426 0.023118 
0.042112 0.027588 0.024708 0.003036 0.009198 
0.087130 0.033470 0.046870 0.049530 0.039770 
0.088610 0.033620 0.036890 0.080480 0.085360 
0.014750 0.040430 0.050680 0.038260 0.040900 
0.069580 0.058540 0.064720 0.010490 0.029920 
  31
0.479817 0.078498 0.046210 
0.462778 0.906475 0.462022 
0.044554 0.016057 0.491768 
0.067962 0.009538 0.077829 0.090928 0.026479 
0.057430 0.055586 0.033963 0.074036 0.056196 
0.017967 0.058943 0.041808 0.058252 0.060216 
0.072156 0.057270 0.043523 0.010394 0.029525 
0.087130 0.033470 0.046870 0.049530 0.039770 
0.088610 0.033620 0.036890 0.080480 0.085360 
0.014750 0.040430 0.050680 0.038260 0.040900 
0.069580 0.058540 0.064720 0.010490 0.029920 
  32
0.596271 0.041465 0.046210 
0.359175 0.942479 0.462022 
0.041055 0.016486 0.491768 
0.078321 0.011810 0.059267 0.084668 0.030734 
0.053089 0.024558 0.049376 0.071603 0.071888 
0.020991 0.045497 0.054376 0.046688 0.060514 
0.069014 0.062865 0.062619 0.010890 0.031233 
0.087130 0.033470 0.046870 0.049530 0.039770 
0.088610 0.033620 0.036890 0.080480 0.085360 
0.014750 0.040430 0.050680 0.038260 0.040900 
0.069580 0.058540 0.064720 0.010490 0.029920 
  33
0.421692 0.016195 0.046210 
0.537253 0.967319 0.462022 
0.051650 0.015409 0.491768 
0.043011 0.012013 0.016346 0.023808 0.171491 
0.020745 0.026835 0.054496 0.025117 0.102118 
0.031326 0.020466 0.018643 0.020122 0.027155 
0.031390 0.034139 0.058720 0.032679 0.229379 
0.087130 0.033470 0.046870 0.049530 0.039770 
0.088610 0.033620 0.036890 0.080480 0.085360 
0.014750 0.040430 0.050680 0.038260 0.040900 
0.069580 0.058540 0.064720 0.010490 0.029920 
  34
0.433158 0.014770 0.046210 
0.515192 0.969821 0.462022 
0.057313 0.015033 0.491768 
0.063155 0.004459 0.166092 0.233742 0.009915 
0.043518 0.019503 0.014281 0.074308 0.025212 
0.008342 0.050136 0.033273 0.053328 0.049096 
0.063669 0.048432 0.022403 0.004308 0.012829 
0.087130 0.033470 0.046870 0.049530 0.039770 
0.088610 0.033620 0.036890 0.080480 0.085360 
0.014750 0.040430 0.050680 0.038260 0.040900 
0.069580 0.058540 0.064720 0.010490 0.029920 
  35
0.479047 0.014410 0.046210 
0.463640 0.970557 0.462022 
0.057405 0.015027 0.491768 
0.062489 0.005542 0.086445 0.147947 0.012788 
0.057395 0.023271 0.018279 0.120910 0.032271 
0.010549 0.056865 0.034762 0.061776 0.088885 
0.070511 0.059805 0.027848 0.005540 0.016123 
0.087130 0.033470 0.046870 0.049530 0.039770 
0.088610 0.033620 0.036890 0.080480 0.085360 
0.014750 0.040430 0.050680 0.038260 0.040900 
0.069580 0.058540 0.064720 0.010490 0.029920 
  36
0.479817 0.014405 0.046210 
0.462778 0.970568 0.462022 
0.057405 0.015027 0.491768 
0.052550 0.012908 0.020978 0.030258 0.228550 
0.025540 0.033688 0.047699 0.030972 0.080299 
0.023639 0.025561 0.021396 0.024033 0.033480 
0.038977 0.040325 0.055236 0.025541 0.148370 
0.087130 0.033470 0.046870 0.049530 0.039770 
0.088610 0.033620 0.036890 0.080480 0.085360 
0.014750 0.040430 0.050680 0.038260 0.040900 
0.069580 0.058540 0.064720 0.010490 0.029920 
  37
0.479817 0.014405 0.046210 
0.462778 0.970568 0.462022 
0.057405 0.015027 0.491768 
0.058261 0.005445 0.091504 0.285569 0.014986 
0.040113 0.020122 0.020142 0.076406 0.034410 
0.012184 0.043806 0.033204 0.057627 0.054057 
0.055530 0.045190 0.030227 0.005451 0.015767 
0.087130 0.033470 0.046870 0.049530 0.039770 
0.088610 0.033620 0.036890 0.080480 0.085360 
0.014750 0.040430 0.050680 0.038260 0.040900 
0.069580 0.058540 0.064720 0.010490 0.029920 
  38
0.479817 0.014405 0.046210 
0.462778 0.970568 0.462022 
0.057405 0.015027 0.491768 
0.046807 0.005059 0.039912 0.026699 0.007085 
0.635848 0.011092 0.007183 0.025874 0.013174 
0.004464 0.035567 0.019206 0.016160 0.021214 
0.040324 0.020336 0.011880 0.003343 0.008773 
0.087130 0.033470 0.046870 0.049530 0.039770 
0.088610 0.033620 0.036890 0.080480 0.085360 
0.014750 0.040430 0.050680 0.038260 0.040900 
0.069580 0.058540 0.064720 0.010490 0.029920 
  39
0.479817 0.014405 0.046210 
0.462778 0.970568 0.462022 
0.057405 0.015027 0.491768 
0.044622 0.011518 0.008248 0.013493 0.040165 
0.010872 0.007474 0.376951 0.014791 0.151500 
0.028724 0.008993 0.012761 0.010812 0.014285 
0.016825 0.029258 0.172932 0.006778 0.018997 
0.087130 0.033470 0.046870 0.049530 0.039770 
0.088610 0.033620 0.036890 0.080480 0.085360 
0.014750 0.040430 0.050680 0.038260 0.040900 
0.069580 0.058540 0.064720 0.010490 0.029920 
  40
0.479817 0.014405 0.046210 
0.462778 0.970568 0.462022 
0.057405 0.015027 0.491768 
0.058928 0.007985 0.047821 0.080806 0.020063 
0.035797 0.025081 0.033372 0.219028 0.050859 
0.016089 0.041169 0.037700 0.051919 0.090695 
0.055195 0.049530 0.048800 0.007663 0.021500 
0.087130 0.033470 0.046870 0.049530 0.039770 
0.088610 0.033620 0.036890 0.080480 0.085360 
0.014750 0.040430 0.050680 0.038260 0.040900 
0.069580 0.058540 0.064720 0.010490 0.029920 
  41
0.479817 0.014405 0.046210 
0.462778 0.970568 0.462022 
0.057405 0.015027 0.491768 
0.069168 0.016112 0.013319 0.023265 0.041816 
0.019378 0.012943 0.276503 0.024097 0.153328 
0.038682 0.015175 0.018622 0.018431 0.023967 
0.027743 0.044853 0.128330 0.009249 0.025017 
0.087130 0.033470 0.046870 0.049530 0.039770 
0.088610 0.033620 0.036890 0.080480 0.085360 
0.014750 0.040430 0.050680 0.038260 0.040900 
0.069580 0.058540 0.064720 0.010490 0.029920 
  42
0.479817 0.014405 0.046210 
0.462778 0.970568 0.462022 
0.057405 0.015027 0.491768 
0.060262 0.009288 0.058017 0.076201 0.025491 
0.049771 0.073515 0.033151 0.066507 0.054200 
0.017457 0.051704 0.035123 0.043961 0.054635 
0.067410 0.143720 0.042301 0.009915 0.027371 
0.087130 0.033470 0.046870 0.049530 0.039770 
0.088610 0.033620 0.036890 0.080480 0.085360 
0.014750 0.040430 0.050680 0.038260 0.040900 
0.069580 0.058540 0.064720 0.010490 0.029920 
  43
0.479817 0.014405 0.046210 
0.462778 0.970568 0.462022 
0.057405 0.015027 0.491768 
0.051897 0.005417 0.310612 0.116643 0.010494 
0.053118 0.020455 0.013452 0.059952 0.022591 
0.007445 0.068678 0.034514 0.042218 0.039418 
0.062150 0.043397 0.018908 0.004628 0.014012 
0.087130 0.033470 0.046870 0.049530 0.039770 
0.088610 0.033620 0.036890 0.080480 0.085360 
0.014750 0.040430 0.050680 0.038260 0.040900 
0.069580 0.058540 0.064720 0.010490 0.029920 
  44
0.479817 0.014405 0.046210 
0.462778 0.970568 0.462022 
0.057405 0.015027 0.491768 
0.018684 0.004647 0.009485 0.011945 0.067596 
0.014321 0.011452 0.020416 0.011600 0.043453 
0.010245 0.009825 0.008674 0.008776 0.015122 
0.015118 0.014221 0.021382 0.622899 0.060140 
0.087130 0.033470 0.046870 0.049530 0.039770 
0.088610 0.033620 0.036890 0.080480 0.085360 
0.014750 0.040430 0.050680 0.038260 0.040900 
0.069580 0.058540 0.064720 0.010490 0.029920 
  45
0.479817 0.014405 0.046210 
0.462778 0.970568 0.462022 
0.057405 0.015027 0.491768 
0.055611 0.006575 0.172542 0.098682 0.013715 
0.064843 0.026292 0.014028 0.066292 0.027591 
0.008911 0.075896 0.038494 0.045420 0.049135 
0.139265 0.050607 0.020989 0.006984 0.018127 
0.087130 0.033470 0.046870 0.049530 0.039770 
0.088610 0.033620 0.036890 0.080480 0.085360 
0.014750 0.040430 0.050680 0.038260 0.040900 
0.069580 0.058540 0.064720 0.010490 0.029920 
  46
0.479817 0.014405 0.046210 
0.462778 0.970568 0.462022 
0.057405 0.015027 0.491768 
0.069276 0.006371 0.065102 0.090383 0.015282 
0.061653 0.023988 0.021453 0.200822 0.037414 
0.012082 0.053284 0.034979 0.064348 0.071394 
0.065062 0.052125 0.030342 0.006371 0.018269 
0.087130 0.033470 0.046870 0.049530 0.039770 
0.088610 0.033620 0.036890 0.080480 0.085360 
0.014750 0.040430 0.050680 0.038260 0.040900 
0.069580 0.058540 0.064720 0.010490 0.029920 
  47
0.479817 0.014405 0.046210 
0.462778 0.970568 0.462022 
0.057405 0.015027 0.491768 
0.019796 0.005293 0.009130 0.012158 0.083442 
0.012490 0.013589 0.023184 0.012102 0.048350 
0.011658 0.010353 0.008922 0.009214 0.015509 
0.015917 0.015456 0.024195 0.567261 0.081981 
0.087130 0.033470 0.046870 0.049530 0.039770 
0.088610 0.033620 0.036890 0.080480 0.085360 
0.014750 0.040430 0.050680 0.038260 0.040900 
0.069580 0.058540 0.064720 0.010490 0.029920 
  48
0.479817 0.014405 0.046210 
0.462778 0.970568 0.462022 
0.057405 0.015027 0.491768 
0.056629 0.004146 0.117400 0.306605 0.009852 
0.035146 0.017427 0.016434 0.076653 0.027885 
0.009254 0.042131 0.032006 0.059534 0.050614 
0.052790 0.042707 0.026675 0.004044 0.012067 
0.087130 0.033470 0.046870 0.049530 0.039770 
0.088610 0.033620 0.036890 0.080480 0.085360 
0.014750 0.040430 0.050680 0.038260 0.040900 
0.069580 0.058540 0.064720 0.010490 0.029920 
  49
0.479817 0.014405 0.046210 
0.462778 0.970568 0.462022 
0.057405 0.015027 0.491768 
0.045807 0.004856 0.347291 0.135736 0.008981 
0.048920 0.018698 0.010745 0.052312 0.019477 
0.006469 0.066032 0.032250 0.040480 0.034741 
0.057264 0.037172 0.016414 0.004026 0.012329 
0.087130 0.033470 0.046870 0.049530 0.039770 
0.088610 0.033620 0.036890 0.080480 0.085360 
0.014750 0.040430 0.050680 0.038260 0.040900 
0.069580 0.058540 0.064720 0.010490 0.029920 
  50
0.479817 0.014405 0.046210 
0.462778 0.970568 0.462022 
0.057405 0.015027 0.491768 
0.047763 0.004733 0.028762 0.033732 0.009900 
0.030856 0.010303 0.016226 0.030717 0.027991 
0.005913 0.018788 0.589032 0.017849 0.022418 
0.040427 0.027038 0.025003 0.003169 0.009380 
0.087130 0.033470 0.046870 0.049530 0.039770 
0.088610 0.033620 0.036890 0.080480 0.085360 
0.014750 0.040430 0.050680 0.038260 0.040900 
0.069580 0.058540 0.064720 0.010490 0.029920 
  51
0.479817 0.014405 0.046210 
0.462778 0.970568 0.462022 
0.057405 0.015027 0.491768 
0.029041 0.009118 0.010143 0.013877 0.413987 
0.013434 0.019655 0.050580 0.014455 0.102857 
0.022516 0.012654 0.012213 0.011485 0.015685 
0.019492 0.020210 0.047632 0.035138 0.125829 
0.087130 0.033470 0.046870 0.049530 0.039770 
0.088610 0.033620 0.036890 0.080480 0.085360 
0.014750 0.040430 0.050680 0.038260 0.040900 
0.069580 0.058540 0.064720 0.010490 0.029920 
  52
0.479817 0.014405 0.046210 
0.462778 0.970568 0.462022 
0.057405 0.015027 0.491768 
0.046152 0.005872 0.037110 0.061094 0.013492 
0.033334 0.023380 0.021071 0.134505 0.038882 
0.012228 0.037615 0.026899 0.050151 0.325890 
0.043527 0.039125 0.027495 0.005528 0.016648 
0.087130 0.033470 0.046870 0.049530 0.039770 
0.088610 0.033620 0.036890 0.080480 0.085360 
0.014750 0.040430 0.050680 0.038260 0.040900 
0.069580 0.058540 0.064720 0.010490 0.029920 
  53
0.479817 0.014405 0.046210 
0.462778 0.970568 0.462022 
0.057405 0.015027 0.491768 
0.049015 0.011830 0.013366 0.022964 0.052099 
0.017110 0.014159 0.098709 0.024707 0.354336 
0.070296 0.015786 0.017401 0.021464 0.025305 
0.026543 0.037684 0.089779 0.010391 0.027055 
0.087130 0.033470 0.046870 0.049530 0.039770 
0.088610 0.033620 0.036890 0.080480 0.085360 
0.014750 0.040430 0.050680 0.038260 0.040900 
0.069580 0.058540 0.064720 0.010490 0.029920 
  54
0.479817 0.014405 0.046210 
0.462778 0.970568 0.462022 
0.057405 0.015027 0.491768 
0.063598 0.011553 0.037975 0.043210 0.016360 
0.035952 0.014910 0.030329 0.040809 0.039275 
0.012896 0.040077 0.028211 0.027522 0.033210 
0.112097 0.342898 0.046833 0.005763 0.016524 
0.087130 0.033470 0.046870 0.049530 0.039770 
0.088610 0.033620 0.036890 0.080480 0.085360 
0.014750 0.040430 0.050680 0.038260 0.040900 
0.069580 0.058540 0.064720 0.010490 0.029920 
  55
0.479817 0.014405 0.046210 
0.462778 0.970568 0.462022 
0.057405 0.015027 0.491768 
0.051475 0.011754 0.017195 0.027306 0.063105 
0.021427 0.017246 0.081811 0.028523 0.156905 
0.217624 0.019320 0.019513 0.023561 0.029443 
0.031688 0.036837 0.081565 0.014644 0.049058 
0.087130 0.033470 0.046870 0.049530 0.039770 
0.088610 0.033620 0.036890 0.080480 0.085360 
0.014750 0.040430 0.050680 0.038260 0.040900 
0.069580 0.058540 0.064720 0.010490 0.029920 
  56
0.479817 0.014405 0.046210 
0.462778 0.970568 0.462022 
0.057405 0.015027 0.491768 
0.050288 0.005378 0.302853 0.116663 0.010569 
0.054053 0.020963 0.012354 0.058517 0.022515 
0.007389 0.065221 0.044223 0.042873 0.043988 
0.062770 0.041784 0.018741 0.004716 0.014143 
0.087130 0.033470 0.046870 0.049530 0.039770 
0.088610 0.033620 0.036890 0.080480 0.085360 
0.014750 0.040430 0.050680 0.038260 0.040900 
0.069580 0.058540 0.064720 0.010490 0.029920 
  57
0.479817 0.014405 0.046210 
0.462778 0.970568 0.462022 
0.057405 0.015027 0.491768 
0.198020 0.010529 0.054210 0.078827 0.020720 
0.050965 0.021473 0.029942 0.061624 0.047652 
0.015539 0.047486 0.034832 0.042157 0.047812 
0.092250 0.073268 0.042997 0.007889 0.021809 
0.087130 0.033470 0.046870 0.049530 0.039770 
0.088610 0.033620 0.036890 0.080480 0.085360 
0.014750 0.040430 0.050680 0.038260 0.040900 
0.069580 0.058540 0.064720 0.010490 0.029920 
  58
0.479817 0.014405 0.046210 
0.462778 0.970568 0.462022 
0.057405 0.015027 0.491768 
0.027180 0.008577 0.014995 0.017233 0.100835 
0.017734 0.027671 0.028524 0.018012 0.053860 
0.013629 0.017011 0.012339 0.012965 0.018542 
0.021947 0.020112 0.031241 0.030044 0.507548 
0.087130 0.033470 0.046870 0.049530 0.039770 
0.088610 0.033620 0.036890 0.080480 0.085360 
0.014750 0.040430 0.050680 0.038260 0.040900 
0.069580 0.058540 0.064720 0.010490 0.029920 
  59
0.479817 0.014405 0.046210 
0.462778 0.970568 0.462022 
0.057405 0.015027 0.491768 
0.033554 0.008096 0.014675 0.019867 0.082014 
0.019057 0.016736 0.039591 0.020013 0.072116 
0.018034 0.015940 0.015192 0.015695 0.022232 
0.024997 0.025566 0.055905 0.411246 0.069473 
0.087130 0.033470 0.046870 0.049530 0.039770 
0.088610 0.033620 0.036890 0.080480 0.085360 
0.014750 0.040430 0.050680 0.038260 0.040900 
0.069580 0.058540 0.064720 0.010490 0.029920 
  60
0.479817 0.014405 0.046210 
0.462778 0.970568 0.462022 
0.057405 0.015027 0.491768 
0.053662 0.005599 0.050081 0.082569 0.013194 
0.036617 0.023889 0.020963 0.281654 0.037231 
0.012656 0.042333 0.030530 0.054414 0.103153 
0.055460 0.045136 0.029306 0.005312 0.016241 
0.087130 0.033470 0.046870 0.049530 0.039770 
0.088610 0.033620 0.036890 0.080480 0.085360 
0.014750 0.040430 0.050680 0.038260 0.040900 
0.069580 0.058540 0.064720 0.010490 0.029920 
  61
0.479817 0.014405 0.046210 
0.462778 0.970568 0.462022 
0.057405 0.015027 0.491768 
0.042742 0.012653 0.017641 0.024973 0.129008 
0.022132 0.034504 0.050737 0.026883 0.076173 
0.021901 0.024760 0.018365 0.020473 0.028565 
0.032632 0.034641 0.054339 0.028179 0.298699 
0.087130 0.033470 0.046870 0.049530 0.039770 
0.088610 0.033620 0.036890 0.080480 0.085360 
0.014750 0.040430 0.050680 0.038260 0.040900 
0.069580 0.058540 0.064720 0.010490 0.029920 
  62
0.479817 0.014405 0.046210 
0.462778 0.970568 0.462022 
0.057405 0.015027 0.491768 
0.048878 0.006148 0.050122 0.079643 0.014344 
0.035030 0.023301 0.019857 0.068674 0.037065 
0.012663 0.035662 0.026819 0.351159 0.056852 
0.044736 0.038822 0.028177 0.005797 0.016253 
0.087130 0.033470 0.046870 0.049530 0.039770 
0.088610 0.033620 0.036890 0.080480 0.085360 
0.014750 0.040430 0.050680 0.038260 0.040900 
0.069580 0.058540 0.064720 0.010490 0.029920 
  63
0.479817 0.014405 0.046210 
0.462778 0.970568 0.462022 
0.057405 0.015027 0.491768 
0.225059 0.013231 0.048397 0.055973 0.019597 
0.086181 0.020674 0.025504 0.050672 0.042733 
0.014399 0.042968 0.035043 0.034898 0.048409 
0.115463 0.051188 0.041366 0.007460 0.020787 
0.087130 0.033470 0.046870 0.049530 0.039770 
0.088610 0.033620 0.036890 0.080480 0.085360 
0.014750 0.040430 0.050680 0.038260 0.040900 
0.069580 0.058540 0.064720 0.010490 0.029920 
  64
0.479817 0.014405 0.046210 
0.462778 0.970568 0.462022 
0.057405 0.015027 0.491768 
0.056828 0.004631 0.106679 0.317634 0.010618 
0.038720 0.017736 0.016904 0.073398 0.028718 
0.009564 0.041866 0.033590 0.054683 0.049597 
0.052299 0.043182 0.026022 0.004376 0.012957 
0.087130 0.033470 0.046870 0.049530 0.039770 
0.088610 0.033620 0.036890 0.080480 0.085360 
0.014750 0.040430 0.050680 0.038260 0.040900 
0.069580 0.058540 0.064720 0.010490 0.029920 
  65
0.479817 0.014405 0.046210 
0.462778 0.970568 0.462022 
0.057405 0.015027 0.491768 
0.045735 0.004953 0.043384 0.068791 0.011157 
0.034576 0.018789 0.018012 0.387818 0.032191 
0.009982 0.035917 0.027741 0.045907 0.090272 
0.043510 0.037848 0.025084 0.004508 0.013823 
0.087130 0.033470 0.046870 0.049530 0.039770 
0.088610 0.033620 0.036890 0.080480 0.085360 
0.014750 0.040430 0.050680 0.038260 0.040900 
0.069580 0.058540 0.064720 0.010490 0.029920 
  66
0.479817 0.014405 0.046210 
0.462778 0.970568 0.462022 
0.057405 0.015027 0.491768 
0.054591 0.004093 0.121184 0.329021 0.009536 
0.036348 0.016903 0.015352 0.071641 0.026165 
0.008703 0.041987 0.032114 0.053641 0.047218 
0.051197 0.040745 0.023806 0.003934 0.011818 
0.087130 0.033470 0.046870 0.049530 0.039770 
0.088610 0.033620 0.036890 0.080480 0.085360 
0.014750 0.040430 0.050680 0.038260 0.040900 
0.069580 0.058540 0.064720 0.010490 0.029920 
  67
0.479817 0.014405 0.046210 
0.462778 0.970568 0.462022 
0.057405 0.015027 0.491768 
0.057953 0.005278 0.048433 0.082993 0.012115 
0.034359 0.022144 0.020659 0.222651 0.036790 
0.011660 0.041630 0.028334 0.055785 0.171712 
0.053491 0.045225 0.028871 0.004942 0.014974 
0.087130 0.033470 0.046870 0.049530 0.039770 
0.088610 0.033620 0.036890 0.080480 0.085360 
0.014750 0.040430 0.050680 0.038260 0.040900 
0.069580 0.058540 0.064720 0.010490 0.029920 
  68
0.479817 0.014405 0.046210 
0.462778 0.970568 0.462022 
0.057405 0.015027 0.491768 
0.054647 0.005987 0.054802 0.079040 0.013446 
0.054126 0.022700 0.020138 0.269899 0.035861 
0.011393 0.046131 0.033956 0.051165 0.093580 
0.056454 0.046284 0.028293 0.005516 0.016582 
0.087130 0.033470 0.046870 0.049530 0.039770 
0.088610 0.033620 0.036890 0.080480 0.085360 
0.014750 0.040430 0.050680 0.038260 0.040900 
0.069580 0.058540 0.064720 0.010490 0.029920 
  69
0.479817 0.014405 0.046210 
0.462778 0.970568 0.462022 
0.057405 0.015027 0.491768 
0.054973 0.011737 0.011756 0.019716 0.054565 
0.015391 0.010950 0.098863 0.021256 0.411293 
0.042625 0.013036 0.017136 0.016145 0.020787 
0.022631 0.031146 0.092580 0.009083 0.024332 
0.087130 0.033470 0.046870 0.049530 0.039770 
0.088610 0.033620 0.036890 0.080480 0.085360 
0.014750 0.040430 0.050680 0.038260 0.040900 
0.069580 0.058540 0.064720 0.010490 0.029920 
  70
0.479817 0.014405 0.046210 
0.462778 0.970568 0.462022 
0.057405 0.015027 0.491768 
0.039226 0.011515 0.022884 0.026690 0.097946 
0.028677 0.035454 0.032045 0.029325 0.057227 
0.016350 0.025573 0.018537 0.019913 0.028148 
0.032916 0.030138 0.038389 0.031885 0.377162 
0.087130 0.033470 0.046870 0.049530 0.039770 
0.088610 0.033620 0.036890 0.080480 0.085360 
0.014750 0.040430 0.050680 0.038260 0.040900 
0.069580 0.058540 0.064720 0.010490 0.029920 
  71
0.479817 0.014405 0.046210 
0.462778 0.970568 0.462022 
0.057405 0.026326 0.479987 
0.389409 0.018571 0.029256 0.038770 0.015880 
0.071311 0.012157 0.028267 0.033247 0.040469 
0.013290 0.023657 0.030437 0.023149 0.026643 
0.085146 0.046497 0.053982 0.005035 0.014829 
0.087128 0.033469 0.046869 0.049529 0.039769 
0.088608 0.033619 0.036909 0.080478 0.085358 
0.014750 0.040429 0.050679 0.038259 0.040899 
0.069579 0.058539 0.064719 0.010490 0.029919 
  72
0.479817 0.014405 0.045103 
0.462778 0.959269 0.474910 
0.057405 0.015027 0.491768 
0.046280 0.012035 0.007422 0.012558 0.036640 
0.010180 0.007174 0.355188 0.013678 0.146056 
0.027716 0.008468 0.011671 0.010289 0.013321 
0.016010 0.029920 0.211875 0.006160 0.017359 
0.087130 0.033470 0.046870 0.049530 0.039770 
0.088610 0.033620 0.036890 0.080480 0.085360 
0.014750 0.040430 0.050680 0.038260 0.040900 
0.069580 0.058540 0.064720 0.010490 0.029920 
  73
0.479817 0.014405 0.046210 
0.462778 0.970568 0.462022 
0.057405 0.015027 0.491768 
0.065163 0.014362 0.040199 0.039254 0.115572 
0.030066 0.025837 0.094640 0.045544 0.116868 
0.032989 0.028610 0.029078 0.033266 0.044818 
0.047594 0.055067 0.078884 0.017052 0.045136 
0.087130 0.033470 0.046870 0.049530 0.039770 
0.088610 0.033620 0.036890 0.080480 0.085360 
0.014750 0.040430 0.050680 0.038260 0.040900 
0.069580 0.058540 0.064720 0.010490 0.029920 
  74
0.479817 0.014405 0.046210 
0.462778 0.970568 0.462022 
0.057405 0.015027 0.491768 
0.057554 0.005772 0.269361 0.107689 0.010871 
0.056978 0.022014 0.012443 0.060293 0.022972 
0.007625 0.071235 0.035613 0.043025 0.042175 
0.090401 0.045297 0.019095 0.004916 0.014670 
0.087130 0.033470 0.046870 0.049530 0.039770 
0.088610 0.033620 0.036890 0.080480 0.085360 
0.014750 0.040430 0.050680 0.038260 0.040900 
0.069580 0.058540 0.064720 0.010490 0.029920 
  75
0.479817 0.014405 0.046210 
0.462778 0.970568 0.462022 
0.057405 0.015027 0.491768 
0.248844 0.015781 0.033165 0.041563 0.051590 
0.052465 0.019825 0.044796 0.039052 0.066265 
0.020553 0.031760 0.030805 0.028982 0.035451 
0.084946 0.051839 0.063474 0.010243 0.028598 
0.087130 0.033470 0.046870 0.049530 0.039770 
0.088610 0.033620 0.036890 0.080480 0.085360 
0.014750 0.040430 0.050680 0.038260 0.040900 
0.069580 0.058540 0.064720 0.010490 0.029920 
  76
0.479817 0.014405 0.046210 
0.462778 0.970568 0.462022 
0.057405 0.015027 0.491768 
0.041028 0.010634 0.010827 0.017115 0.285525 
0.014761 0.013575 0.087672 0.018229 0.162211 
0.033921 0.013158 0.015339 0.015008 0.019603 
0.022927 0.028589 0.110458 0.019560 0.059860 
0.087130 0.033470 0.046870 0.049530 0.039770 
0.088610 0.033620 0.036890 0.080480 0.085360 
0.014750 0.040430 0.050680 0.038260 0.040900 
0.069580 0.058540 0.064720 0.010490 0.029920 
  77
0.479817 0.014405 0.046210 
0.462778 0.970568 0.462022 
0.057405 0.015027 0.491768 
0.154616 0.008598 0.058557 0.089130 0.020315 
0.046978 0.022587 0.029253 0.071989 0.047731 
0.015453 0.047019 0.034940 0.078015 0.054527 
0.095196 0.053663 0.041756 0.007887 0.021791 
0.087130 0.033470 0.046870 0.049530 0.039770 
0.088610 0.033620 0.036890 0.080480 0.085360 
0.014750 0.040430 0.050680 0.038260 0.040900 
0.069580 0.058540 0.064720 0.010490 0.029920 
  78
0.479817 0.014405 0.046210 
0.462778 0.970568 0.462022 
0.057405 0.015027 0.491768 
0.057412 0.006496 0.062729 0.092448 0.015564 
0.044633 0.024748 0.021772 0.086020 0.039009 
0.013192 0.068938 0.031701 0.193377 0.077036 
0.060091 0.048902 0.030980 0.006519 0.018433 
0.087130 0.033470 0.046870 0.049530 0.039770 
0.088610 0.033620 0.036890 0.080480 0.085360 
0.014750 0.040430 0.050680 0.038260 0.040900 
0.069580 0.058540 0.064720 0.010490 0.029920 
  79
0.479817 0.014405 0.046210 
0.462778 0.970568 0.462022 
0.057405 0.015027 0.491768 
0.051438 0.007280 0.102212 0.063492 0.013580 
0.070032 0.023417 0.014867 0.056555 0.026520 
0.008734 0.266676 0.033642 0.036401 0.043320 
0.083122 0.053250 0.021683 0.005866 0.017912 
0.087130 0.033470 0.046870 0.049530 0.039770 
0.088610 0.033620 0.036890 0.080480 0.085360 
0.014750 0.040430 0.050680 0.038260 0.040900 
0.069580 0.058540 0.064720 0.010490 0.029920 
  80
0.479817 0.014405 0.046210 
0.462778 0.970568 0.462022 
0.057405 0.066895 0.441969 
0.055223 0.007130 0.086044 0.070790 0.014929 
0.101307 0.027739 0.014874 0.067408 0.028495 
0.009406 0.206908 0.038158 0.044286 0.053511 
0.076033 0.050012 0.021513 0.006732 0.019502 
0.087123 0.033467 0.046866 0.049525 0.039766 
0.088693 0.033617 0.036887 0.080473 0.085352 
0.014749 0.040426 0.050675 0.038256 0.040896 
0.069574 0.058535 0.064714 0.010489 0.029917 
  81
0.479817 0.014405 0.041531 
0.462778 0.918700 0.516500 
0.057405 0.015027 0.491768 
0.061373 0.009569 0.059343 0.065065 0.027112 
0.093566 0.060503 0.034408 0.062514 0.056403 
0.020281 0.055061 0.035969 0.104736 0.053313 
0.067084 0.053160 0.041575 0.010461 0.028505 
0.087130 0.033470 0.046870 0.049530 0.039770 
0.088610 0.033620 0.036890 0.080480 0.085360 
0.014750 0.040430 0.050680 0.038260 0.040900 
0.069580 0.058540 0.064720 0.010490 0.029920 
  82
0.479817 0.014405 0.046210 
0.462778 0.970568 0.462022 
0.057405 0.015027 0.491768 
0.064284 0.014343 0.023688 0.037875 0.058253 
0.029629 0.055657 0.069136 0.039826 0.161129 
0.062760 0.028135 0.028261 0.039076 0.043194 
0.046145 0.054219 0.079660 0.017018 0.047713 
0.087130 0.033470 0.046870 0.049530 0.039770 
0.088610 0.033620 0.036890 0.080480 0.085360 
0.014750 0.040430 0.050680 0.038260 0.040900 
0.069580 0.058540 0.064720 0.010490 0.029920 
  83
0.479817 0.014405 0.046210 
0.462778 0.970568 0.462022 
0.057405 0.015027 0.491768 
0.058744 0.007210 0.080609 0.085398 0.016256 
0.076014 0.027857 0.017442 0.072499 0.032429 
0.010655 0.153977 0.039057 0.067381 0.054065 
