%  SAM: modelfromalign v3.5 (July 15, 2005) compiled 12/05/20_11:48:22
%  (c) 1992-2001 Regents of the University of California, Santa Cruz
%
%          Sequence Alignment and Modeling Software System
%         http://www.cse.ucsc.edu/research/compbio/sam.html
%
% ----------------- Citations (SAM, SAM-T2K, HMMs) --------------------
% R. Hughey, A. Krogh, Hidden Markov models for sequence analysis:
%  Extension and analysis of the basic method, CABIOS 12:95-107, 1996.
% K. Karplus, et al., What is the value added by human intervention in protein
%  structure prediction, Proteins: Stucture, Function, Genetics 45(S5):86--91, 2001.
% A. Krogh et al., Hidden Markov models in computational biology:
%  Applications to protein modeling, JMB 235:1501-1531, Feb 1994.
% ---------------------------------------------------------------------
%  trimmed-uniq   Host: gauntlet    Thu Feb 11 16:19:51 2021
%  dgpinheiro     Dir:  /data/GitHub/sfFinder/example/output/subfamily/TEST1/flowerpower/fp-workspace/iter2
% ---------------------------------------------------------------------
% Prior File:  Internal (Name: recode3.20comp) 
%   20 priors on 20 characters.
%  Alignment weights from internal calc.  Total (1.66) Max (0.01) Min (0.01)
%  Weights from alignment method 1 (karplus), b=0.500000, e=0.500000
MODEL --  Model from alignment file trimmed-uniq.a2m
alphabet protein
FREQAVE
0.000000 0.000000 0.000000 
0.000000 0.000000 0.000000 
0.000000 0.000000 0.000000 
0.073430 0.015300 0.056458 0.066691 0.050828 
0.061590 0.029062 0.052889 0.056910 0.086510 
0.026581 0.040714 0.044978 0.042599 0.051826 
0.058672 0.053546 0.061415 0.023200 0.046800 
0.073430 0.015300 0.056458 0.066691 0.050828 
0.061590 0.029062 0.052889 0.056910 0.086510 
0.026581 0.040714 0.044978 0.042599 0.051826 
0.058672 0.053546 0.061415 0.023200 0.046800 
Begin
0.000000 0.000000 0.000000 
0.000000 0.000000 0.000000 
0.000000 0.104745 0.832045 
0.000000 0.000000 0.000000 0.000000 0.000000 
0.000000 0.000000 0.000000 0.000000 0.000000 
0.000000 0.000000 0.000000 0.000000 0.000000 
0.000000 0.000000 0.000000 0.000000 0.000000 
0.087223 0.033411 0.046852 0.049477 0.039668 
0.088421 0.033540 0.036829 0.080822 0.085409 
0.014898 0.040494 0.050592 0.038248 0.041025 
0.069473 0.058566 0.064599 0.010464 0.029990 
1
0.000000 0.014405 0.057370 
0.000000 0.880850 0.110585 
0.040950 0.016501 0.491768 
0.076698 0.014131 0.039989 0.056530 0.048001 
0.043269 0.021241 0.079351 0.054346 0.123298 
0.042473 0.034309 0.034931 0.037244 0.047678 
0.054036 0.054059 0.089035 0.013553 0.035828 
0.087130 0.033470 0.046870 0.049530 0.039770 
0.088610 0.033620 0.036890 0.080480 0.085360 
0.014750 0.040430 0.050680 0.038260 0.040900 
0.069580 0.058540 0.064720 0.010490 0.029920 
2
0.628926 0.015817 0.046210 
0.330124 0.967682 0.462022 
0.040950 0.016501 0.491768 
0.095394 0.013914 0.056799 0.070521 0.032134 
0.068426 0.022019 0.049092 0.062817 0.077164 
0.020723 0.043800 0.058907 0.040299 0.051944 
0.069245 0.060901 0.066534 0.010154 0.029211 
0.087130 0.033470 0.046870 0.049530 0.039770 
0.088610 0.033620 0.036890 0.080480 0.085360 
0.014750 0.040430 0.050680 0.038260 0.040900 
0.069580 0.058540 0.064720 0.010490 0.029920 
3
0.626403 0.015817 0.046210 
0.332647 0.967682 0.462022 
0.041054 0.016487 0.491768 
0.085727 0.010121 0.054008 0.059096 0.038690 
0.064021 0.022140 0.060325 0.074884 0.104616 
0.023698 0.042492 0.036405 0.040190 0.048874 
0.055920 0.052881 0.074335 0.014815 0.036760 
0.087130 0.033470 0.046870 0.049530 0.039770 
0.088610 0.033620 0.036890 0.080480 0.085360 
0.014750 0.040430 0.050680 0.038260 0.040900 
0.069580 0.058540 0.064720 0.010490 0.029920 
4
0.627987 0.015803 0.046210 
0.330959 0.967710 0.462022 
0.041054 0.016487 0.491768 
0.088381 0.011919 0.046379 0.049511 0.044131 
0.060900 0.021432 0.069399 0.048825 0.142315 
0.025288 0.042154 0.033520 0.034512 0.041903 
0.051895 0.050126 0.083652 0.015647 0.038111 
0.087130 0.033470 0.046870 0.049530 0.039770 
0.088610 0.033620 0.036890 0.080480 0.085360 
0.014750 0.040430 0.050680 0.038260 0.040900 
0.069580 0.058540 0.064720 0.010490 0.029920 
5
0.627987 0.015803 0.046210 
0.330959 0.967710 0.462022 
0.041054 0.016487 0.491768 
0.102497 0.009943 0.060236 0.065612 0.034560 
0.071107 0.023325 0.049784 0.063012 0.072292 
0.020296 0.053136 0.037848 0.053225 0.050815 
0.062762 0.056933 0.063728 0.013405 0.035485 
0.087130 0.033470 0.046870 0.049530 0.039770 
0.088610 0.033620 0.036890 0.080480 0.085360 
0.014750 0.040430 0.050680 0.038260 0.040900 
0.069580 0.058540 0.064720 0.010490 0.029920 
6
0.585874 0.015803 0.046210 
0.373073 0.967710 0.462022 
0.042859 0.016253 0.491768 
0.084292 0.008642 0.059185 0.066582 0.030655 
0.066233 0.023802 0.046419 0.073692 0.069017 
0.019611 0.046904 0.037668 0.045322 0.100107 
0.060173 0.054260 0.058877 0.013871 0.034687 
0.087130 0.033470 0.046870 0.049530 0.039770 
0.088610 0.033620 0.036890 0.080480 0.085360 
0.014750 0.040430 0.050680 0.038260 0.040900 
0.069580 0.058540 0.064720 0.010490 0.029920 
7
0.611632 0.015580 0.046210 
0.345510 0.968167 0.462022 
0.042859 0.016253 0.491768 
0.086593 0.008307 0.074945 0.094139 0.029463 
0.069977 0.023915 0.041406 0.067470 0.062422 
0.018259 0.049629 0.038415 0.045819 0.060298 
0.072696 0.056681 0.053959 0.012737 0.032868 
0.087130 0.033470 0.046870 0.049530 0.039770 
0.088610 0.033620 0.036890 0.080480 0.085360 
0.014750 0.040430 0.050680 0.038260 0.040900 
0.069580 0.058540 0.064720 0.010490 0.029920 
8
0.611632 0.015580 0.046210 
0.345510 0.968167 0.462022 
0.042859 0.016253 0.491768 
0.084197 0.007936 0.097144 0.072155 0.028384 
0.069869 0.023449 0.041704 0.090205 0.062041 
0.017956 0.050472 0.039303 0.046044 0.054224 
0.062835 0.055747 0.053414 0.011790 0.031132 
0.087130 0.033470 0.046870 0.049530 0.039770 
0.088610 0.033620 0.036890 0.080480 0.085360 
0.014750 0.040430 0.050680 0.038260 0.040900 
0.069580 0.058540 0.064720 0.010490 0.029920 
9
0.611632 0.015580 0.046210 
0.345510 0.968167 0.462022 
0.042859 0.016253 0.491768 
0.087817 0.013001 0.042955 0.046290 0.054460 
0.067562 0.022378 0.068375 0.044298 0.094598 
0.024776 0.037919 0.034553 0.032220 0.040199 
0.053977 0.050632 0.082986 0.027024 0.073982 
0.087130 0.033470 0.046870 0.049530 0.039770 
0.088610 0.033620 0.036890 0.080480 0.085360 
0.014750 0.040430 0.050680 0.038260 0.040900 
0.069580 0.058540 0.064720 0.010490 0.029920 
10
0.609204 0.015580 0.046210 
0.347938 0.968167 0.462022 
0.042963 0.016241 0.491768 
0.097827 0.010813 0.052071 0.055706 0.040469 
0.068961 0.023037 0.058222 0.054094 0.081107 
0.022268 0.042558 0.036003 0.042430 0.049942 
0.058206 0.053611 0.072491 0.016242 0.063943 
0.087130 0.033470 0.046870 0.049530 0.039770 
0.088610 0.033620 0.036890 0.080480 0.085360 
0.014750 0.040430 0.050680 0.038260 0.040900 
0.069580 0.058540 0.064720 0.010490 0.029920 
11
0.610686 0.015567 0.046210 
0.346351 0.968192 0.462022 
0.042963 0.016241 0.491768 
0.084692 0.013072 0.083403 0.058016 0.033959 
0.076744 0.023997 0.050491 0.068654 0.069549 
0.019932 0.051301 0.040793 0.039761 0.049706 
0.066334 0.057955 0.062810 0.013529 0.035299 
0.087130 0.033470 0.046870 0.049530 0.039770 
0.088610 0.033620 0.036890 0.080480 0.085360 
0.014750 0.040430 0.050680 0.038260 0.040900 
0.069580 0.058540 0.064720 0.010490 0.029920 
12
0.361573 0.015567 0.046210 
0.595464 0.968192 0.462022 
0.057216 0.015038 0.491768 
0.060994 0.011024 0.013843 0.015802 0.042018 
0.022840 0.010756 0.087015 0.017149 0.341391 
0.143119 0.013237 0.012371 0.014648 0.018248 
0.019373 0.035223 0.084990 0.010406 0.025552 
0.087130 0.033470 0.046870 0.049530 0.039770 
0.088610 0.033620 0.036890 0.080480 0.085360 
0.014750 0.040430 0.050680 0.038260 0.040900 
0.069580 0.058540 0.064720 0.010490 0.029920 
13
0.481528 0.014415 0.046210 
0.461255 0.970546 0.462022 
0.057216 0.015038 0.491768 
0.081214 0.006621 0.033547 0.036608 0.018521 
0.035138 0.013438 0.028835 0.036924 0.040914 
0.011700 0.030831 0.022510 0.026665 0.028973 
0.073679 0.407353 0.041151 0.006516 0.018863 
0.087130 0.033470 0.046870 0.049530 0.039770 
0.088610 0.033620 0.036890 0.080480 0.085360 
0.014750 0.040430 0.050680 0.038260 0.040900 
0.069580 0.058540 0.064720 0.010490 0.029920 
14
0.479861 0.014415 0.046210 
0.462922 0.970546 0.462022 
0.057312 0.015033 0.491768 
0.046058 0.004594 0.035385 0.041599 0.014590 
0.036496 0.014884 0.020553 0.045904 0.035892 
0.010170 0.028222 0.022462 0.029398 0.492703 
0.035198 0.033380 0.028724 0.006526 0.017259 
0.087130 0.033470 0.046870 0.049530 0.039770 
0.088610 0.033620 0.036890 0.080480 0.085360 
0.014750 0.040430 0.050680 0.038260 0.040900 
0.069580 0.058540 0.064720 0.010490 0.029920 
15
0.480663 0.014410 0.046210 
0.462025 0.970557 0.462022 
0.057312 0.015033 0.491768 
0.042888 0.003895 0.424608 0.054406 0.011997 
0.108501 0.013676 0.015037 0.037423 0.024213 
0.007329 0.064751 0.021552 0.025608 0.026018 
0.043931 0.034709 0.021583 0.004516 0.013359 
0.087130 0.033470 0.046870 0.049530 0.039770 
0.088610 0.033620 0.036890 0.080480 0.085360 
0.014750 0.040430 0.050680 0.038260 0.040900 
0.069580 0.058540 0.064720 0.010490 0.029920 
16
0.480663 0.014410 0.046210 
0.462025 0.970557 0.462022 
0.057312 0.015033 0.491768 
0.048860 0.009569 0.010005 0.011747 0.036982 
0.016657 0.008042 0.070712 0.012593 0.480639 
0.089816 0.010032 0.010358 0.011240 0.013190 
0.015325 0.031871 0.082835 0.008625 0.020904 
0.087130 0.033470 0.046870 0.049530 0.039770 
0.088610 0.033620 0.036890 0.080480 0.085360 
0.014750 0.040430 0.050680 0.038260 0.040900 
0.069580 0.058540 0.064720 0.010490 0.029920 
17
0.479037 0.014410 0.046210 
0.463651 0.970557 0.462022 
0.057405 0.015027 0.491768 
0.082469 0.006563 0.148123 0.045820 0.020739 
0.242540 0.020116 0.022778 0.038741 0.035346 
0.011776 0.079799 0.029285 0.026737 0.029093 
0.068076 0.035496 0.026158 0.008712 0.021635 
0.087130 0.033470 0.046870 0.049530 0.039770 
0.088610 0.033620 0.036890 0.080480 0.085360 
0.014750 0.040430 0.050680 0.038260 0.040900 
0.069580 0.058540 0.064720 0.010490 0.029920 
18
0.479817 0.014405 0.046210 
0.462778 0.970568 0.462022 
0.057405 0.015027 0.491768 
0.015750 0.004879 0.007317 0.009438 0.034423 
0.015473 0.005510 0.016139 0.007690 0.041305 
0.009899 0.006101 0.006917 0.005056 0.012299 
0.010189 0.008873 0.021154 0.732048 0.029539 
0.087130 0.033470 0.046870 0.049530 0.039770 
0.088610 0.033620 0.036890 0.080480 0.085360 
0.014750 0.040430 0.050680 0.038260 0.040900 
0.069580 0.058540 0.064720 0.010490 0.029920 
19
0.479817 0.014405 0.046210 
0.462778 0.970568 0.462022 
0.057405 0.015027 0.491768 
0.071252 0.002914 0.111713 0.363509 0.013528 
0.034490 0.013521 0.015616 0.054789 0.031495 
0.009536 0.028715 0.019980 0.054138 0.036585 
0.053519 0.039480 0.024191 0.005715 0.015313 
0.087130 0.033470 0.046870 0.049530 0.039770 
0.088610 0.033620 0.036890 0.080480 0.085360 
0.014750 0.040430 0.050680 0.038260 0.040900 
0.069580 0.058540 0.064720 0.010490 0.029920 
20
0.479817 0.014405 0.046210 
0.462778 0.970568 0.462022 
0.057405 0.015027 0.491768 
0.064503 0.005360 0.037170 0.034284 0.028371 
0.042948 0.011395 0.034274 0.046198 0.058270 
0.008815 0.030198 0.350272 0.024386 0.030072 
0.053162 0.064057 0.048575 0.007260 0.020429 
0.087130 0.033470 0.046870 0.049530 0.039770 
0.088610 0.033620 0.036890 0.080480 0.085360 
0.014750 0.040430 0.050680 0.038260 0.040900 
0.069580 0.058540 0.064720 0.010490 0.029920 
21
0.479817 0.014405 0.046210 
0.462778 0.970568 0.462022 
0.057405 0.015027 0.491768 
0.050674 0.006879 0.037042 0.034803 0.016700 
0.043329 0.012663 0.024601 0.031807 0.026890 
0.008845 0.038630 0.024420 0.024949 0.023118 
0.287964 0.242413 0.039785 0.005857 0.018631 
0.087130 0.033470 0.046870 0.049530 0.039770 
0.088610 0.033620 0.036890 0.080480 0.085360 
0.014750 0.040430 0.050680 0.038260 0.040900 
0.069580 0.058540 0.064720 0.010490 0.029920 
22
0.479817 0.014405 0.046210 
0.462778 0.970568 0.462022 
0.057405 0.015027 0.491768 
0.029658 0.005380 0.015963 0.016968 0.057888 
0.024533 0.014781 0.025811 0.017206 0.042193 
0.010266 0.014137 0.012939 0.013182 0.017463 
0.021919 0.021184 0.033882 0.014217 0.590430 
0.087130 0.033470 0.046870 0.049530 0.039770 
0.088610 0.033620 0.036890 0.080480 0.085360 
0.014750 0.040430 0.050680 0.038260 0.040900 
0.069580 0.058540 0.064720 0.010490 0.029920 
23
0.479817 0.014405 0.046210 
0.462778 0.970568 0.462022 
0.057405 0.015027 0.491768 
0.058265 0.004886 0.045798 0.077387 0.016409 
0.035926 0.016990 0.023398 0.057548 0.040842 
0.012029 0.033308 0.023788 0.340906 0.044595 
0.043382 0.040660 0.057326 0.007190 0.019368 
0.087130 0.033470 0.046870 0.049530 0.039770 
0.088610 0.033620 0.036890 0.080480 0.085360 
0.014750 0.040430 0.050680 0.038260 0.040900 
0.069580 0.058540 0.064720 0.010490 0.029920 
24
0.479817 0.014405 0.046210 
0.462778 0.970568 0.462022 
0.057405 0.015027 0.491768 
0.072212 0.006106 0.066872 0.053712 0.021095 
0.055710 0.018283 0.029665 0.096807 0.044273 
0.012482 0.048169 0.055471 0.035364 0.052386 
0.139291 0.122677 0.038159 0.008502 0.022766 
0.087130 0.033470 0.046870 0.049530 0.039770 
0.088610 0.033620 0.036890 0.080480 0.085360 
0.014750 0.040430 0.050680 0.038260 0.040900 
0.069580 0.058540 0.064720 0.010490 0.029920 
25
0.479817 0.014405 0.046210 
0.462778 0.970568 0.462022 
0.057405 0.015027 0.491768 
0.077869 0.005197 0.051005 0.082592 0.021864 
0.044024 0.082851 0.035171 0.181473 0.058180 
0.024077 0.037955 0.026718 0.045370 0.063134 
0.046172 0.037862 0.040234 0.009804 0.028448 
0.087130 0.033470 0.046870 0.049530 0.039770 
0.088610 0.033620 0.036890 0.080480 0.085360 
0.014750 0.040430 0.050680 0.038260 0.040900 
0.069580 0.058540 0.064720 0.010490 0.029920 
26
0.479817 0.014405 0.046210 
0.462778 0.970568 0.462022 
0.057405 0.015027 0.491768 
0.073073 0.002483 0.198045 0.246275 0.013103 
0.036088 0.013182 0.015366 0.083451 0.031255 
0.008984 0.036576 0.019429 0.059151 0.036631 
0.052447 0.032708 0.022513 0.005142 0.014099 
0.087130 0.033470 0.046870 0.049530 0.039770 
0.088610 0.033620 0.036890 0.080480 0.085360 
0.014750 0.040430 0.050680 0.038260 0.040900 
0.069580 0.058540 0.064720 0.010490 0.029920 
27
0.479817 0.014405 0.046210 
0.462778 0.970568 0.462022 
0.057405 0.015027 0.491768 
0.085076 0.003458 0.300348 0.125175 0.013638 
0.041604 0.014926 0.017830 0.067379 0.031088 
0.009311 0.058276 0.022328 0.041721 0.035027 
0.050191 0.036304 0.026134 0.005218 0.014968 
0.087130 0.033470 0.046870 0.049530 0.039770 
0.088610 0.033620 0.036890 0.080480 0.085360 
0.014750 0.040430 0.050680 0.038260 0.040900 
0.069580 0.058540 0.064720 0.010490 0.029920 
28
0.479817 0.014405 0.046210 
0.462778 0.970568 0.462022 
0.057405 0.015027 0.491768 
0.057809 0.012554 0.008466 0.008202 0.036617 
0.017241 0.007090 0.315067 0.011221 0.101930 
0.019309 0.007943 0.011940 0.007956 0.010607 
0.016414 0.028876 0.293237 0.006861 0.020660 
0.087130 0.033470 0.046870 0.049530 0.039770 
0.088610 0.033620 0.036890 0.080480 0.085360 
0.014750 0.040430 0.050680 0.038260 0.040900 
0.069580 0.058540 0.064720 0.010490 0.029920 
29
0.479817 0.014405 0.046210 
0.462778 0.970568 0.462022 
0.057405 0.015027 0.491768 
0.028683 0.007532 0.008024 0.013179 0.389294 
0.016267 0.014023 0.033936 0.010518 0.058520 
0.012978 0.009472 0.008955 0.010703 0.009980 
0.020231 0.020287 0.040424 0.032110 0.254885 
0.087130 0.033470 0.046870 0.049530 0.039770 
0.088610 0.033620 0.036890 0.080480 0.085360 
0.014750 0.040430 0.050680 0.038260 0.040900 
0.069580 0.058540 0.064720 0.010490 0.029920 
30
0.479817 0.014405 0.046210 
0.462778 0.970568 0.462022 
0.057405 0.015027 0.491768 
0.033315 0.003890 0.026204 0.021259 0.012694 
0.037799 0.009160 0.015222 0.024149 0.025859 
0.004791 0.018416 0.642635 0.013568 0.018043 
0.029223 0.023025 0.023342 0.004648 0.012757 
0.087130 0.033470 0.046870 0.049530 0.039770 
0.088610 0.033620 0.036890 0.080480 0.085360 
0.014750 0.040430 0.050680 0.038260 0.040900 
0.069580 0.058540 0.064720 0.010490 0.029920 
31
0.479817 0.078498 0.046210 
0.462778 0.906475 0.462022 
0.044554 0.016057 0.491768 
0.074940 0.007979 0.081164 0.082498 0.032664 
0.058968 0.117072 0.035914 0.055504 0.059564 
0.017585 0.049618 0.029794 0.057648 0.046432 
0.056110 0.045095 0.043118 0.014226 0.034106 
0.087130 0.033470 0.046870 0.049530 0.039770 
0.088610 0.033620 0.036890 0.080480 0.085360 
0.014750 0.040430 0.050680 0.038260 0.040900 
0.069580 0.058540 0.064720 0.010490 0.029920 
32
0.596271 0.041465 0.046210 
0.359175 0.942479 0.462022 
0.041055 0.016486 0.491768 
0.078321 0.011810 0.059267 0.084668 0.030734 
0.053089 0.024558 0.049376 0.071603 0.071888 
0.020991 0.045497 0.054376 0.046688 0.060514 
0.069014 0.062865 0.062619 0.010890 0.031233 
0.087130 0.033470 0.046870 0.049530 0.039770 
0.088610 0.033620 0.036890 0.080480 0.085360 
0.014750 0.040430 0.050680 0.038260 0.040900 
0.069580 0.058540 0.064720 0.010490 0.029920 
33
0.421692 0.016195 0.046210 
0.537253 0.967319 0.462022 
0.051650 0.015409 0.491768 
0.063883 0.011013 0.023910 0.026066 0.112287 
0.043562 0.023116 0.060611 0.023084 0.107352 
0.024265 0.024734 0.020096 0.020179 0.026571 
0.035396 0.034606 0.071733 0.028874 0.218663 
0.087130 0.033470 0.046870 0.049530 0.039770 
0.088610 0.033620 0.036890 0.080480 0.085360 
0.014750 0.040430 0.050680 0.038260 0.040900 
0.069580 0.058540 0.064720 0.010490 0.029920 
34
0.433158 0.014770 0.046210 
0.515192 0.969821 0.462022 
0.057313 0.015033 0.491768 
0.065037 0.002864 0.136260 0.329892 0.013872 
0.035610 0.013567 0.015682 0.057171 0.031716 
0.009520 0.030220 0.020151 0.052288 0.036201 
0.063640 0.041085 0.024064 0.005768 0.015391 
0.087130 0.033470 0.046870 0.049530 0.039770 
0.088610 0.033620 0.036890 0.080480 0.085360 
0.014750 0.040430 0.050680 0.038260 0.040900 
0.069580 0.058540 0.064720 0.010490 0.029920 
35
0.479047 0.014410 0.046210 
0.463640 0.970557 0.462022 
0.057405 0.015027 0.491768 
0.073985 0.004295 0.106922 0.068777 0.017837 
0.058627 0.017798 0.029544 0.105220 0.050312 
0.014222 0.037463 0.024925 0.052045 0.188256 
0.048335 0.036454 0.034950 0.008352 0.021679 
0.087130 0.033470 0.046870 0.049530 0.039770 
0.088610 0.033620 0.036890 0.080480 0.085360 
0.014750 0.040430 0.050680 0.038260 0.040900 
0.069580 0.058540 0.064720 0.010490 0.029920 
36
0.479817 0.014405 0.046210 
0.462778 0.970568 0.462022 
0.057405 0.015027 0.491768 
0.039703 0.008596 0.012687 0.019035 0.453777 
0.022022 0.012092 0.039107 0.014814 0.066723 
0.014881 0.012674 0.012099 0.013474 0.011977 
0.027845 0.027866 0.045315 0.030256 0.115056 
0.087130 0.033470 0.046870 0.049530 0.039770 
0.088610 0.033620 0.036890 0.080480 0.085360 
0.014750 0.040430 0.050680 0.038260 0.040900 
0.069580 0.058540 0.064720 0.010490 0.029920 
37
0.479817 0.014405 0.046210 
0.462778 0.970568 0.462022 
0.057405 0.015027 0.491768 
0.054078 0.003531 0.064679 0.441668 0.016829 
0.046285 0.013918 0.016603 0.052394 0.031605 
0.009533 0.027979 0.020647 0.041908 0.036140 
0.041109 0.034300 0.025261 0.005863 0.015670 
0.087130 0.033470 0.046870 0.049530 0.039770 
0.088610 0.033620 0.036890 0.080480 0.085360 
0.014750 0.040430 0.050680 0.038260 0.040900 
0.069580 0.058540 0.064720 0.010490 0.029920 
38
0.479817 0.014405 0.046210 
0.462778 0.970568 0.462022 
0.057405 0.015027 0.491768 
0.047801 0.003309 0.035395 0.018982 0.007894 
0.676396 0.007650 0.010254 0.020961 0.016315 
0.005913 0.024158 0.016215 0.012464 0.019546 
0.031299 0.019602 0.011666 0.003777 0.010403 
0.087130 0.033470 0.046870 0.049530 0.039770 
0.088610 0.033620 0.036890 0.080480 0.085360 
0.014750 0.040430 0.050680 0.038260 0.040900 
0.069580 0.058540 0.064720 0.010490 0.029920 
39
0.479817 0.014405 0.046210 
0.462778 0.970568 0.462022 
0.057405 0.015027 0.491768 
0.044921 0.010253 0.009129 0.010179 0.035527 
0.016573 0.007037 0.463888 0.011748 0.104815 
0.022060 0.008971 0.011235 0.009439 0.011363 
0.015564 0.024511 0.155634 0.007529 0.019624 
0.087130 0.033470 0.046870 0.049530 0.039770 
0.088610 0.033620 0.036890 0.080480 0.085360 
0.014750 0.040430 0.050680 0.038260 0.040900 
0.069580 0.058540 0.064720 0.010490 0.029920 
40
0.479817 0.014405 0.046210 
0.462778 0.970568 0.462022 
0.057405 0.015027 0.491768 
0.057789 0.004480 0.043468 0.056063 0.014129 
0.036277 0.021113 0.021175 0.398533 0.037195 
0.011040 0.034395 0.033926 0.039605 0.053704 
0.043154 0.039099 0.029806 0.006777 0.018271 
0.087130 0.033470 0.046870 0.049530 0.039770 
0.088610 0.033620 0.036890 0.080480 0.085360 
0.014750 0.040430 0.050680 0.038260 0.040900 
0.069580 0.058540 0.064720 0.010490 0.029920 
41
0.479817 0.014405 0.046210 
0.462778 0.970568 0.462022 
0.057405 0.015027 0.491768 
0.061619 0.010569 0.012959 0.014895 0.035576 
0.028387 0.008754 0.428210 0.016931 0.102089 
0.024892 0.012159 0.013346 0.012862 0.015664 
0.020176 0.029342 0.122231 0.008045 0.021294 
0.087130 0.033470 0.046870 0.049530 0.039770 
0.088610 0.033620 0.036890 0.080480 0.085360 
0.014750 0.040430 0.050680 0.038260 0.040900 
0.069580 0.058540 0.064720 0.010490 0.029920 
42
0.479817 0.014405 0.046210 
0.462778 0.970568 0.462022 
0.057405 0.015027 0.491768 
0.055122 0.006052 0.042752 0.070118 0.018284 
0.039958 0.029948 0.026330 0.055685 0.036893 
0.011616 0.037843 0.026760 0.034041 0.037796 
0.074447 0.329440 0.038108 0.007452 0.021356 
0.087130 0.033470 0.046870 0.049530 0.039770 
0.088610 0.033620 0.036890 0.080480 0.085360 
0.014750 0.040430 0.050680 0.038260 0.040900 
0.069580 0.058540 0.064720 0.010490 0.029920 
43
0.479817 0.014405 0.046210 
0.462778 0.970568 0.462022 
0.057405 0.015027 0.491768 
0.052307 0.003498 0.444466 0.073643 0.011463 
0.049963 0.013674 0.015861 0.042751 0.025450 
0.007849 0.061982 0.020578 0.029808 0.028795 
0.043807 0.034260 0.022554 0.004263 0.013029 
0.087130 0.033470 0.046870 0.049530 0.039770 
0.088610 0.033620 0.036890 0.080480 0.085360 
0.014750 0.040430 0.050680 0.038260 0.040900 
0.069580 0.058540 0.064720 0.010490 0.029920 
44
0.479817 0.014405 0.046210 
0.462778 0.970568 0.462022 
0.057405 0.015027 0.491768 
0.018684 0.004647 0.009485 0.011945 0.067596 
0.014321 0.011452 0.020416 0.011600 0.043453 
0.010245 0.009825 0.008674 0.008776 0.015122 
0.015118 0.014221 0.021382 0.622899 0.060140 
0.087130 0.033470 0.046870 0.049530 0.039770 
0.088610 0.033620 0.036890 0.080480 0.085360 
0.014750 0.040430 0.050680 0.038260 0.040900 
0.069580 0.058540 0.064720 0.010490 0.029920 
45
0.479817 0.014405 0.046210 
0.462778 0.970568 0.462022 
0.057405 0.015027 0.491768 
0.052746 0.004100 0.318845 0.095558 0.014427 
0.045690 0.015564 0.017548 0.046781 0.033758 
0.009116 0.063979 0.023566 0.035955 0.031827 
0.103970 0.039468 0.024904 0.006461 0.015737 
0.087130 0.033470 0.046870 0.049530 0.039770 
0.088610 0.033620 0.036890 0.080480 0.085360 
0.014750 0.040430 0.050680 0.038260 0.040900 
0.069580 0.058540 0.064720 0.010490 0.029920 
46
0.479817 0.014405 0.046210 
0.462778 0.970568 0.462022 
0.057405 0.015027 0.491768 
0.096030 0.003734 0.052916 0.068448 0.013686 
0.043332 0.016850 0.021903 0.285657 0.039411 
0.010948 0.034535 0.023740 0.100651 0.053121 
0.045285 0.037277 0.028650 0.006400 0.017427 
0.087130 0.033470 0.046870 0.049530 0.039770 
0.088610 0.033620 0.036890 0.080480 0.085360 
0.014750 0.040430 0.050680 0.038260 0.040900 
0.069580 0.058540 0.064720 0.010490 0.029920 
47
0.479817 0.014405 0.046210 
0.462778 0.970568 0.462022 
0.057405 0.015027 0.491768 
0.016473 0.004471 0.005519 0.009608 0.045905 
0.012796 0.005563 0.018947 0.007863 0.049634 
0.011975 0.005433 0.005642 0.005185 0.013720 
0.009795 0.008756 0.024336 0.700466 0.037911 
0.087130 0.033470 0.046870 0.049530 0.039770 
0.088610 0.033620 0.036890 0.080480 0.085360 
0.014750 0.040430 0.050680 0.038260 0.040900 
0.069580 0.058540 0.064720 0.010490 0.029920 
48
0.479817 0.014405 0.046210 
0.462778 0.970568 0.462022 
0.057405 0.015027 0.491768 
0.053877 0.002893 0.117030 0.432976 0.012290 
0.033397 0.012575 0.013848 0.047424 0.027964 
0.008498 0.025906 0.019299 0.044653 0.032677 
0.041012 0.032002 0.022237 0.005263 0.014177 
0.087130 0.033470 0.046870 0.049530 0.039770 
0.088610 0.033620 0.036890 0.080480 0.085360 
0.014750 0.040430 0.050680 0.038260 0.040900 
0.069580 0.058540 0.064720 0.010490 0.029920 
49
0.479817 0.014405 0.046210 
0.462778 0.970568 0.462022 
0.057405 0.015027 0.491768 
0.042859 0.003295 0.460890 0.102002 0.011016 
0.037262 0.013010 0.014516 0.040552 0.024238 
0.007425 0.054147 0.019906 0.029802 0.027852 
0.040967 0.032063 0.021332 0.004211 0.012654 
0.087130 0.033470 0.046870 0.049530 0.039770 
0.088610 0.033620 0.036890 0.080480 0.085360 
0.014750 0.040430 0.050680 0.038260 0.040900 
0.069580 0.058540 0.064720 0.010490 0.029920 
50
0.479817 0.014405 0.046210 
0.462778 0.970568 0.462022 
0.057405 0.015027 0.491768 
0.047763 0.004733 0.028762 0.033732 0.009900 
0.030856 0.010303 0.016226 0.030717 0.027991 
0.005913 0.018788 0.589032 0.017849 0.022418 
0.040427 0.027038 0.025003 0.003169 0.009380 
0.087130 0.033470 0.046870 0.049530 0.039770 
0.088610 0.033620 0.036890 0.080480 0.085360 
0.014750 0.040430 0.050680 0.038260 0.040900 
0.069580 0.058540 0.064720 0.010490 0.029920 
51
0.479817 0.014405 0.046210 
0.462778 0.970568 0.462022 
0.057405 0.015027 0.491768 
0.031007 0.007724 0.009407 0.013807 0.539652 
0.017343 0.008712 0.037962 0.011143 0.066196 
0.014017 0.008891 0.010263 0.010231 0.008277 
0.018459 0.019726 0.042117 0.026780 0.098287 
0.087130 0.033470 0.046870 0.049530 0.039770 
0.088610 0.033620 0.036890 0.080480 0.085360 
0.014750 0.040430 0.050680 0.038260 0.040900 
0.069580 0.058540 0.064720 0.010490 0.029920 
52
0.479817 0.014405 0.046210 
0.462778 0.970568 0.462022 
0.057405 0.015027 0.491768 
0.053366 0.004317 0.039970 0.051261 0.014503 
0.034728 0.016784 0.021738 0.091092 0.038000 
0.011479 0.032764 0.023475 0.036779 0.395564 
0.040040 0.038170 0.030171 0.007052 0.018748 
0.087130 0.033470 0.046870 0.049530 0.039770 
0.088610 0.033620 0.036890 0.080480 0.085360 
0.014750 0.040430 0.050680 0.038260 0.040900 
0.069580 0.058540 0.064720 0.010490 0.029920 
53
0.479817 0.014405 0.046210 
0.462778 0.970568 0.462022 
0.057405 0.015027 0.491768 
0.045058 0.009386 0.008444 0.010158 0.037072 
0.014891 0.007062 0.086830 0.010757 0.544834 
0.029746 0.008855 0.010117 0.010167 0.011301 
0.014059 0.022377 0.090473 0.008403 0.020011 
0.087130 0.033470 0.046870 0.049530 0.039770 
0.088610 0.033620 0.036890 0.080480 0.085360 
0.014750 0.040430 0.050680 0.038260 0.040900 
0.069580 0.058540 0.064720 0.010490 0.029920 
54
0.479817 0.014405 0.046210 
0.462778 0.970568 0.462022 
0.057405 0.015027 0.491768 
0.045086 0.005779 0.032390 0.033701 0.015703 
0.033814 0.012507 0.023385 0.033549 0.032031 
0.009335 0.029758 0.021727 0.024287 0.026163 
0.088788 0.474365 0.034895 0.005754 0.016982 
0.087130 0.033470 0.046870 0.049530 0.039770 
0.088610 0.033620 0.036890 0.080480 0.085360 
0.014750 0.040430 0.050680 0.038260 0.040900 
0.069580 0.058540 0.064720 0.010490 0.029920 
55
0.479817 0.014405 0.046210 
0.462778 0.970568 0.462022 
0.057405 0.015027 0.491768 
0.059294 0.009800 0.020179 0.024252 0.038207 
0.029016 0.011760 0.064729 0.025582 0.104724 
0.353839 0.018261 0.016151 0.019324 0.023073 
0.026854 0.031546 0.071656 0.010107 0.041646 
0.087130 0.033470 0.046870 0.049530 0.039770 
0.088610 0.033620 0.036890 0.080480 0.085360 
0.014750 0.040430 0.050680 0.038260 0.040900 
0.069580 0.058540 0.064720 0.010490 0.029920 
56
0.479817 0.014405 0.046210 
0.462778 0.970568 0.462022 
0.057405 0.015027 0.491768 
0.042686 0.003620 0.472227 0.055977 0.011482 
0.038152 0.013815 0.015502 0.042109 0.025608 
0.007806 0.053921 0.026422 0.028495 0.047550 
0.040998 0.033074 0.022499 0.004575 0.013480 
0.087130 0.033470 0.046870 0.049530 0.039770 
0.088610 0.033620 0.036890 0.080480 0.085360 
0.014750 0.040430 0.050680 0.038260 0.040900 
0.069580 0.058540 0.064720 0.010490 0.029920 
57
0.479817 0.014405 0.046210 
0.462778 0.970568 0.462022 
0.057405 0.015027 0.491768 
0.201879 0.009062 0.045492 0.062912 0.024342 
0.055064 0.016864 0.034563 0.045257 0.052420 
0.015146 0.039738 0.028295 0.032143 0.035373 
0.105380 0.114810 0.048448 0.008703 0.024108 
0.087130 0.033470 0.046870 0.049530 0.039770 
0.088610 0.033620 0.036890 0.080480 0.085360 
0.014750 0.040430 0.050680 0.038260 0.040900 
0.069580 0.058540 0.064720 0.010490 0.029920 
58
0.479817 0.014405 0.046210 
0.462778 0.970568 0.462022 
0.057405 0.015027 0.491768 
0.027180 0.008577 0.014995 0.017233 0.100835 
0.017734 0.027671 0.028524 0.018012 0.053860 
0.013629 0.017011 0.012339 0.012965 0.018542 
0.021947 0.020112 0.031241 0.030044 0.507548 
0.087130 0.033470 0.046870 0.049530 0.039770 
0.088610 0.033620 0.036890 0.080480 0.085360 
0.014750 0.040430 0.050680 0.038260 0.040900 
0.069580 0.058540 0.064720 0.010490 0.029920 
59
0.479817 0.014405 0.046210 
0.462778 0.970568 0.462022 
0.057405 0.015027 0.491768 
0.019007 0.004738 0.006764 0.010652 0.040572 
0.013898 0.005947 0.021768 0.009201 0.052456 
0.012534 0.006428 0.006544 0.006218 0.014174 
0.010959 0.010354 0.042506 0.671312 0.033968 
0.087130 0.033470 0.046870 0.049530 0.039770 
0.088610 0.033620 0.036890 0.080480 0.085360 
0.014750 0.040430 0.050680 0.038260 0.040900 
0.069580 0.058540 0.064720 0.010490 0.029920 
60
0.479817 0.014405 0.046210 
0.462778 0.970568 0.462022 
0.057405 0.015027 0.491768 
0.056039 0.004228 0.042381 0.054893 0.013990 
0.035084 0.024736 0.020718 0.417875 0.036736 
0.011773 0.033746 0.024019 0.038876 0.048643 
0.043828 0.038609 0.029217 0.006660 0.017948 
0.087130 0.033470 0.046870 0.049530 0.039770 
0.088610 0.033620 0.036890 0.080480 0.085360 
0.014750 0.040430 0.050680 0.038260 0.040900 
0.069580 0.058540 0.064720 0.010490 0.029920 
61
0.479817 0.014405 0.046210 
0.462778 0.970568 0.462022 
0.057405 0.015027 0.491768 
0.033449 0.006934 0.011457 0.015499 0.139781 
0.020414 0.022611 0.034013 0.015272 0.052772 
0.013425 0.018375 0.010164 0.014175 0.019094 
0.025446 0.024524 0.047132 0.026533 0.448930 
0.087130 0.033470 0.046870 0.049530 0.039770 
0.088610 0.033620 0.036890 0.080480 0.085360 
0.014750 0.040430 0.050680 0.038260 0.040900 
0.069580 0.058540 0.064720 0.010490 0.029920 
62
0.479817 0.014405 0.046210 
0.462778 0.970568 0.462022 
0.057405 0.015027 0.491768 
0.049737 0.004824 0.039427 0.048958 0.015591 
0.036115 0.015598 0.022051 0.049605 0.038695 
0.010972 0.030129 0.022882 0.446707 0.038687 
0.038390 0.036404 0.030787 0.006653 0.017788 
0.087130 0.033470 0.046870 0.049530 0.039770 
0.088610 0.033620 0.036890 0.080480 0.085360 
0.014750 0.040430 0.050680 0.038260 0.040900 
0.069580 0.058540 0.064720 0.010490 0.029920 
63
0.479817 0.014405 0.046210 
0.462778 0.970568 0.462022 
0.057405 0.015027 0.491768 
0.368971 0.011996 0.029611 0.035913 0.024828 
0.074215 0.013561 0.036685 0.035005 0.057316 
0.016522 0.023922 0.020773 0.025404 0.037651 
0.052495 0.037892 0.066366 0.007960 0.022915 
0.087130 0.033470 0.046870 0.049530 0.039770 
0.088610 0.033620 0.036890 0.080480 0.085360 
0.014750 0.040430 0.050680 0.038260 0.040900 
0.069580 0.058540 0.064720 0.010490 0.029920 
64
0.479817 0.014405 0.046210 
0.462778 0.970568 0.462022 
0.057405 0.015027 0.491768 
0.051612 0.003344 0.068306 0.460297 0.012560 
0.043565 0.013399 0.015074 0.047861 0.029027 
0.008798 0.026915 0.020149 0.040277 0.034460 
0.039770 0.040639 0.023488 0.005550 0.014908 
0.087130 0.033470 0.046870 0.049530 0.039770 
0.088610 0.033620 0.036890 0.080480 0.085360 
0.014750 0.040430 0.050680 0.038260 0.040900 
0.069580 0.058540 0.064720 0.010490 0.029920 
65
0.479817 0.014405 0.046210 
0.462778 0.970568 0.462022 
0.057405 0.015027 0.491768 
0.045735 0.004953 0.043384 0.068791 0.011157 
0.034576 0.018789 0.018012 0.387818 0.032191 
0.009982 0.035917 0.027741 0.045907 0.090272 
0.043510 0.037848 0.025084 0.004508 0.013823 
0.087130 0.033470 0.046870 0.049530 0.039770 
0.088610 0.033620 0.036890 0.080480 0.085360 
0.014750 0.040430 0.050680 0.038260 0.040900 
0.069580 0.058540 0.064720 0.010490 0.029920 
66
0.479817 0.014405 0.046210 
0.462778 0.970568 0.462022 
0.057405 0.015027 0.491768 
0.051677 0.002994 0.102784 0.456985 0.012102 
0.033360 0.012588 0.013763 0.046144 0.027459 
0.008329 0.025560 0.019382 0.041972 0.032336 
0.039668 0.031556 0.021973 0.005244 0.014123 
0.087130 0.033470 0.046870 0.049530 0.039770 
0.088610 0.033620 0.036890 0.080480 0.085360 
0.014750 0.040430 0.050680 0.038260 0.040900 
0.069580 0.058540 0.064720 0.010490 0.029920 
67
0.479817 0.014405 0.046210 
0.462778 0.970568 0.462022 
0.057405 0.015027 0.491768 
0.071784 0.003939 0.054565 0.061894 0.014144 
0.035809 0.017111 0.022606 0.313670 0.039971 
0.011520 0.034537 0.024481 0.042593 0.103036 
0.047872 0.045288 0.029959 0.006823 0.018396 
0.087130 0.033470 0.046870 0.049530 0.039770 
0.088610 0.033620 0.036890 0.080480 0.085360 
0.014750 0.040430 0.050680 0.038260 0.040900 
0.069580 0.058540 0.064720 0.010490 0.029920 
68
0.479817 0.014405 0.046210 
0.462778 0.970568 0.462022 
0.057405 0.015027 0.491768 
0.055966 0.004136 0.042370 0.054603 0.013577 
0.055781 0.016601 0.020007 0.402395 0.035475 
0.010566 0.033379 0.024112 0.038373 0.049666 
0.043942 0.046633 0.028356 0.006508 0.017554 
0.087130 0.033470 0.046870 0.049530 0.039770 
0.088610 0.033620 0.036890 0.080480 0.085360 
0.014750 0.040430 0.050680 0.038260 0.040900 
0.069580 0.058540 0.064720 0.010490 0.029920 
69
0.479817 0.014405 0.046210 
0.462778 0.970568 0.462022 
0.057405 0.015027 0.491768 
0.051866 0.009239 0.009127 0.010963 0.036033 
0.015517 0.007265 0.084161 0.011645 0.537239 
0.024657 0.009345 0.010355 0.010396 0.011951 
0.014765 0.028082 0.089351 0.008240 0.019802 
0.087130 0.033470 0.046870 0.049530 0.039770 
0.088610 0.033620 0.036890 0.080480 0.085360 
0.014750 0.040430 0.050680 0.038260 0.040900 
0.069580 0.058540 0.064720 0.010490 0.029920 
70
0.479817 0.014405 0.046210 
0.462778 0.970568 0.462022 
0.057405 0.015027 0.491768 
0.028841 0.005115 0.017023 0.017443 0.054376 
0.027532 0.014625 0.021515 0.018818 0.037441 
0.009225 0.014561 0.013586 0.013179 0.017574 
0.022224 0.020942 0.030947 0.013565 0.601469 
0.087130 0.033470 0.046870 0.049530 0.039770 
0.088610 0.033620 0.036890 0.080480 0.085360 
0.014750 0.040430 0.050680 0.038260 0.040900 
0.069580 0.058540 0.064720 0.010490 0.029920 
71
0.479817 0.014405 0.046210 
0.462778 0.970568 0.462022 
0.057405 0.026326 0.479987 
0.464265 0.010177 0.026696 0.031079 0.021492 
0.047622 0.012011 0.030991 0.029963 0.049497 
0.013878 0.021320 0.018989 0.021774 0.025637 
0.065284 0.033579 0.049236 0.006895 0.019612 
0.087128 0.033469 0.046869 0.049529 0.039769 
0.088608 0.033619 0.036909 0.080478 0.085358 
0.014750 0.040429 0.050679 0.038259 0.040899 
0.069579 0.058539 0.064719 0.010490 0.029919 
72
0.479817 0.014405 0.045103 
0.462778 0.959269 0.474910 
0.057405 0.015027 0.491768 
0.046048 0.011437 0.008180 0.008409 0.035928 
0.015998 0.006762 0.381027 0.010746 0.100379 
0.020320 0.007923 0.011288 0.008092 0.010272 
0.015334 0.025977 0.249033 0.007026 0.019823 
0.087130 0.033470 0.046870 0.049530 0.039770 
0.088610 0.033620 0.036890 0.080480 0.085360 
0.014750 0.040430 0.050680 0.038260 0.040900 
0.069580 0.058540 0.064720 0.010490 0.029920 
73
0.479817 0.014405 0.046210 
0.462778 0.970568 0.462022 
0.057405 0.015027 0.491768 
0.059878 0.011079 0.020629 0.021038 0.264000 
0.034803 0.016281 0.097046 0.023266 0.142536 
0.024505 0.019751 0.017256 0.017234 0.022874 
0.028125 0.031153 0.078406 0.017572 0.052569 
0.087130 0.033470 0.046870 0.049530 0.039770 
0.088610 0.033620 0.036890 0.080480 0.085360 
0.014750 0.040430 0.050680 0.038260 0.040900 
0.069580 0.058540 0.064720 0.010490 0.029920 
74
0.479817 0.014405 0.046210 
0.462778 0.970568 0.462022 
0.057405 0.015027 0.491768 
0.051614 0.003591 0.426654 0.066592 0.011681 
0.040395 0.014211 0.016418 0.043772 0.025970 
0.008068 0.077278 0.021151 0.029947 0.029452 
0.056693 0.035847 0.023208 0.004240 0.013220 
0.087130 0.033470 0.046870 0.049530 0.039770 
0.088610 0.033620 0.036890 0.080480 0.085360 
0.014750 0.040430 0.050680 0.038260 0.040900 
0.069580 0.058540 0.064720 0.010490 0.029920 
75
0.479817 0.014405 0.046210 
0.462778 0.970568 0.462022 
0.057405 0.015027 0.491768 
0.442574 0.010883 0.026631 0.031863 0.025371 
0.047696 0.012283 0.035079 0.030884 0.055781 
0.015452 0.021651 0.018982 0.022655 0.026501 
0.051627 0.041906 0.054080 0.007319 0.020782 
0.087130 0.033470 0.046870 0.049530 0.039770 
0.088610 0.033620 0.036890 0.080480 0.085360 
0.014750 0.040430 0.050680 0.038260 0.040900 
0.069580 0.058540 0.064720 0.010490 0.029920 
76
0.479817 0.014405 0.046210 
0.462778 0.970568 0.462022 
0.057405 0.015027 0.491768 
0.039343 0.009175 0.007800 0.011350 0.465706 
0.015960 0.008123 0.075768 0.009544 0.110264 
0.022683 0.008506 0.009844 0.009646 0.008530 
0.016760 0.021258 0.073092 0.020459 0.056186 
0.087130 0.033470 0.046870 0.049530 0.039770 
0.088610 0.033620 0.036890 0.080480 0.085360 
0.014750 0.040430 0.050680 0.038260 0.040900 
0.069580 0.058540 0.064720 0.010490 0.029920 
77
0.479817 0.014405 0.046210 
0.462778 0.970568 0.462022 
0.057405 0.015027 0.491768 
0.268291 0.010712 0.036558 0.047027 0.023694 
0.056444 0.014915 0.033074 0.040747 0.051686 
0.015063 0.033541 0.024364 0.031240 0.032496 
0.144675 0.046308 0.058221 0.008071 0.022872 
0.087130 0.033470 0.046870 0.049530 0.039770 
0.088610 0.033620 0.036890 0.080480 0.085360 
0.014750 0.040430 0.050680 0.038260 0.040900 
0.069580 0.058540 0.064720 0.010490 0.029920 
78
0.479817 0.014405 0.046210 
0.462778 0.970568 0.462022 
0.057405 0.015027 0.491768 
0.055240 0.004490 0.044086 0.057376 0.014694 
0.035932 0.017238 0.020738 0.059546 0.036832 
0.011143 0.037136 0.023957 0.363466 0.080307 
0.042661 0.039868 0.029781 0.006906 0.018603 
0.087130 0.033470 0.046870 0.049530 0.039770 
0.088610 0.033620 0.036890 0.080480 0.085360 
0.014750 0.040430 0.050680 0.038260 0.040900 
0.069580 0.058540 0.064720 0.010490 0.029920 
79
0.479817 0.014405 0.046210 
0.462778 0.970568 0.462022 
0.057405 0.015027 0.491768 
0.051798 0.005633 0.061990 0.043403 0.016276 
0.055501 0.017599 0.018526 0.044774 0.032282 
0.009739 0.363544 0.027078 0.029716 0.035071 
0.094084 0.040525 0.026724 0.007062 0.018674 
0.087130 0.033470 0.046870 0.049530 0.039770 
0.088610 0.033620 0.036890 0.080480 0.085360 
0.014750 0.040430 0.050680 0.038260 0.040900 
0.069580 0.058540 0.064720 0.010490 0.029920 
80
0.479817 0.014405 0.046210 
0.462778 0.970568 0.462022 
0.057405 0.066895 0.441969 
0.060711 0.005416 0.058688 0.045453 0.016234 
0.059630 0.017664 0.019664 0.050668 0.034366 
0.010308 0.379237 0.026382 0.031775 0.038125 
0.052576 0.039189 0.027974 0.007129 0.018810 
0.087123 0.033467 0.046866 0.049525 0.039766 
0.088693 0.033617 0.036887 0.080473 0.085352 
0.014749 0.040426 0.050675 0.038256 0.040896 
0.069574 0.058535 0.064714 0.010489 0.029917 
81
0.479817 0.014405 0.041531 
0.462778 0.918700 0.516500 
0.057405 0.015027 0.491768 
0.075908 0.006751 0.038264 0.032650 0.020617 
0.405479 0.018577 0.030764 0.035729 0.043898 
0.014691 0.041557 0.025058 0.031255 0.027835 
0.051017 0.037796 0.031571 0.008435 0.022147 
0.087130 0.033470 0.046870 0.049530 0.039770 
0.088610 0.033620 0.036890 0.080480 0.085360 
0.014750 0.040430 0.050680 0.038260 0.040900 
0.069580 0.058540 0.064720 0.010490 0.029920 
82
0.479817 0.014405 0.046210 
0.462778 0.970568 0.462022 
0.057405 0.015027 0.491768 
0.067810 0.010521 0.041753 0.041270 0.053366 
0.056156 0.170727 0.047588 0.033311 0.091684 
0.028005 0.041474 0.024962 0.040169 0.034083 
0.047499 0.040643 0.055169 0.018505 0.055305 
0.087130 0.033470 0.046870 0.049530 0.039770 
0.088610 0.033620 0.036890 0.080480 0.085360 
0.014750 0.040430 0.050680 0.038260 0.040900 
0.069580 0.058540 0.064720 0.010490 0.029920 
83
0.479817 0.014405 0.046210 
0.462778 0.970568 0.462022 
0.057405 0.015027 0.491768 
0.066328 0.005826 0.062168 0.081120 0.020425 
0.044535 0.018823 0.027595 0.058431 0.044096 
0.013125 0.068796 0.027320 0.140131 0.042220 
0.059692 0.152328 0.035957 0.008552 0.022532 
0.087130 0.033470 0.046870 0.049530 0.039770 
0.088610 0.033620 0.036890 0.080480 0.085360 
