%  SAM: modelfromalign v3.5 (July 15, 2005) compiled 12/05/20_11:48:22
%  (c) 1992-2001 Regents of the University of California, Santa Cruz
%
%          Sequence Alignment and Modeling Software System
%         http://www.cse.ucsc.edu/research/compbio/sam.html
%
% ----------------- Citations (SAM, SAM-T2K, HMMs) --------------------
% R. Hughey, A. Krogh, Hidden Markov models for sequence analysis:
%  Extension and analysis of the basic method, CABIOS 12:95-107, 1996.
% K. Karplus, et al., What is the value added by human intervention in protein
%  structure prediction, Proteins: Stucture, Function, Genetics 45(S5):86--91, 2001.
% A. Krogh et al., Hidden Markov models in computational biology:
%  Applications to protein modeling, JMB 235:1501-1531, Feb 1994.
% ---------------------------------------------------------------------
%  trimmed-uniq   Host: gauntlet    Thu Feb 11 16:19:51 2021
%  dgpinheiro     Dir:  /data/GitHub/sfFinder/example/output/subfamily/TEST1/flowerpower/fp-workspace/iter2
% ---------------------------------------------------------------------
% Prior File:  Internal (Name: recode3.20comp) 
%   20 priors on 20 characters.
%  Alignment weights from internal calc.  Total (1.66) Max (0.01) Min (0.01)
%  Weights from alignment method 1 (karplus), b=0.500000, e=0.500000
MODEL --  Model from alignment file trimmed-uniq.a2m
alphabet protein
FREQAVE
0.000000 0.000000 0.000000 
0.000000 0.000000 0.000000 
0.000000 0.000000 0.000000 
0.073430 0.015300 0.056458 0.066691 0.050828 
0.061590 0.029062 0.052889 0.056910 0.086510 
0.026581 0.040714 0.044978 0.042599 0.051826 
0.058672 0.053546 0.061415 0.023200 0.046800 
0.073430 0.015300 0.056458 0.066691 0.050828 
0.061590 0.029062 0.052889 0.056910 0.086510 
0.026581 0.040714 0.044978 0.042599 0.051826 
0.058672 0.053546 0.061415 0.023200 0.046800 
Begin
0.000000 0.000000 0.000000 
0.000000 0.000000 0.000000 
0.000000 0.104745 0.832045 
0.000000 0.000000 0.000000 0.000000 0.000000 
0.000000 0.000000 0.000000 0.000000 0.000000 
0.000000 0.000000 0.000000 0.000000 0.000000 
0.000000 0.000000 0.000000 0.000000 0.000000 
0.087223 0.033411 0.046852 0.049477 0.039668 
0.088421 0.033540 0.036829 0.080822 0.085409 
0.014898 0.040494 0.050592 0.038248 0.041025 
0.069473 0.058566 0.064599 0.010464 0.029990 
1
0.000000 0.014405 0.057370 
0.000000 0.880850 0.110585 
0.040950 0.016501 0.491768 
0.076698 0.014131 0.039989 0.056530 0.048001 
0.043269 0.021241 0.079351 0.054346 0.123298 
0.042473 0.034309 0.034931 0.037244 0.047678 
0.054036 0.054059 0.089035 0.013553 0.035828 
0.087130 0.033470 0.046870 0.049530 0.039770 
0.088610 0.033620 0.036890 0.080480 0.085360 
0.014750 0.040430 0.050680 0.038260 0.040900 
0.069580 0.058540 0.064720 0.010490 0.029920 
2
0.628926 0.015817 0.046210 
0.330124 0.967682 0.462022 
0.040950 0.016501 0.491768 
0.181507 0.011235 0.048023 0.052366 0.034359 
0.068473 0.019764 0.053693 0.050622 0.077351 
0.020799 0.037427 0.045430 0.035159 0.042058 
0.057202 0.049668 0.071186 0.011935 0.031744 
0.087130 0.033470 0.046870 0.049530 0.039770 
0.088610 0.033620 0.036890 0.080480 0.085360 
0.014750 0.040430 0.050680 0.038260 0.040900 
0.069580 0.058540 0.064720 0.010490 0.029920 
3
0.626403 0.015817 0.046210 
0.332647 0.967682 0.462022 
0.041054 0.016487 0.491768 
0.076513 0.010969 0.031554 0.036799 0.042304 
0.039880 0.017180 0.074157 0.049483 0.270219 
0.028671 0.026823 0.024794 0.027884 0.035642 
0.036325 0.039833 0.084939 0.013460 0.032572 
0.087130 0.033470 0.046870 0.049530 0.039770 
0.088610 0.033620 0.036890 0.080480 0.085360 
0.014750 0.040430 0.050680 0.038260 0.040900 
0.069580 0.058540 0.064720 0.010490 0.029920 
4
0.627987 0.015803 0.046210 
0.330959 0.967710 0.462022 
0.041054 0.016487 0.491768 
0.070381 0.011145 0.025550 0.029272 0.041974 
0.034970 0.015456 0.074172 0.030704 0.349065 
0.026940 0.025570 0.021143 0.022869 0.028343 
0.031598 0.035989 0.083130 0.012201 0.029526 
0.087130 0.033470 0.046870 0.049530 0.039770 
0.088610 0.033620 0.036890 0.080480 0.085360 
0.014750 0.040430 0.050680 0.038260 0.040900 
0.069580 0.058540 0.064720 0.010490 0.029920 
5
0.627987 0.015803 0.046210 
0.330959 0.967710 0.462022 
0.041054 0.016487 0.491768 
0.077500 0.007314 0.071804 0.057512 0.024497 
0.067787 0.022622 0.029828 0.057151 0.049053 
0.014559 0.202686 0.033654 0.046984 0.044820 
0.065265 0.050556 0.039354 0.010350 0.026705 
0.087130 0.033470 0.046870 0.049530 0.039770 
0.088610 0.033620 0.036890 0.080480 0.085360 
0.014750 0.040430 0.050680 0.038260 0.040900 
0.069580 0.058540 0.064720 0.010490 0.029920 
6
0.585874 0.015803 0.046210 
0.373073 0.967710 0.462022 
0.042859 0.016253 0.491768 
0.067341 0.005842 0.047420 0.059078 0.020563 
0.045322 0.019802 0.031233 0.070275 0.052367 
0.015160 0.038140 0.028666 0.041577 0.288870 
0.048442 0.044592 0.040914 0.009551 0.024845 
0.087130 0.033470 0.046870 0.049530 0.039770 
0.088610 0.033620 0.036890 0.080480 0.085360 
0.014750 0.040430 0.050680 0.038260 0.040900 
0.069580 0.058540 0.064720 0.010490 0.029920 
7
0.611632 0.015580 0.046210 
0.345510 0.968167 0.462022 
0.042859 0.016253 0.491768 
0.067555 0.005306 0.235709 0.106051 0.019663 
0.054168 0.019475 0.024805 0.059162 0.041898 
0.012493 0.058468 0.029551 0.043069 0.048170 
0.065978 0.045022 0.033575 0.008209 0.021673 
0.087130 0.033470 0.046870 0.049530 0.039770 
0.088610 0.033620 0.036890 0.080480 0.085360 
0.014750 0.040430 0.050680 0.038260 0.040900 
0.069580 0.058540 0.064720 0.010490 0.029920 
8
0.611632 0.015580 0.046210 
0.345510 0.968167 0.462022 
0.042859 0.016253 0.491768 
0.064506 0.005089 0.286549 0.076569 0.017685 
0.051215 0.018639 0.023538 0.077025 0.039522 
0.011795 0.057204 0.028811 0.040690 0.042378 
0.054882 0.044118 0.032327 0.007364 0.020095 
0.087130 0.033470 0.046870 0.049530 0.039770 
0.088610 0.033620 0.036890 0.080480 0.085360 
0.014750 0.040430 0.050680 0.038260 0.040900 
0.069580 0.058540 0.064720 0.010490 0.029920 
9
0.611632 0.015580 0.046210 
0.345510 0.968167 0.462022 
0.042859 0.016253 0.491768 
0.045883 0.008202 0.021593 0.025646 0.062973 
0.034782 0.015684 0.039728 0.022609 0.072883 
0.018426 0.020737 0.016714 0.017307 0.025303 
0.029080 0.026826 0.048103 0.371424 0.076096 
0.087130 0.033470 0.046870 0.049530 0.039770 
0.088610 0.033620 0.036890 0.080480 0.085360 
0.014750 0.040430 0.050680 0.038260 0.040900 
0.069580 0.058540 0.064720 0.010490 0.029920 
10
0.609204 0.015580 0.046210 
0.347938 0.968167 0.462022 
0.042963 0.016241 0.491768 
0.068067 0.008638 0.031938 0.037346 0.062324 
0.043276 0.022521 0.042281 0.037376 0.066250 
0.017996 0.029581 0.022577 0.031930 0.037549 
0.041594 0.039787 0.054799 0.019279 0.284891 
0.087130 0.033470 0.046870 0.049530 0.039770 
0.088610 0.033620 0.036890 0.080480 0.085360 
0.014750 0.040430 0.050680 0.038260 0.040900 
0.069580 0.058540 0.064720 0.010490 0.029920 
11
0.610686 0.015567 0.046210 
0.346351 0.968192 0.462022 
0.042963 0.016241 0.491768 
0.061127 0.007349 0.284885 0.065657 0.019002 
0.054697 0.019444 0.025392 0.066654 0.040989 
0.012227 0.065208 0.029965 0.037074 0.041506 
0.059641 0.046457 0.033863 0.007764 0.021099 
0.087130 0.033470 0.046870 0.049530 0.039770 
0.088610 0.033620 0.036890 0.080480 0.085360 
0.014750 0.040430 0.050680 0.038260 0.040900 
0.069580 0.058540 0.064720 0.010490 0.029920 
12
0.361573 0.015567 0.046210 
0.595464 0.968192 0.462022 
0.057216 0.015038 0.491768 
0.080286 0.013267 0.025347 0.025138 0.046749 
0.048579 0.017032 0.148891 0.026416 0.142806 
0.038051 0.022847 0.022940 0.021023 0.027343 
0.034893 0.097258 0.113552 0.013053 0.034528 
0.087130 0.033470 0.046870 0.049530 0.039770 
0.088610 0.033620 0.036890 0.080480 0.085360 
0.014750 0.040430 0.050680 0.038260 0.040900 
0.069580 0.058540 0.064720 0.010490 0.029920 
13
0.481528 0.014415 0.046210 
0.461255 0.970546 0.462022 
0.057216 0.015038 0.491768 
0.179791 0.011068 0.043526 0.045898 0.028397 
0.064400 0.017441 0.040782 0.042229 0.059217 
0.017033 0.036363 0.030894 0.030869 0.034467 
0.123089 0.098661 0.058905 0.009736 0.027233 
0.087130 0.033470 0.046870 0.049530 0.039770 
0.088610 0.033620 0.036890 0.080480 0.085360 
0.014750 0.040430 0.050680 0.038260 0.040900 
0.069580 0.058540 0.064720 0.010490 0.029920 
14
0.479861 0.014415 0.046210 
0.462922 0.970546 0.462022 
0.057312 0.015033 0.491768 
0.059265 0.005584 0.042685 0.051639 0.018757 
0.042865 0.017922 0.027756 0.057391 0.047305 
0.013405 0.034080 0.026533 0.036349 0.367644 
0.042810 0.040386 0.037097 0.008450 0.022077 
0.087130 0.033470 0.046870 0.049530 0.039770 
0.088610 0.033620 0.036890 0.080480 0.085360 
0.014750 0.040430 0.050680 0.038260 0.040900 
0.069580 0.058540 0.064720 0.010490 0.029920 
15
0.480663 0.014410 0.046210 
0.462025 0.970557 0.462022 
0.057312 0.015033 0.491768 
0.056662 0.006241 0.220635 0.056091 0.020761 
0.114430 0.020516 0.022552 0.044339 0.036178 
0.011068 0.128532 0.030876 0.029989 0.032109 
0.069099 0.042305 0.028105 0.008261 0.021251 
0.087130 0.033470 0.046870 0.049530 0.039770 
0.088610 0.033620 0.036890 0.080480 0.085360 
0.014750 0.040430 0.050680 0.038260 0.040900 
0.069580 0.058540 0.064720 0.010490 0.029920 
16
0.480663 0.014410 0.046210 
0.462025 0.970557 0.462022 
0.057312 0.015033 0.491768 
0.066170 0.011830 0.015078 0.017033 0.043275 
0.025197 0.011226 0.087451 0.018327 0.339297 
0.034348 0.014209 0.014850 0.015312 0.019079 
0.022279 0.039238 0.168131 0.010722 0.026946 
0.087130 0.033470 0.046870 0.049530 0.039770 
0.088610 0.033620 0.036890 0.080480 0.085360 
0.014750 0.040430 0.050680 0.038260 0.040900 
0.069580 0.058540 0.064720 0.010490 0.029920 
17
0.479037 0.014410 0.046210 
0.463651 0.970557 0.462022 
0.057405 0.015027 0.491768 
0.060495 0.005467 0.277269 0.066888 0.018782 
0.081923 0.021468 0.022740 0.049257 0.036583 
0.011026 0.091796 0.028621 0.033875 0.034964 
0.060290 0.041508 0.029763 0.007394 0.019890 
0.087130 0.033470 0.046870 0.049530 0.039770 
0.088610 0.033620 0.036890 0.080480 0.085360 
0.014750 0.040430 0.050680 0.038260 0.040900 
0.069580 0.058540 0.064720 0.010490 0.029920 
18
0.479817 0.014405 0.046210 
0.462778 0.970568 0.462022 
0.057405 0.015027 0.491768 
0.025936 0.006081 0.012793 0.015435 0.039448 
0.022002 0.008151 0.024494 0.014055 0.053962 
0.012916 0.010743 0.010846 0.009607 0.017235 
0.016393 0.015348 0.030890 0.620446 0.033219 
0.087130 0.033470 0.046870 0.049530 0.039770 
0.088610 0.033620 0.036890 0.080480 0.085360 
0.014750 0.040430 0.050680 0.038260 0.040900 
0.069580 0.058540 0.064720 0.010490 0.029920 
19
0.479817 0.014405 0.046210 
0.462778 0.970568 0.462022 
0.057405 0.015027 0.491768 
0.075375 0.006146 0.160028 0.101798 0.022774 
0.054406 0.019593 0.028974 0.053214 0.045763 
0.013543 0.052523 0.031202 0.041787 0.039643 
0.072721 0.109902 0.037582 0.009186 0.023841 
0.087130 0.033470 0.046870 0.049530 0.039770 
0.088610 0.033620 0.036890 0.080480 0.085360 
0.014750 0.040430 0.050680 0.038260 0.040900 
0.069580 0.058540 0.064720 0.010490 0.029920 
20
0.479817 0.014405 0.046210 
0.462778 0.970568 0.462022 
0.057405 0.015027 0.491768 
0.082716 0.012321 0.029376 0.031492 0.060241 
0.043983 0.018113 0.079171 0.032004 0.228748 
0.027647 0.025925 0.033013 0.024516 0.031448 
0.036927 0.061556 0.090478 0.014151 0.036174 
0.087130 0.033470 0.046870 0.049530 0.039770 
0.088610 0.033620 0.036890 0.080480 0.085360 
0.014750 0.040430 0.050680 0.038260 0.040900 
0.069580 0.058540 0.064720 0.010490 0.029920 
21
0.479817 0.014405 0.046210 
0.462778 0.970568 0.462022 
0.057405 0.015027 0.491768 
0.068494 0.008300 0.048528 0.045341 0.022770 
0.067497 0.017417 0.029818 0.041995 0.040664 
0.012387 0.046408 0.031661 0.030757 0.032320 
0.238446 0.139672 0.044747 0.008559 0.024219 
0.087130 0.033470 0.046870 0.049530 0.039770 
0.088610 0.033620 0.036890 0.080480 0.085360 
0.014750 0.040430 0.050680 0.038260 0.040900 
0.069580 0.058540 0.064720 0.010490 0.029920 
22
0.479817 0.014405 0.046210 
0.462778 0.970568 0.462022 
0.057405 0.015027 0.491768 
0.042828 0.007151 0.021922 0.024278 0.065816 
0.032113 0.017692 0.035424 0.024404 0.057376 
0.014212 0.019661 0.017006 0.018464 0.023602 
0.029579 0.028820 0.045310 0.016912 0.457430 
0.087130 0.033470 0.046870 0.049530 0.039770 
0.088610 0.033620 0.036890 0.080480 0.085360 
0.014750 0.040430 0.050680 0.038260 0.040900 
0.069580 0.058540 0.064720 0.010490 0.029920 
23
0.479817 0.014405 0.046210 
0.462778 0.970568 0.462022 
0.057405 0.015027 0.491768 
0.076079 0.010911 0.031928 0.041995 0.033923 
0.041433 0.016283 0.084006 0.039029 0.080709 
0.020289 0.026631 0.025579 0.040552 0.034833 
0.040886 0.044356 0.271329 0.010277 0.028971 
0.087130 0.033470 0.046870 0.049530 0.039770 
0.088610 0.033620 0.036890 0.080480 0.085360 
0.014750 0.040430 0.050680 0.038260 0.040900 
0.069580 0.058540 0.064720 0.010490 0.029920 
24
0.479817 0.014405 0.046210 
0.462778 0.970568 0.462022 
0.057405 0.015027 0.491768 
0.071983 0.005918 0.233100 0.073543 0.020765 
0.060261 0.019639 0.025547 0.053081 0.041412 
0.012143 0.064777 0.046713 0.037685 0.038269 
0.083446 0.047526 0.033995 0.008308 0.021887 
0.087130 0.033470 0.046870 0.049530 0.039770 
0.088610 0.033620 0.036890 0.080480 0.085360 
0.014750 0.040430 0.050680 0.038260 0.040900 
0.069580 0.058540 0.064720 0.010490 0.029920 
25
0.479817 0.014405 0.046210 
0.462778 0.970568 0.462022 
0.057405 0.015027 0.491768 
0.075642 0.006832 0.052414 0.072245 0.028793 
0.061459 0.021998 0.041730 0.064271 0.063903 
0.025403 0.043410 0.107569 0.038088 0.106376 
0.052969 0.044309 0.048974 0.012558 0.031057 
0.087130 0.033470 0.046870 0.049530 0.039770 
0.088610 0.033620 0.036890 0.080480 0.085360 
0.014750 0.040430 0.050680 0.038260 0.040900 
0.069580 0.058540 0.064720 0.010490 0.029920 
26
0.479817 0.014405 0.046210 
0.462778 0.970568 0.462022 
0.057405 0.015027 0.491768 
0.129219 0.007416 0.097630 0.072449 0.025343 
0.068522 0.020628 0.033241 0.061720 0.053386 
0.015160 0.049641 0.035246 0.043889 0.043606 
0.113113 0.051113 0.042529 0.010069 0.026081 
0.087130 0.033470 0.046870 0.049530 0.039770 
0.088610 0.033620 0.036890 0.080480 0.085360 
0.014750 0.040430 0.050680 0.038260 0.040900 
0.069580 0.058540 0.064720 0.010490 0.029920 
27
0.479817 0.014405 0.046210 
0.462778 0.970568 0.462022 
0.057405 0.015027 0.491768 
0.075904 0.006176 0.078440 0.155337 0.025279 
0.046139 0.020053 0.038322 0.077341 0.060045 
0.017282 0.038466 0.031421 0.043209 0.051302 
0.049916 0.044849 0.102238 0.010757 0.027524 
0.087130 0.033470 0.046870 0.049530 0.039770 
0.088610 0.033620 0.036890 0.080480 0.085360 
0.014750 0.040430 0.050680 0.038260 0.040900 
0.069580 0.058540 0.064720 0.010490 0.029920 
28
0.479817 0.014405 0.046210 
0.462778 0.970568 0.462022 
0.057405 0.015027 0.491768 
0.228677 0.014628 0.024070 0.026945 0.039280 
0.047101 0.013919 0.084239 0.026521 0.103714 
0.025184 0.020365 0.022069 0.020901 0.026354 
0.041994 0.040026 0.153531 0.010746 0.029735 
0.087130 0.033470 0.046870 0.049530 0.039770 
0.088610 0.033620 0.036890 0.080480 0.085360 
0.014750 0.040430 0.050680 0.038260 0.040900 
0.069580 0.058540 0.064720 0.010490 0.029920 
29
0.479817 0.014405 0.046210 
0.462778 0.970568 0.462022 
0.057405 0.015027 0.491768 
0.046673 0.009442 0.016219 0.019706 0.428994 
0.026659 0.012103 0.053784 0.017681 0.086286 
0.019387 0.015083 0.014930 0.014971 0.015561 
0.025162 0.027260 0.059253 0.021877 0.068967 
0.087130 0.033470 0.046870 0.049530 0.039770 
0.088610 0.033620 0.036890 0.080480 0.085360 
0.014750 0.040430 0.050680 0.038260 0.040900 
0.069580 0.058540 0.064720 0.010490 0.029920 
30
0.479817 0.014405 0.046210 
0.462778 0.970568 0.462022 
0.057405 0.015027 0.491768 
0.046842 0.005110 0.034218 0.030360 0.017492 
0.045752 0.012151 0.022736 0.035083 0.037709 
0.007482 0.025549 0.504355 0.020240 0.025922 
0.039527 0.032530 0.033384 0.006317 0.017239 
0.087130 0.033470 0.046870 0.049530 0.039770 
0.088610 0.033620 0.036890 0.080480 0.085360 
0.014750 0.040430 0.050680 0.038260 0.040900 
0.069580 0.058540 0.064720 0.010490 0.029920 
31
0.479817 0.078498 0.046210 
0.462778 0.906475 0.462022 
0.044554 0.016057 0.491768 
0.140553 0.006150 0.069155 0.162084 0.023779 
0.052200 0.024200 0.032939 0.068396 0.055738 
0.015754 0.039392 0.028909 0.056417 0.051025 
0.053521 0.042797 0.041427 0.009895 0.025669 
0.087130 0.033470 0.046870 0.049530 0.039770 
0.088610 0.033620 0.036890 0.080480 0.085360 
0.014750 0.040430 0.050680 0.038260 0.040900 
0.069580 0.058540 0.064720 0.010490 0.029920 
32
0.596271 0.041465 0.046210 
0.359175 0.942479 0.462022 
0.041055 0.016486 0.491768 
0.076152 0.006609 0.068312 0.165085 0.024072 
0.055422 0.020480 0.034709 0.060898 0.049777 
0.014468 0.044487 0.031584 0.043745 0.046343 
0.127661 0.053162 0.040901 0.010117 0.026013 
0.087130 0.033470 0.046870 0.049530 0.039770 
0.088610 0.033620 0.036890 0.080480 0.085360 
0.014750 0.040430 0.050680 0.038260 0.040900 
0.069580 0.058540 0.064720 0.010490 0.029920 
33
0.421692 0.016195 0.046210 
0.537253 0.967319 0.462022 
0.051650 0.015409 0.491768 
0.052037 0.009603 0.022492 0.025117 0.087798 
0.040634 0.020219 0.049103 0.019579 0.096344 
0.022199 0.023605 0.017630 0.017087 0.025321 
0.031215 0.028082 0.056770 0.256482 0.098685 
0.087130 0.033470 0.046870 0.049530 0.039770 
0.088610 0.033620 0.036890 0.080480 0.085360 
0.014750 0.040430 0.050680 0.038260 0.040900 
0.069580 0.058540 0.064720 0.010490 0.029920 
34
0.433158 0.014770 0.046210 
0.515192 0.969821 0.462022 
0.057313 0.015033 0.491768 
0.073008 0.005519 0.105275 0.078897 0.019517 
0.058584 0.019333 0.026651 0.121250 0.044250 
0.012602 0.051856 0.035391 0.042810 0.047480 
0.135627 0.057185 0.034511 0.008257 0.021998 
0.087130 0.033470 0.046870 0.049530 0.039770 
0.088610 0.033620 0.036890 0.080480 0.085360 
0.014750 0.040430 0.050680 0.038260 0.040900 
0.069580 0.058540 0.064720 0.010490 0.029920 
35
0.479047 0.014410 0.046210 
0.463640 0.970557 0.462022 
0.057405 0.015027 0.491768 
0.071227 0.006539 0.053706 0.044930 0.021290 
0.325806 0.017928 0.030192 0.060983 0.040040 
0.014517 0.047329 0.030160 0.031761 0.041237 
0.055404 0.040914 0.033088 0.009166 0.023782 
0.087130 0.033470 0.046870 0.049530 0.039770 
0.088610 0.033620 0.036890 0.080480 0.085360 
0.014750 0.040430 0.050680 0.038260 0.040900 
0.069580 0.058540 0.064720 0.010490 0.029920 
36
0.479817 0.014405 0.046210 
0.462778 0.970568 0.462022 
0.057405 0.015027 0.491768 
0.135827 0.008898 0.058605 0.109949 0.041284 
0.059754 0.021676 0.045380 0.055657 0.071188 
0.019894 0.038778 0.031899 0.039285 0.046760 
0.059682 0.048675 0.055195 0.012947 0.038669 
0.087130 0.033470 0.046870 0.049530 0.039770 
0.088610 0.033620 0.036890 0.080480 0.085360 
0.014750 0.040430 0.050680 0.038260 0.040900 
0.069580 0.058540 0.064720 0.010490 0.029920 
37
0.479817 0.014405 0.046210 
0.462778 0.970568 0.462022 
0.057405 0.015027 0.491768 
0.074492 0.005679 0.061020 0.115274 0.024240 
0.155032 0.019374 0.030604 0.119223 0.048494 
0.014717 0.044663 0.032163 0.041433 0.048502 
0.053805 0.041327 0.036548 0.009339 0.024070 
0.087130 0.033470 0.046870 0.049530 0.039770 
0.088610 0.033620 0.036890 0.080480 0.085360 
0.014750 0.040430 0.050680 0.038260 0.040900 
0.069580 0.058540 0.064720 0.010490 0.029920 
38
0.479817 0.014405 0.046210 
0.462778 0.970568 0.462022 
0.057405 0.015027 0.491768 
0.059893 0.006067 0.218902 0.056201 0.019793 
0.191322 0.018614 0.022986 0.044686 0.036767 
0.011472 0.058065 0.029342 0.031336 0.039990 
0.056968 0.038302 0.029674 0.008320 0.021301 
0.087130 0.033470 0.046870 0.049530 0.039770 
0.088610 0.033620 0.036890 0.080480 0.085360 
0.014750 0.040430 0.050680 0.038260 0.040900 
0.069580 0.058540 0.064720 0.010490 0.029920 
39
0.479817 0.014405 0.046210 
0.462778 0.970568 0.462022 
0.057405 0.015027 0.491768 
0.053835 0.012574 0.010408 0.010733 0.039365 
0.020867 0.008217 0.316217 0.013379 0.107586 
0.022350 0.009841 0.013312 0.010018 0.012953 
0.018512 0.029651 0.259409 0.008037 0.022736 
0.087130 0.033470 0.046870 0.049530 0.039770 
0.088610 0.033620 0.036890 0.080480 0.085360 
0.014750 0.040430 0.050680 0.038260 0.040900 
0.069580 0.058540 0.064720 0.010490 0.029920 
40
0.479817 0.014405 0.046210 
0.462778 0.970568 0.462022 
0.057405 0.015027 0.491768 
0.073585 0.049458 0.047316 0.039835 0.036535 
0.076673 0.024618 0.053789 0.056682 0.068228 
0.018953 0.048018 0.118107 0.029263 0.038462 
0.059589 0.048613 0.064298 0.013625 0.034352 
0.087130 0.033470 0.046870 0.049530 0.039770 
0.088610 0.033620 0.036890 0.080480 0.085360 
0.014750 0.040430 0.050680 0.038260 0.040900 
0.069580 0.058540 0.064720 0.010490 0.029920 
41
0.479817 0.014405 0.046210 
0.462778 0.970568 0.462022 
0.057405 0.015027 0.491768 
0.093787 0.011985 0.039214 0.034555 0.038640 
0.159607 0.020422 0.081959 0.032961 0.070701 
0.023190 0.036144 0.033276 0.025301 0.031063 
0.055328 0.093371 0.070429 0.013317 0.034751 
0.087130 0.033470 0.046870 0.049530 0.039770 
0.088610 0.033620 0.036890 0.080480 0.085360 
0.014750 0.040430 0.050680 0.038260 0.040900 
0.069580 0.058540 0.064720 0.010490 0.029920 
42
0.479817 0.014405 0.046210 
0.462778 0.970568 0.462022 
0.057405 0.015027 0.491768 
0.070968 0.006237 0.062551 0.160662 0.023856 
0.050422 0.033050 0.031727 0.069980 0.050869 
0.015044 0.042806 0.030582 0.042620 0.048154 
0.058615 0.124431 0.040712 0.010203 0.026512 
0.087130 0.033470 0.046870 0.049530 0.039770 
0.088610 0.033620 0.036890 0.080480 0.085360 
0.014750 0.040430 0.050680 0.038260 0.040900 
0.069580 0.058540 0.064720 0.010490 0.029920 
43
0.479817 0.014405 0.046210 
0.462778 0.970568 0.462022 
0.057405 0.015027 0.491768 
0.204494 0.008386 0.092398 0.069545 0.025636 
0.074235 0.019229 0.037415 0.057485 0.059383 
0.016890 0.038959 0.030292 0.039031 0.044277 
0.053775 0.044244 0.048614 0.009721 0.025991 
0.087130 0.033470 0.046870 0.049530 0.039770 
0.088610 0.033620 0.036890 0.080480 0.085360 
0.014750 0.040430 0.050680 0.038260 0.040900 
0.069580 0.058540 0.064720 0.010490 0.029920 
44
0.479817 0.014405 0.046210 
0.462778 0.970568 0.462022 
0.057405 0.015027 0.491768 
0.018684 0.004647 0.009485 0.011945 0.067596 
0.014321 0.011452 0.020416 0.011600 0.043453 
0.010245 0.009825 0.008674 0.008776 0.015122 
0.015118 0.014221 0.021382 0.622899 0.060140 
0.087130 0.033470 0.046870 0.049530 0.039770 
0.088610 0.033620 0.036890 0.080480 0.085360 
0.014750 0.040430 0.050680 0.038260 0.040900 
0.069580 0.058540 0.064720 0.010490 0.029920 
45
0.479817 0.014405 0.046210 
0.462778 0.970568 0.462022 
0.057405 0.015027 0.491768 
0.062085 0.004987 0.276983 0.102574 0.018405 
0.050768 0.018181 0.022459 0.053784 0.044071 
0.011530 0.057982 0.027458 0.041025 0.038629 
0.067016 0.042437 0.030836 0.008748 0.020041 
0.087130 0.033470 0.046870 0.049530 0.039770 
0.088610 0.033620 0.036890 0.080480 0.085360 
0.014750 0.040430 0.050680 0.038260 0.040900 
0.069580 0.058540 0.064720 0.010490 0.029920 
46
0.479817 0.014405 0.046210 
0.462778 0.970568 0.462022 
0.057405 0.015027 0.491768 
0.099420 0.004762 0.128923 0.076074 0.017944 
0.059312 0.018465 0.027986 0.172144 0.047532 
0.013298 0.044232 0.031000 0.046976 0.053545 
0.052947 0.041772 0.034903 0.007777 0.020989 
0.087130 0.033470 0.046870 0.049530 0.039770 
0.088610 0.033620 0.036890 0.080480 0.085360 
0.014750 0.040430 0.050680 0.038260 0.040900 
0.069580 0.058540 0.064720 0.010490 0.029920 
47
0.479817 0.014405 0.046210 
0.462778 0.970568 0.462022 
0.057405 0.015027 0.491768 
0.026152 0.005839 0.009886 0.014576 0.053922 
0.017906 0.007990 0.027579 0.012985 0.062112 
0.014938 0.009444 0.008769 0.009110 0.017587 
0.015269 0.014592 0.034088 0.593574 0.043682 
0.087130 0.033470 0.046870 0.049530 0.039770 
0.088610 0.033620 0.036890 0.080480 0.085360 
0.014750 0.040430 0.050680 0.038260 0.040900 
0.069580 0.058540 0.064720 0.010490 0.029920 
48
0.479817 0.014405 0.046210 
0.462778 0.970568 0.462022 
0.057405 0.015027 0.491768 
0.059557 0.003948 0.284570 0.167188 0.015403 
0.044115 0.015961 0.018729 0.052921 0.033508 
0.010067 0.050900 0.023959 0.043197 0.036370 
0.050949 0.038392 0.026939 0.006254 0.017073 
0.087130 0.033470 0.046870 0.049530 0.039770 
0.088610 0.033620 0.036890 0.080480 0.085360 
0.014750 0.040430 0.050680 0.038260 0.040900 
0.069580 0.058540 0.064720 0.010490 0.029920 
49
0.479817 0.014405 0.046210 
0.462778 0.970568 0.462022 
0.057405 0.015027 0.491768 
0.065245 0.003609 0.163961 0.289286 0.015629 
0.040688 0.015399 0.018312 0.056960 0.035185 
0.010452 0.035215 0.022947 0.050008 0.039050 
0.049383 0.037530 0.027030 0.006621 0.017491 
0.087130 0.033470 0.046870 0.049530 0.039770 
0.088610 0.033620 0.036890 0.080480 0.085360 
0.014750 0.040430 0.050680 0.038260 0.040900 
0.069580 0.058540 0.064720 0.010490 0.029920 
50
0.479817 0.014405 0.046210 
0.462778 0.970568 0.462022 
0.057405 0.015027 0.491768 
0.047763 0.004733 0.028762 0.033732 0.009900 
0.030856 0.010303 0.016226 0.030717 0.027991 
0.005913 0.018788 0.589032 0.017849 0.022418 
0.040427 0.027038 0.025003 0.003169 0.009380 
0.087130 0.033470 0.046870 0.049530 0.039770 
0.088610 0.033620 0.036890 0.080480 0.085360 
0.014750 0.040430 0.050680 0.038260 0.040900 
0.069580 0.058540 0.064720 0.010490 0.029920 
51
0.479817 0.014405 0.046210 
0.462778 0.970568 0.462022 
0.057405 0.015027 0.491768 
0.045472 0.009532 0.015486 0.019280 0.402910 
0.027099 0.013273 0.049727 0.016286 0.081318 
0.018453 0.015051 0.014501 0.014589 0.014630 
0.025826 0.026964 0.056744 0.026499 0.106358 
0.087130 0.033470 0.046870 0.049530 0.039770 
0.088610 0.033620 0.036890 0.080480 0.085360 
0.014750 0.040430 0.050680 0.038260 0.040900 
0.069580 0.058540 0.064720 0.010490 0.029920 
52
0.479817 0.014405 0.046210 
0.462778 0.970568 0.462022 
0.057405 0.015027 0.491768 
0.065333 0.005030 0.046508 0.059772 0.018067 
0.041184 0.019138 0.028217 0.101639 0.048015 
0.014230 0.037255 0.027187 0.042164 0.288772 
0.045937 0.042915 0.037033 0.008690 0.022915 
0.087130 0.033470 0.046870 0.049530 0.039770 
0.088610 0.033620 0.036890 0.080480 0.085360 
0.014750 0.040430 0.050680 0.038260 0.040900 
0.069580 0.058540 0.064720 0.010490 0.029920 
53
0.479817 0.014405 0.046210 
0.462778 0.970568 0.462022 
0.057405 0.015027 0.491768 
0.065622 0.012584 0.013550 0.014784 0.043694 
0.025042 0.010530 0.121125 0.016473 0.239425 
0.030177 0.012831 0.015034 0.013917 0.017290 
0.021584 0.030902 0.258399 0.010291 0.026747 
0.087130 0.033470 0.046870 0.049530 0.039770 
0.088610 0.033620 0.036890 0.080480 0.085360 
0.014750 0.040430 0.050680 0.038260 0.040900 
0.069580 0.058540 0.064720 0.010490 0.029920 
54
0.479817 0.014405 0.046210 
0.462778 0.970568 0.462022 
0.057405 0.015027 0.491768 
0.063655 0.008038 0.044186 0.042204 0.021780 
0.048535 0.016036 0.030413 0.038837 0.039163 
0.011913 0.042320 0.029611 0.029493 0.030132 
0.232090 0.194696 0.045855 0.007890 0.023154 
0.087130 0.033470 0.046870 0.049530 0.039770 
0.088610 0.033620 0.036890 0.080480 0.085360 
0.014750 0.040430 0.050680 0.038260 0.040900 
0.069580 0.058540 0.064720 0.010490 0.029920 
55
0.479817 0.014405 0.046210 
0.462778 0.970568 0.462022 
0.057405 0.015027 0.491768 
0.061694 0.011164 0.023754 0.025212 0.153438 
0.045703 0.023744 0.059739 0.021108 0.088535 
0.034306 0.024962 0.018846 0.019546 0.025020 
0.034857 0.034126 0.069524 0.028273 0.196449 
0.087130 0.033470 0.046870 0.049530 0.039770 
0.088610 0.033620 0.036890 0.080480 0.085360 
0.014750 0.040430 0.050680 0.038260 0.040900 
0.069580 0.058540 0.064720 0.010490 0.029920 
56
0.479817 0.014405 0.046210 
0.462778 0.970568 0.462022 
0.057405 0.015027 0.491768 
0.068128 0.005336 0.115648 0.062010 0.019632 
0.046362 0.019655 0.029127 0.066713 0.049070 
0.014401 0.039683 0.033034 0.041574 0.228583 
0.048257 0.042429 0.037440 0.009159 0.023759 
0.087130 0.033470 0.046870 0.049530 0.039770 
0.088610 0.033620 0.036890 0.080480 0.085360 
0.014750 0.040430 0.050680 0.038260 0.040900 
0.069580 0.058540 0.064720 0.010490 0.029920 
57
0.479817 0.014405 0.046210 
0.462778 0.970568 0.462022 
0.057405 0.015027 0.491768 
0.115534 0.004392 0.145620 0.195216 0.018955 
0.046765 0.017098 0.023819 0.063182 0.043260 
0.012314 0.040022 0.025027 0.050589 0.043172 
0.056389 0.039040 0.031605 0.007821 0.020182 
0.087130 0.033470 0.046870 0.049530 0.039770 
0.088610 0.033620 0.036890 0.080480 0.085360 
0.014750 0.040430 0.050680 0.038260 0.040900 
0.069580 0.058540 0.064720 0.010490 0.029920 
58
0.479817 0.014405 0.046210 
0.462778 0.970568 0.462022 
0.057405 0.015027 0.491768 
0.027180 0.008577 0.014995 0.017233 0.100835 
0.017734 0.027671 0.028524 0.018012 0.053860 
0.013629 0.017011 0.012339 0.012965 0.018542 
0.021947 0.020112 0.031241 0.030044 0.507548 
0.087130 0.033470 0.046870 0.049530 0.039770 
0.088610 0.033620 0.036890 0.080480 0.085360 
0.014750 0.040430 0.050680 0.038260 0.040900 
0.069580 0.058540 0.064720 0.010490 0.029920 
59
0.479817 0.014405 0.046210 
0.462778 0.970568 0.462022 
0.057405 0.015027 0.491768 
0.071775 0.013097 0.019620 0.021550 0.042351 
0.034476 0.012591 0.112409 0.023245 0.105320 
0.023956 0.017595 0.020138 0.017352 0.022106 
0.030567 0.037146 0.322809 0.022039 0.029859 
0.087130 0.033470 0.046870 0.049530 0.039770 
0.088610 0.033620 0.036890 0.080480 0.085360 
0.014750 0.040430 0.050680 0.038260 0.040900 
0.069580 0.058540 0.064720 0.010490 0.029920 
60
0.479817 0.014405 0.046210 
0.462778 0.970568 0.462022 
0.057405 0.015027 0.491768 
0.084480 0.006790 0.044754 0.056140 0.030187 
0.051421 0.024396 0.054217 0.101151 0.082570 
0.068045 0.034617 0.025696 0.038745 0.108716 
0.042647 0.040115 0.057844 0.013378 0.034092 
0.087130 0.033470 0.046870 0.049530 0.039770 
0.088610 0.033620 0.036890 0.080480 0.085360 
0.014750 0.040430 0.050680 0.038260 0.040900 
0.069580 0.058540 0.064720 0.010490 0.029920 
61
0.479817 0.014405 0.046210 
0.462778 0.970568 0.462022 
0.057405 0.015027 0.491768 
0.077261 0.014062 0.021520 0.021246 0.056101 
0.044622 0.015649 0.173525 0.023702 0.107382 
0.025932 0.022226 0.022517 0.017846 0.024947 
0.030640 0.039474 0.202823 0.012783 0.045744 
0.087130 0.033470 0.046870 0.049530 0.039770 
0.088610 0.033620 0.036890 0.080480 0.085360 
0.014750 0.040430 0.050680 0.038260 0.040900 
0.069580 0.058540 0.064720 0.010490 0.029920 
62
0.479817 0.014405 0.046210 
0.462778 0.970568 0.462022 
0.057405 0.015027 0.491768 
0.062717 0.005885 0.048529 0.061203 0.019834 
0.042890 0.018470 0.028158 0.059513 0.048539 
0.013717 0.035917 0.026757 0.322935 0.045999 
0.046737 0.043691 0.038197 0.008222 0.022089 
0.087130 0.033470 0.046870 0.049530 0.039770 
0.088610 0.033620 0.036890 0.080480 0.085360 
0.014750 0.040430 0.050680 0.038260 0.040900 
0.069580 0.058540 0.064720 0.010490 0.029920 
63
0.479817 0.014405 0.046210 
0.462778 0.970568 0.462022 
0.057405 0.015027 0.491768 
0.128480 0.006684 0.045837 0.057746 0.024164 
0.065456 0.019088 0.039148 0.065114 0.062394 
0.017839 0.035596 0.028053 0.039378 0.181123 
0.050845 0.041205 0.053951 0.010543 0.027354 
0.087130 0.033470 0.046870 0.049530 0.039770 
0.088610 0.033620 0.036890 0.080480 0.085360 
0.014750 0.040430 0.050680 0.038260 0.040900 
0.069580 0.058540 0.064720 0.010490 0.029920 
64
0.479817 0.014405 0.046210 
0.462778 0.970568 0.462022 
0.057405 0.015027 0.491768 
0.066679 0.003496 0.156941 0.281262 0.015792 
0.047517 0.015238 0.018333 0.057205 0.035316 
0.010483 0.035511 0.022481 0.051074 0.038640 
0.050166 0.043036 0.026791 0.006630 0.017409 
0.087130 0.033470 0.046870 0.049530 0.039770 
0.088610 0.033620 0.036890 0.080480 0.085360 
0.014750 0.040430 0.050680 0.038260 0.040900 
0.069580 0.058540 0.064720 0.010490 0.029920 
65
0.479817 0.014405 0.046210 
0.462778 0.970568 0.462022 
0.057405 0.015027 0.491768 
0.045735 0.004953 0.043384 0.068791 0.011157 
0.034576 0.018789 0.018012 0.387818 0.032191 
0.009982 0.035917 0.027741 0.045907 0.090272 
0.043510 0.037848 0.025084 0.004508 0.013823 
0.087130 0.033470 0.046870 0.049530 0.039770 
0.088610 0.033620 0.036890 0.080480 0.085360 
0.014750 0.040430 0.050680 0.038260 0.040900 
0.069580 0.058540 0.064720 0.010490 0.029920 
66
0.479817 0.014405 0.046210 
0.462778 0.970568 0.462022 
0.057405 0.015027 0.491768 
0.061721 0.003736 0.109555 0.360375 0.014960 
0.039225 0.015353 0.017907 0.055926 0.034275 
0.010253 0.031930 0.022919 0.047261 0.039538 
0.046720 0.037483 0.026996 0.006528 0.017341 
0.087130 0.033470 0.046870 0.049530 0.039770 
0.088610 0.033620 0.036890 0.080480 0.085360 
0.014750 0.040430 0.050680 0.038260 0.040900 
0.069580 0.058540 0.064720 0.010490 0.029920 
67
0.479817 0.014405 0.046210 
0.462778 0.970568 0.462022 
0.057405 0.015027 0.491768 
0.137539 0.007425 0.061912 0.062165 0.025671 
0.065674 0.020616 0.036822 0.070460 0.057861 
0.016309 0.044640 0.035959 0.040163 0.067499 
0.111092 0.054609 0.045924 0.010401 0.027257 
0.087130 0.033470 0.046870 0.049530 0.039770 
0.088610 0.033620 0.036890 0.080480 0.085360 
0.014750 0.040430 0.050680 0.038260 0.040900 
0.069580 0.058540 0.064720 0.010490 0.029920 
68
0.479817 0.014405 0.046210 
0.462778 0.970568 0.462022 
0.057405 0.015027 0.491768 
0.071975 0.007181 0.056225 0.048537 0.023057 
0.212459 0.019573 0.029729 0.075222 0.043560 
0.014054 0.055362 0.035859 0.032398 0.039161 
0.113958 0.051532 0.035629 0.009641 0.024888 
0.087130 0.033470 0.046870 0.049530 0.039770 
0.088610 0.033620 0.036890 0.080480 0.085360 
0.014750 0.040430 0.050680 0.038260 0.040900 
0.069580 0.058540 0.064720 0.010490 0.029920 
69
0.479817 0.014405 0.046210 
0.462778 0.970568 0.462022 
0.057405 0.015027 0.491768 
0.073294 0.012661 0.014324 0.015508 0.042743 
0.026209 0.010851 0.120435 0.017308 0.229523 
0.026768 0.013358 0.015621 0.014081 0.017985 
0.022710 0.036422 0.253371 0.010091 0.026739 
0.087130 0.033470 0.046870 0.049530 0.039770 
0.088610 0.033620 0.036890 0.080480 0.085360 
0.014750 0.040430 0.050680 0.038260 0.040900 
0.069580 0.058540 0.064720 0.010490 0.029920 
70
0.479817 0.014405 0.046210 
0.462778 0.970568 0.462022 
0.057405 0.015027 0.491768 
0.075292 0.007635 0.050999 0.051990 0.029503 
0.155026 0.021056 0.042193 0.108512 0.059207 
0.018305 0.044731 0.036710 0.035445 0.046254 
0.053730 0.044549 0.047932 0.012029 0.058906 
0.087130 0.033470 0.046870 0.049530 0.039770 
0.088610 0.033620 0.036890 0.080480 0.085360 
0.014750 0.040430 0.050680 0.038260 0.040900 
0.069580 0.058540 0.064720 0.010490 0.029920 
71
0.479817 0.014405 0.046210 
0.462778 0.970568 0.462022 
0.057405 0.026326 0.479987 
0.360974 0.011271 0.033150 0.039049 0.025627 
0.055939 0.014469 0.037946 0.037663 0.059617 
0.016606 0.026079 0.022960 0.026958 0.031576 
0.071255 0.039810 0.057248 0.008316 0.023487 
0.087128 0.033469 0.046869 0.049529 0.039769 
0.088608 0.033619 0.036909 0.080478 0.085358 
0.014750 0.040429 0.050679 0.038259 0.040899 
0.069579 0.058539 0.064719 0.010490 0.029919 
72
0.479817 0.014405 0.045103 
0.462778 0.959269 0.474910 
0.057405 0.015027 0.491768 
0.052736 0.012905 0.009608 0.009526 0.038453 
0.019202 0.007753 0.268863 0.012502 0.102624 
0.020702 0.008992 0.012994 0.009001 0.011885 
0.017933 0.029653 0.325170 0.007468 0.022029 
0.087130 0.033470 0.046870 0.049530 0.039770 
0.088610 0.033620 0.036890 0.080480 0.085360 
0.014750 0.040430 0.050680 0.038260 0.040900 
0.069580 0.058540 0.064720 0.010490 0.029920 
73
0.479817 0.014405 0.046210 
0.462778 0.970568 0.462022 
0.057405 0.015027 0.491768 
0.082083 0.007095 0.054720 0.058992 0.030121 
0.057984 0.021685 0.053265 0.075245 0.078025 
0.019025 0.042735 0.036351 0.039376 0.104294 
0.099004 0.045029 0.050767 0.012474 0.031730 
0.087130 0.033470 0.046870 0.049530 0.039770 
0.088610 0.033620 0.036890 0.080480 0.085360 
0.014750 0.040430 0.050680 0.038260 0.040900 
0.069580 0.058540 0.064720 0.010490 0.029920 
74
0.479817 0.014405 0.046210 
0.462778 0.970568 0.462022 
0.057405 0.015027 0.491768 
0.070240 0.005741 0.162275 0.118647 0.021956 
0.061866 0.021085 0.024684 0.055778 0.041890 
0.012199 0.116980 0.029692 0.038939 0.039689 
0.072495 0.042706 0.031137 0.009163 0.022837 
0.087130 0.033470 0.046870 0.049530 0.039770 
0.088610 0.033620 0.036890 0.080480 0.085360 
0.014750 0.040430 0.050680 0.038260 0.040900 
0.069580 0.058540 0.064720 0.010490 0.029920 
75
0.479817 0.014405 0.046210 
0.462778 0.970568 0.462022 
0.057405 0.015027 0.491768 
0.345236 0.011820 0.032749 0.039104 0.029583 
0.055381 0.014645 0.042052 0.037850 0.065546 
0.018038 0.026045 0.022908 0.027322 0.031988 
0.057166 0.047574 0.061681 0.008719 0.024593 
0.087130 0.033470 0.046870 0.049530 0.039770 
0.088610 0.033620 0.036890 0.080480 0.085360 
0.014750 0.040430 0.050680 0.038260 0.040900 
0.069580 0.058540 0.064720 0.010490 0.029920 
76
0.479817 0.014405 0.046210 
0.462778 0.970568 0.462022 
0.057405 0.015027 0.491768 
0.077947 0.013246 0.020861 0.021824 0.088705 
0.038863 0.016714 0.113373 0.022857 0.199770 
0.086824 0.019642 0.016684 0.019387 0.025854 
0.026385 0.034102 0.105390 0.014905 0.036668 
0.087130 0.033470 0.046870 0.049530 0.039770 
0.088610 0.033620 0.036890 0.080480 0.085360 
0.014750 0.040430 0.050680 0.038260 0.040900 
0.069580 0.058540 0.064720 0.010490 0.029920 
77
0.479817 0.014405 0.046210 
0.462778 0.970568 0.462022 
0.057405 0.015027 0.491768 
0.139659 0.013108 0.030465 0.035743 0.036030 
0.048202 0.016179 0.082197 0.034144 0.083137 
0.021613 0.027779 0.026411 0.026280 0.031737 
0.050284 0.044877 0.211074 0.010668 0.030413 
0.087130 0.033470 0.046870 0.049530 0.039770 
0.088610 0.033620 0.036890 0.080480 0.085360 
0.014750 0.040430 0.050680 0.038260 0.040900 
0.069580 0.058540 0.064720 0.010490 0.029920 
78
0.479817 0.014405 0.046210 
0.462778 0.970568 0.462022 
0.057405 0.015027 0.491768 
0.070514 0.005379 0.049082 0.062993 0.020013 
0.043816 0.019976 0.030880 0.070516 0.052066 
0.015312 0.041481 0.027908 0.087134 0.237460 
0.048011 0.043838 0.039425 0.009397 0.024797 
0.087130 0.033470 0.046870 0.049530 0.039770 
0.088610 0.033620 0.036890 0.080480 0.085360 
0.014750 0.040430 0.050680 0.038260 0.040900 
0.069580 0.058540 0.064720 0.010490 0.029920 
79
0.479817 0.014405 0.046210 
0.462778 0.970568 0.462022 
0.057405 0.015027 0.491768 
0.139478 0.009126 0.056144 0.051791 0.026552 
0.073543 0.020108 0.033882 0.048976 0.052326 
0.015165 0.072728 0.034311 0.034228 0.038410 
0.150058 0.058941 0.047010 0.010210 0.027015 
0.087130 0.033470 0.046870 0.049530 0.039770 
0.088610 0.033620 0.036890 0.080480 0.085360 
0.014750 0.040430 0.050680 0.038260 0.040900 
0.069580 0.058540 0.064720 0.010490 0.029920 
80
0.479817 0.014405 0.046210 
0.462778 0.970568 0.462022 
0.057405 0.066895 0.441969 
0.080593 0.006522 0.061575 0.053887 0.022492 
0.175972 0.020085 0.031095 0.108259 0.047303 
0.014681 0.087650 0.035424 0.036577 0.044904 
0.060431 0.042312 0.036027 0.009521 0.024692 
0.087123 0.033467 0.046866 0.049525 0.039766 
0.088693 0.033617 0.036887 0.080473 0.085352 
0.014749 0.040426 0.050675 0.038256 0.040896 
0.069574 0.058535 0.064714 0.010489 0.029917 
81
0.479817 0.014405 0.041531 
0.462778 0.918700 0.516500 
0.057405 0.015027 0.491768 
0.136901 0.011431 0.045385 0.046236 0.036694 
0.076168 0.025661 0.055434 0.044544 0.089857 
0.022561 0.037417 0.033122 0.037703 0.039321 
0.055838 0.091666 0.067232 0.012665 0.034162 
0.087130 0.033470 0.046870 0.049530 0.039770 
0.088610 0.033620 0.036890 0.080480 0.085360 
0.014750 0.040430 0.050680 0.038260 0.040900 
0.069580 0.058540 0.064720 0.010490 0.029920 
82
0.479817 0.014405 0.046210 
0.462778 0.970568 0.462022 
0.057405 0.015027 0.491768 
0.062537 0.010569 0.024571 0.026902 0.105982 
0.042760 0.023750 0.056839 0.024085 0.104247 
0.024414 0.025071 0.019662 0.023303 0.027313 
0.035562 0.034522 0.068230 0.025344 0.234334 
0.087130 0.033470 0.046870 0.049530 0.039770 
0.088610 0.033620 0.036890 0.080480 0.085360 
0.014750 0.040430 0.050680 0.038260 0.040900 
0.069580 0.058540 0.064720 0.010490 0.029920 
83
0.479817 0.014405 0.046210 
0.462778 0.970568 0.462022 
0.057405 0.015027 0.491768 
0.069995 0.004891 0.088471 0.244410 0.019213 
0.047250 0.019206 0.024173 0.064706 0.042876 
0.012665 0.070365 0.027224 0.047988 0.047154 
0.054211 0.051691 0.033000 0.008541 0.021971 
0.087130 0.033470 0.046870 0.049530 0.039770 
0.088610 0.033620 0.036890 0.080480 0.085360 
