%  SAM: modelfromalign v3.5 (July 15, 2005) compiled 12/05/20_11:48:22
%  (c) 1992-2001 Regents of the University of California, Santa Cruz
%
%          Sequence Alignment and Modeling Software System
%         http://www.cse.ucsc.edu/research/compbio/sam.html
%
% ----------------- Citations (SAM, SAM-T2K, HMMs) --------------------
% R. Hughey, A. Krogh, Hidden Markov models for sequence analysis:
%  Extension and analysis of the basic method, CABIOS 12:95-107, 1996.
% K. Karplus, et al., What is the value added by human intervention in protein
%  structure prediction, Proteins: Stucture, Function, Genetics 45(S5):86--91, 2001.
% A. Krogh et al., Hidden Markov models in computational biology:
%  Applications to protein modeling, JMB 235:1501-1531, Feb 1994.
% ---------------------------------------------------------------------
%  trimmed-uniq   Host: gauntlet    Thu Feb 11 16:19:51 2021
%  dgpinheiro     Dir:  /data/GitHub/sfFinder/example/output/subfamily/TEST1/flowerpower/fp-workspace/iter2
% ---------------------------------------------------------------------
% Prior File:  Internal (Name: recode3.20comp) 
%   20 priors on 20 characters.
%  Alignment weights from internal calc.  Total (1.66) Max (0.01) Min (0.01)
%  Weights from alignment method 1 (karplus), b=0.500000, e=0.500000
MODEL --  Model from alignment file trimmed-uniq.a2m
alphabet protein
FREQAVE
0.000000 0.000000 0.000000 
0.000000 0.000000 0.000000 
0.000000 0.000000 0.000000 
0.073430 0.015300 0.056458 0.066691 0.050828 
0.061590 0.029062 0.052889 0.056910 0.086510 
0.026581 0.040714 0.044978 0.042599 0.051826 
0.058672 0.053546 0.061415 0.023200 0.046800 
0.073430 0.015300 0.056458 0.066691 0.050828 
0.061590 0.029062 0.052889 0.056910 0.086510 
0.026581 0.040714 0.044978 0.042599 0.051826 
0.058672 0.053546 0.061415 0.023200 0.046800 
Begin
0.000000 0.000000 0.000000 
0.000000 0.000000 0.000000 
0.000000 0.104745 0.832045 
0.000000 0.000000 0.000000 0.000000 0.000000 
0.000000 0.000000 0.000000 0.000000 0.000000 
0.000000 0.000000 0.000000 0.000000 0.000000 
0.000000 0.000000 0.000000 0.000000 0.000000 
0.087223 0.033411 0.046852 0.049477 0.039668 
0.088421 0.033540 0.036829 0.080822 0.085409 
0.014898 0.040494 0.050592 0.038248 0.041025 
0.069473 0.058566 0.064599 0.010464 0.029990 
1
0.000000 0.014405 0.057370 
0.000000 0.880850 0.110585 
0.040950 0.016501 0.491768 
0.076698 0.014131 0.039989 0.056530 0.048001 
0.043269 0.021241 0.079351 0.054346 0.123298 
0.042473 0.034309 0.034931 0.037244 0.047678 
0.054036 0.054059 0.089035 0.013553 0.035828 
0.087130 0.033470 0.046870 0.049530 0.039770 
0.088610 0.033620 0.036890 0.080480 0.085360 
0.014750 0.040430 0.050680 0.038260 0.040900 
0.069580 0.058540 0.064720 0.010490 0.029920 
2
0.628926 0.015817 0.046210 
0.330124 0.967682 0.462022 
0.040950 0.016501 0.491768 
0.095394 0.013914 0.056799 0.070521 0.032134 
0.068426 0.022019 0.049092 0.062817 0.077164 
0.020723 0.043800 0.058907 0.040299 0.051944 
0.069245 0.060901 0.066534 0.010154 0.029211 
0.087130 0.033470 0.046870 0.049530 0.039770 
0.088610 0.033620 0.036890 0.080480 0.085360 
0.014750 0.040430 0.050680 0.038260 0.040900 
0.069580 0.058540 0.064720 0.010490 0.029920 
3
0.626403 0.015817 0.046210 
0.332647 0.967682 0.462022 
0.041054 0.016487 0.491768 
0.077598 0.012967 0.045672 0.064962 0.036929 
0.044182 0.023227 0.069239 0.065104 0.111788 
0.028444 0.038396 0.043158 0.041684 0.054602 
0.058319 0.056862 0.082406 0.011637 0.032824 
0.087130 0.033470 0.046870 0.049530 0.039770 
0.088610 0.033620 0.036890 0.080480 0.085360 
0.014750 0.040430 0.050680 0.038260 0.040900 
0.069580 0.058540 0.064720 0.010490 0.029920 
4
0.627987 0.015803 0.046210 
0.330959 0.967710 0.462022 
0.041054 0.016487 0.491768 
0.075857 0.012411 0.051139 0.067212 0.036816 
0.052681 0.026038 0.058927 0.064615 0.104435 
0.024466 0.042829 0.047804 0.042430 0.055973 
0.060393 0.056641 0.070909 0.012900 0.035526 
0.087130 0.033470 0.046870 0.049530 0.039770 
0.088610 0.033620 0.036890 0.080480 0.085360 
0.014750 0.040430 0.050680 0.038260 0.040900 
0.069580 0.058540 0.064720 0.010490 0.029920 
5
0.627987 0.015803 0.046210 
0.330959 0.967710 0.462022 
0.041054 0.016487 0.491768 
0.073807 0.010243 0.072262 0.089361 0.026204 
0.068242 0.025596 0.036710 0.077074 0.058681 
0.017946 0.057603 0.053564 0.049946 0.062570 
0.071526 0.061964 0.048749 0.009609 0.028344 
0.087130 0.033470 0.046870 0.049530 0.039770 
0.088610 0.033620 0.036890 0.080480 0.085360 
0.014750 0.040430 0.050680 0.038260 0.040900 
0.069580 0.058540 0.064720 0.010490 0.029920 
6
0.585874 0.015803 0.046210 
0.373073 0.967710 0.462022 
0.042859 0.016253 0.491768 
0.067440 0.009512 0.058103 0.081317 0.025334 
0.055548 0.026657 0.035660 0.092103 0.058947 
0.018227 0.049326 0.044388 0.052649 0.118274 
0.065756 0.056773 0.046303 0.010053 0.027630 
0.087130 0.033470 0.046870 0.049530 0.039770 
0.088610 0.033620 0.036890 0.080480 0.085360 
0.014750 0.040430 0.050680 0.038260 0.040900 
0.069580 0.058540 0.064720 0.010490 0.029920 
7
0.611632 0.015580 0.046210 
0.345510 0.968167 0.462022 
0.042859 0.016253 0.491768 
0.072906 0.008743 0.079732 0.132035 0.022479 
0.053064 0.025164 0.032278 0.080752 0.052206 
0.016668 0.052199 0.048524 0.054703 0.062093 
0.069569 0.058966 0.044703 0.008663 0.024556 
0.087130 0.033470 0.046870 0.049530 0.039770 
0.088610 0.033620 0.036890 0.080480 0.085360 
0.014750 0.040430 0.050680 0.038260 0.040900 
0.069580 0.058540 0.064720 0.010490 0.029920 
8
0.611632 0.015580 0.046210 
0.345510 0.968167 0.462022 
0.042859 0.016253 0.491768 
0.071017 0.008675 0.080476 0.095637 0.022285 
0.058536 0.025857 0.031262 0.109959 0.051390 
0.016320 0.055035 0.048290 0.053718 0.066886 
0.070026 0.059124 0.042140 0.008650 0.024715 
0.087130 0.033470 0.046870 0.049530 0.039770 
0.088610 0.033620 0.036890 0.080480 0.085360 
0.014750 0.040430 0.050680 0.038260 0.040900 
0.069580 0.058540 0.064720 0.010490 0.029920 
9
0.611632 0.015580 0.046210 
0.345510 0.968167 0.462022 
0.042859 0.016253 0.491768 
0.058387 0.013237 0.034601 0.042201 0.089469 
0.038195 0.030784 0.056745 0.042412 0.096809 
0.027218 0.036202 0.029157 0.032132 0.041788 
0.050013 0.047977 0.063527 0.047672 0.121475 
0.087130 0.033470 0.046870 0.049530 0.039770 
0.088610 0.033620 0.036890 0.080480 0.085360 
0.014750 0.040430 0.050680 0.038260 0.040900 
0.069580 0.058540 0.064720 0.010490 0.029920 
10
0.609204 0.015580 0.046210 
0.347938 0.968167 0.462022 
0.042963 0.016241 0.491768 
0.099557 0.012632 0.053955 0.066690 0.036304 
0.053754 0.027489 0.048747 0.062301 0.077952 
0.023353 0.047440 0.041866 0.045459 0.055410 
0.066330 0.059362 0.061304 0.012797 0.047297 
0.087130 0.033470 0.046870 0.049530 0.039770 
0.088610 0.033620 0.036890 0.080480 0.085360 
0.014750 0.040430 0.050680 0.038260 0.040900 
0.069580 0.058540 0.064720 0.010490 0.029920 
11
0.610686 0.015567 0.046210 
0.346351 0.968192 0.462022 
0.042963 0.016241 0.491768 
0.070627 0.010698 0.080600 0.084125 0.025063 
0.058654 0.027218 0.033714 0.075681 0.054660 
0.017541 0.059207 0.046763 0.048885 0.059119 
0.092754 0.072962 0.044729 0.009764 0.027236 
0.087130 0.033470 0.046870 0.049530 0.039770 
0.088610 0.033620 0.036890 0.080480 0.085360 
0.014750 0.040430 0.050680 0.038260 0.040900 
0.069580 0.058540 0.064720 0.010490 0.029920 
12
0.361573 0.015567 0.046210 
0.595464 0.968192 0.462022 
0.057216 0.015038 0.491768 
0.056577 0.010676 0.012532 0.014666 0.041258 
0.020375 0.009587 0.085805 0.015669 0.456088 
0.050184 0.012240 0.012472 0.013479 0.016213 
0.018622 0.034902 0.084626 0.009951 0.024076 
0.087130 0.033470 0.046870 0.049530 0.039770 
0.088610 0.033620 0.036890 0.080480 0.085360 
0.014750 0.040430 0.050680 0.038260 0.040900 
0.069580 0.058540 0.064720 0.010490 0.029920 
13
0.481528 0.014415 0.046210 
0.461255 0.970546 0.462022 
0.057216 0.015038 0.491768 
0.079868 0.006493 0.033084 0.036098 0.018142 
0.034498 0.013238 0.028240 0.036458 0.040122 
0.011473 0.030444 0.022161 0.026308 0.028584 
0.072964 0.416559 0.040358 0.006394 0.018515 
0.087130 0.033470 0.046870 0.049530 0.039770 
0.088610 0.033620 0.036890 0.080480 0.085360 
0.014750 0.040430 0.050680 0.038260 0.040900 
0.069580 0.058540 0.064720 0.010490 0.029920 
14
0.479861 0.014415 0.046210 
0.462922 0.970546 0.462022 
0.057312 0.015033 0.491768 
0.044966 0.004508 0.034772 0.040722 0.014246 
0.036025 0.014619 0.019944 0.044885 0.034888 
0.009890 0.027710 0.022126 0.028769 0.503396 
0.034541 0.032741 0.028000 0.006377 0.016877 
0.087130 0.033470 0.046870 0.049530 0.039770 
0.088610 0.033620 0.036890 0.080480 0.085360 
0.014750 0.040430 0.050680 0.038260 0.040900 
0.069580 0.058540 0.064720 0.010490 0.029920 
15
0.480663 0.014410 0.046210 
0.462025 0.970557 0.462022 
0.057312 0.015033 0.491768 
0.041850 0.003810 0.430400 0.053098 0.011664 
0.112251 0.013398 0.014637 0.036573 0.023498 
0.007120 0.064672 0.021147 0.024920 0.025370 
0.043153 0.034022 0.021043 0.004369 0.013006 
0.087130 0.033470 0.046870 0.049530 0.039770 
0.088610 0.033620 0.036890 0.080480 0.085360 
0.014750 0.040430 0.050680 0.038260 0.040900 
0.069580 0.058540 0.064720 0.010490 0.029920 
16
0.480663 0.014410 0.046210 
0.462025 0.970557 0.462022 
0.057312 0.015033 0.491768 
0.045735 0.009103 0.010130 0.012287 0.035570 
0.016132 0.007594 0.068021 0.013102 0.548941 
0.031240 0.010154 0.010786 0.011271 0.012994 
0.015611 0.033282 0.079922 0.008272 0.019854 
0.087130 0.033470 0.046870 0.049530 0.039770 
0.088610 0.033620 0.036890 0.080480 0.085360 
0.014750 0.040430 0.050680 0.038260 0.040900 
0.069580 0.058540 0.064720 0.010490 0.029920 
17
0.479037 0.014410 0.046210 
0.463651 0.970557 0.462022 
0.057405 0.015027 0.491768 
0.050094 0.003892 0.376878 0.065365 0.012697 
0.068980 0.017165 0.017292 0.043035 0.026315 
0.008180 0.100869 0.022488 0.028465 0.027855 
0.052738 0.036469 0.023290 0.004325 0.013608 
0.087130 0.033470 0.046870 0.049530 0.039770 
0.088610 0.033620 0.036890 0.080480 0.085360 
0.014750 0.040430 0.050680 0.038260 0.040900 
0.069580 0.058540 0.064720 0.010490 0.029920 
18
0.479817 0.014405 0.046210 
0.462778 0.970568 0.462022 
0.057405 0.015027 0.491768 
0.015534 0.004871 0.007229 0.009288 0.034159 
0.015389 0.005451 0.015938 0.007527 0.040886 
0.009795 0.006011 0.006858 0.004946 0.012138 
0.010062 0.008740 0.020912 0.734946 0.029320 
0.087130 0.033470 0.046870 0.049530 0.039770 
0.088610 0.033620 0.036890 0.080480 0.085360 
0.014750 0.040430 0.050680 0.038260 0.040900 
0.069580 0.058540 0.064720 0.010490 0.029920 
19
0.479817 0.014405 0.046210 
0.462778 0.970568 0.462022 
0.057405 0.015027 0.491768 
0.066939 0.002432 0.254992 0.242477 0.012790 
0.035590 0.012230 0.014060 0.049478 0.028278 
0.008548 0.040017 0.018530 0.053330 0.030314 
0.053521 0.036689 0.021614 0.004797 0.013374 
0.087130 0.033470 0.046870 0.049530 0.039770 
0.088610 0.033620 0.036890 0.080480 0.085360 
0.014750 0.040430 0.050680 0.038260 0.040900 
0.069580 0.058540 0.064720 0.010490 0.029920 
20
0.479817 0.014405 0.046210 
0.462778 0.970568 0.462022 
0.057405 0.015027 0.491768 
0.046296 0.009639 0.016131 0.020044 0.367107 
0.029485 0.015233 0.046500 0.015712 0.081939 
0.017503 0.016679 0.017854 0.015098 0.014611 
0.028025 0.046377 0.053728 0.028432 0.113608 
0.087130 0.033470 0.046870 0.049530 0.039770 
0.088610 0.033620 0.036890 0.080480 0.085360 
0.014750 0.040430 0.050680 0.038260 0.040900 
0.069580 0.058540 0.064720 0.010490 0.029920 
21
0.479817 0.014405 0.046210 
0.462778 0.970568 0.462022 
0.057405 0.015027 0.491768 
0.053135 0.006825 0.050464 0.038586 0.017106 
0.051010 0.014181 0.023480 0.035840 0.028553 
0.009265 0.042748 0.026216 0.026960 0.026538 
0.313704 0.172242 0.037553 0.006384 0.019212 
0.087130 0.033470 0.046870 0.049530 0.039770 
0.088610 0.033620 0.036890 0.080480 0.085360 
0.014750 0.040430 0.050680 0.038260 0.040900 
0.069580 0.058540 0.064720 0.010490 0.029920 
22
0.479817 0.014405 0.046210 
0.462778 0.970568 0.462022 
0.057405 0.015027 0.491768 
0.028824 0.005259 0.015634 0.016487 0.056796 
0.024190 0.014514 0.025132 0.016689 0.041052 
0.009977 0.013794 0.012717 0.012796 0.017009 
0.021410 0.020652 0.033029 0.013944 0.600094 
0.087130 0.033470 0.046870 0.049530 0.039770 
0.088610 0.033620 0.036890 0.080480 0.085360 
0.014750 0.040430 0.050680 0.038260 0.040900 
0.069580 0.058540 0.064720 0.010490 0.029920 
23
0.479817 0.014405 0.046210 
0.462778 0.970568 0.462022 
0.057405 0.015027 0.491768 
0.164194 0.006634 0.053013 0.092843 0.024809 
0.042068 0.018741 0.039897 0.067464 0.066133 
0.018120 0.032660 0.024781 0.101489 0.060910 
0.047068 0.039534 0.064158 0.009711 0.025772 
0.087130 0.033470 0.046870 0.049530 0.039770 
0.088610 0.033620 0.036890 0.080480 0.085360 
0.014750 0.040430 0.050680 0.038260 0.040900 
0.069580 0.058540 0.064720 0.010490 0.029920 
24
0.479817 0.014405 0.046210 
0.462778 0.970568 0.462022 
0.057405 0.015027 0.491768 
0.057727 0.004259 0.350837 0.069378 0.014220 
0.047098 0.015895 0.018472 0.046357 0.029722 
0.009024 0.070342 0.042726 0.032396 0.031388 
0.073426 0.040188 0.025723 0.005325 0.015496 
0.087130 0.033470 0.046870 0.049530 0.039770 
0.088610 0.033620 0.036890 0.080480 0.085360 
0.014750 0.040430 0.050680 0.038260 0.040900 
0.069580 0.058540 0.064720 0.010490 0.029920 
25
0.479817 0.014405 0.046210 
0.462778 0.970568 0.462022 
0.057405 0.015027 0.491768 
0.073311 0.004963 0.042919 0.076489 0.021979 
0.039113 0.018509 0.038863 0.078200 0.063481 
0.034640 0.032776 0.027562 0.039079 0.240877 
0.040661 0.037804 0.044296 0.010586 0.033893 
0.087130 0.033470 0.046870 0.049530 0.039770 
0.088610 0.033620 0.036890 0.080480 0.085360 
0.014750 0.040430 0.050680 0.038260 0.040900 
0.069580 0.058540 0.064720 0.010490 0.029920 
26
0.479817 0.014405 0.046210 
0.462778 0.970568 0.462022 
0.057405 0.015027 0.491768 
0.072347 0.003731 0.109578 0.078526 0.013518 
0.037831 0.016963 0.020969 0.282153 0.037852 
0.010607 0.045338 0.024866 0.052132 0.051698 
0.053165 0.037338 0.027907 0.006299 0.017183 
0.087130 0.033470 0.046870 0.049530 0.039770 
0.088610 0.033620 0.036890 0.080480 0.085360 
0.014750 0.040430 0.050680 0.038260 0.040900 
0.069580 0.058540 0.064720 0.010490 0.029920 
27
0.479817 0.014405 0.046210 
0.462778 0.970568 0.462022 
0.057405 0.015027 0.491768 
0.077057 0.002428 0.183950 0.238243 0.012574 
0.034893 0.013322 0.015661 0.106032 0.031723 
0.008864 0.034925 0.019194 0.058172 0.040021 
0.048178 0.031982 0.023959 0.005005 0.013817 
0.087130 0.033470 0.046870 0.049530 0.039770 
0.088610 0.033620 0.036890 0.080480 0.085360 
0.014750 0.040430 0.050680 0.038260 0.040900 
0.069580 0.058540 0.064720 0.010490 0.029920 
28
0.479817 0.014405 0.046210 
0.462778 0.970568 0.462022 
0.057405 0.015027 0.491768 
0.297057 0.014517 0.017208 0.019512 0.035414 
0.042041 0.010959 0.086540 0.018414 0.096814 
0.023197 0.015220 0.016447 0.015978 0.019610 
0.037737 0.034497 0.164338 0.009031 0.025469 
0.087130 0.033470 0.046870 0.049530 0.039770 
0.088610 0.033620 0.036890 0.080480 0.085360 
0.014750 0.040430 0.050680 0.038260 0.040900 
0.069580 0.058540 0.064720 0.010490 0.029920 
29
0.479817 0.014405 0.046210 
0.462778 0.970568 0.462022 
0.057405 0.015027 0.491768 
0.030901 0.007438 0.009643 0.014226 0.563283 
0.016439 0.010440 0.039311 0.012143 0.066041 
0.014033 0.009034 0.010125 0.010625 0.008961 
0.018016 0.019619 0.041767 0.024512 0.073443 
0.087130 0.033470 0.046870 0.049530 0.039770 
0.088610 0.033620 0.036890 0.080480 0.085360 
0.014750 0.040430 0.050680 0.038260 0.040900 
0.069580 0.058540 0.064720 0.010490 0.029920 
30
0.479817 0.014405 0.046210 
0.462778 0.970568 0.462022 
0.057405 0.015027 0.491768 
0.032299 0.003806 0.025612 0.020609 0.012347 
0.037224 0.008956 0.014677 0.023312 0.024975 
0.004615 0.017915 0.652761 0.013091 0.017469 
0.028439 0.022328 0.022593 0.004533 0.012439 
0.087130 0.033470 0.046870 0.049530 0.039770 
0.088610 0.033620 0.036890 0.080480 0.085360 
0.014750 0.040430 0.050680 0.038260 0.040900 
0.069580 0.058540 0.064720 0.010490 0.029920 
31
0.479817 0.078498 0.046210 
0.462778 0.906475 0.462022 
0.044554 0.016057 0.491768 
0.088955 0.008348 0.066935 0.092334 0.032321 
0.067902 0.032330 0.042819 0.066336 0.065480 
0.019041 0.048793 0.037163 0.060591 0.053374 
0.061828 0.053908 0.053420 0.013233 0.034889 
0.087130 0.033470 0.046870 0.049530 0.039770 
0.088610 0.033620 0.036890 0.080480 0.085360 
0.014750 0.040430 0.050680 0.038260 0.040900 
0.069580 0.058540 0.064720 0.010490 0.029920 
32
0.596271 0.041465 0.046210 
0.359175 0.942479 0.462022 
0.041055 0.016486 0.491768 
0.078321 0.011810 0.059267 0.084668 0.030734 
0.053089 0.024558 0.049376 0.071603 0.071888 
0.020991 0.045497 0.054376 0.046688 0.060514 
0.069014 0.062865 0.062619 0.010890 0.031233 
0.087130 0.033470 0.046870 0.049530 0.039770 
0.088610 0.033620 0.036890 0.080480 0.085360 
0.014750 0.040430 0.050680 0.038260 0.040900 
0.069580 0.058540 0.064720 0.010490 0.029920 
33
0.421692 0.016195 0.046210 
0.537253 0.967319 0.462022 
0.051650 0.015409 0.491768 
0.028781 0.006676 0.008197 0.012195 0.173069 
0.016515 0.021609 0.029798 0.011883 0.063436 
0.013468 0.011488 0.008278 0.011948 0.016134 
0.022264 0.021754 0.043440 0.029633 0.449436 
0.087130 0.033470 0.046870 0.049530 0.039770 
0.088610 0.033620 0.036890 0.080480 0.085360 
0.014750 0.040430 0.050680 0.038260 0.040900 
0.069580 0.058540 0.064720 0.010490 0.029920 
34
0.433158 0.014770 0.046210 
0.515192 0.969821 0.462022 
0.057313 0.015033 0.491768 
0.064690 0.002676 0.146922 0.330323 0.013512 
0.034885 0.013029 0.014963 0.056015 0.030772 
0.009242 0.029544 0.019485 0.052793 0.034854 
0.062842 0.039873 0.023225 0.005535 0.014820 
0.087130 0.033470 0.046870 0.049530 0.039770 
0.088610 0.033620 0.036890 0.080480 0.085360 
0.014750 0.040430 0.050680 0.038260 0.040900 
0.069580 0.058540 0.064720 0.010490 0.029920 
35
0.479047 0.014410 0.046210 
0.463640 0.970557 0.462022 
0.057405 0.015027 0.491768 
0.070197 0.003091 0.103007 0.288879 0.014123 
0.050425 0.015109 0.018153 0.094496 0.035246 
0.010076 0.037389 0.021353 0.055235 0.050482 
0.047882 0.037053 0.025401 0.006128 0.016277 
0.087130 0.033470 0.046870 0.049530 0.039770 
0.088610 0.033620 0.036890 0.080480 0.085360 
0.014750 0.040430 0.050680 0.038260 0.040900 
0.069580 0.058540 0.064720 0.010490 0.029920 
36
0.479817 0.014405 0.046210 
0.462778 0.970568 0.462022 
0.057405 0.015027 0.491768 
0.035732 0.008284 0.010735 0.017324 0.474955 
0.019341 0.011251 0.036707 0.013083 0.063904 
0.013946 0.010925 0.010880 0.012233 0.010081 
0.025411 0.025571 0.042244 0.031799 0.125593 
0.087130 0.033470 0.046870 0.049530 0.039770 
0.088610 0.033620 0.036890 0.080480 0.085360 
0.014750 0.040430 0.050680 0.038260 0.040900 
0.069580 0.058540 0.064720 0.010490 0.029920 
37
0.479817 0.014405 0.046210 
0.462778 0.970568 0.462022 
0.057405 0.015027 0.491768 
0.052927 0.003471 0.063705 0.452068 0.016548 
0.046022 0.013658 0.016168 0.051247 0.030851 
0.009309 0.027400 0.020358 0.041123 0.035346 
0.040339 0.033643 0.024717 0.005741 0.015360 
0.087130 0.033470 0.046870 0.049530 0.039770 
0.088610 0.033620 0.036890 0.080480 0.085360 
0.014750 0.040430 0.050680 0.038260 0.040900 
0.069580 0.058540 0.064720 0.010490 0.029920 
38
0.479817 0.014405 0.046210 
0.462778 0.970568 0.462022 
0.057405 0.015027 0.491768 
0.046919 0.003234 0.034975 0.018544 0.007672 
0.683392 0.007475 0.009895 0.020460 0.015876 
0.005740 0.023672 0.015931 0.012142 0.019107 
0.030697 0.019144 0.011283 0.003685 0.010156 
0.087130 0.033470 0.046870 0.049530 0.039770 
0.088610 0.033620 0.036890 0.080480 0.085360 
0.014750 0.040430 0.050680 0.038260 0.040900 
0.069580 0.058540 0.064720 0.010490 0.029920 
39
0.479817 0.014405 0.046210 
0.462778 0.970568 0.462022 
0.057405 0.015027 0.491768 
0.044203 0.010114 0.008954 0.009997 0.035144 
0.016199 0.006919 0.471164 0.011525 0.103966 
0.021864 0.008818 0.011057 0.009285 0.011153 
0.015277 0.024124 0.153444 0.007441 0.019352 
0.087130 0.033470 0.046870 0.049530 0.039770 
0.088610 0.033620 0.036890 0.080480 0.085360 
0.014750 0.040430 0.050680 0.038260 0.040900 
0.069580 0.058540 0.064720 0.010490 0.029920 
40
0.479817 0.014405 0.046210 
0.462778 0.970568 0.462022 
0.057405 0.015027 0.491768 
0.058681 0.004432 0.043250 0.056304 0.014248 
0.035440 0.020632 0.027970 0.391655 0.038210 
0.011251 0.034106 0.032807 0.039775 0.054150 
0.042924 0.038835 0.030269 0.006781 0.018279 
0.087130 0.033470 0.046870 0.049530 0.039770 
0.088610 0.033620 0.036890 0.080480 0.085360 
0.014750 0.040430 0.050680 0.038260 0.040900 
0.069580 0.058540 0.064720 0.010490 0.029920 
41
0.479817 0.014405 0.046210 
0.462778 0.970568 0.462022 
0.057405 0.015027 0.491768 
0.060569 0.010415 0.012646 0.014580 0.035191 
0.027657 0.008564 0.437069 0.016567 0.101497 
0.024729 0.011900 0.013081 0.012612 0.015315 
0.019728 0.028801 0.120210 0.007932 0.020937 
0.087130 0.033470 0.046870 0.049530 0.039770 
0.088610 0.033620 0.036890 0.080480 0.085360 
0.014750 0.040430 0.050680 0.038260 0.040900 
0.069580 0.058540 0.064720 0.010490 0.029920 
42
0.479817 0.014405 0.046210 
0.462778 0.970568 0.462022 
0.057405 0.015027 0.491768 
0.054145 0.005947 0.042190 0.070220 0.018016 
0.039322 0.034957 0.025806 0.055566 0.036231 
0.011446 0.037457 0.026291 0.033659 0.037398 
0.073453 0.332070 0.037329 0.007378 0.021119 
0.087130 0.033470 0.046870 0.049530 0.039770 
0.088610 0.033620 0.036890 0.080480 0.085360 
0.014750 0.040430 0.050680 0.038260 0.040900 
0.069580 0.058540 0.064720 0.010490 0.029920 
43
0.479817 0.014405 0.046210 
0.462778 0.970568 0.462022 
0.057405 0.015027 0.491768 
0.051137 0.003390 0.445475 0.073063 0.011138 
0.047935 0.013586 0.015771 0.042788 0.024933 
0.007752 0.067404 0.020249 0.029498 0.028468 
0.044097 0.034353 0.022256 0.004052 0.012656 
0.087130 0.033470 0.046870 0.049530 0.039770 
0.088610 0.033620 0.036890 0.080480 0.085360 
0.014750 0.040430 0.050680 0.038260 0.040900 
0.069580 0.058540 0.064720 0.010490 0.029920 
44
0.479817 0.014405 0.046210 
0.462778 0.970568 0.462022 
0.057405 0.015027 0.491768 
0.018684 0.004647 0.009485 0.011945 0.067596 
0.014321 0.011452 0.020416 0.011600 0.043453 
0.010245 0.009825 0.008674 0.008776 0.015122 
0.015118 0.014221 0.021382 0.622899 0.060140 
0.087130 0.033470 0.046870 0.049530 0.039770 
0.088610 0.033620 0.036890 0.080480 0.085360 
0.014750 0.040430 0.050680 0.038260 0.040900 
0.069580 0.058540 0.064720 0.010490 0.029920 
45
0.479817 0.014405 0.046210 
0.462778 0.970568 0.462022 
0.057405 0.015027 0.491768 
0.056855 0.006406 0.095988 0.067184 0.018956 
0.057754 0.018393 0.021461 0.046043 0.039112 
0.010527 0.059747 0.030684 0.033295 0.035092 
0.273725 0.066969 0.031622 0.009097 0.021090 
0.087130 0.033470 0.046870 0.049530 0.039770 
0.088610 0.033620 0.036890 0.080480 0.085360 
0.014750 0.040430 0.050680 0.038260 0.040900 
0.069580 0.058540 0.064720 0.010490 0.029920 
46
0.479817 0.014405 0.046210 
0.462778 0.970568 0.462022 
0.057405 0.015027 0.491768 
0.088381 0.003991 0.048117 0.059195 0.013546 
0.050635 0.016718 0.020638 0.361800 0.036712 
0.010730 0.036910 0.024234 0.045021 0.048947 
0.043305 0.038603 0.028513 0.006473 0.017531 
0.087130 0.033470 0.046870 0.049530 0.039770 
0.088610 0.033620 0.036890 0.080480 0.085360 
0.014750 0.040430 0.050680 0.038260 0.040900 
0.069580 0.058540 0.064720 0.010490 0.029920 
47
0.479817 0.014405 0.046210 
0.462778 0.970568 0.462022 
0.057405 0.015027 0.491768 
0.016090 0.004402 0.005389 0.009403 0.045409 
0.012648 0.005473 0.018519 0.007644 0.048836 
0.011787 0.005300 0.005541 0.005029 0.013506 
0.009600 0.008534 0.023848 0.705510 0.037531 
0.087130 0.033470 0.046870 0.049530 0.039770 
0.088610 0.033620 0.036890 0.080480 0.085360 
0.014750 0.040430 0.050680 0.038260 0.040900 
0.069580 0.058540 0.064720 0.010490 0.029920 
48
0.479817 0.014405 0.046210 
0.462778 0.970568 0.462022 
0.057405 0.015027 0.491768 
0.053073 0.002846 0.116214 0.440522 0.012102 
0.032980 0.012375 0.013583 0.046622 0.027502 
0.008367 0.025431 0.019049 0.044162 0.032129 
0.040451 0.031555 0.021897 0.005179 0.013962 
0.087130 0.033470 0.046870 0.049530 0.039770 
0.088610 0.033620 0.036890 0.080480 0.085360 
0.014750 0.040430 0.050680 0.038260 0.040900 
0.069580 0.058540 0.064720 0.010490 0.029920 
49
0.479817 0.014405 0.046210 
0.462778 0.970568 0.462022 
0.057405 0.015027 0.491768 
0.042032 0.003252 0.469722 0.100078 0.010814 
0.036824 0.012820 0.014275 0.039825 0.023775 
0.007283 0.053721 0.019648 0.029145 0.027359 
0.040295 0.031577 0.020996 0.004124 0.012436 
0.087130 0.033470 0.046870 0.049530 0.039770 
0.088610 0.033620 0.036890 0.080480 0.085360 
0.014750 0.040430 0.050680 0.038260 0.040900 
0.069580 0.058540 0.064720 0.010490 0.029920 
50
0.479817 0.014405 0.046210 
0.462778 0.970568 0.462022 
0.057405 0.015027 0.491768 
0.047763 0.004733 0.028762 0.033732 0.009900 
0.030856 0.010303 0.016226 0.030717 0.027991 
0.005913 0.018788 0.589032 0.017849 0.022418 
0.040427 0.027038 0.025003 0.003169 0.009380 
0.087130 0.033470 0.046870 0.049530 0.039770 
0.088610 0.033620 0.036890 0.080480 0.085360 
0.014750 0.040430 0.050680 0.038260 0.040900 
0.069580 0.058540 0.064720 0.010490 0.029920 
51
0.479817 0.014405 0.046210 
0.462778 0.970568 0.462022 
0.057405 0.015027 0.491768 
0.030188 0.007610 0.009100 0.013480 0.548362 
0.016887 0.008458 0.037262 0.010820 0.065165 
0.013743 0.008573 0.010046 0.009964 0.007919 
0.018035 0.019295 0.041248 0.026699 0.097146 
0.087130 0.033470 0.046870 0.049530 0.039770 
0.088610 0.033620 0.036890 0.080480 0.085360 
0.014750 0.040430 0.050680 0.038260 0.040900 
0.069580 0.058540 0.064720 0.010490 0.029920 
52
0.479817 0.014405 0.046210 
0.462778 0.970568 0.462022 
0.057405 0.015027 0.491768 
0.052390 0.004260 0.039413 0.050498 0.014239 
0.034249 0.016573 0.021256 0.089918 0.037221 
0.011259 0.032361 0.023174 0.036272 0.404708 
0.039517 0.037715 0.029631 0.006925 0.018421 
0.087130 0.033470 0.046870 0.049530 0.039770 
0.088610 0.033620 0.036890 0.080480 0.085360 
0.014750 0.040430 0.050680 0.038260 0.040900 
0.069580 0.058540 0.064720 0.010490 0.029920 
53
0.479817 0.014405 0.046210 
0.462778 0.970568 0.462022 
0.057405 0.015027 0.491768 
0.044117 0.009245 0.008187 0.009867 0.036577 
0.014512 0.006889 0.085852 0.010440 0.552505 
0.029431 0.008628 0.009913 0.009910 0.010982 
0.013718 0.021962 0.089349 0.008262 0.019655 
0.087130 0.033470 0.046870 0.049530 0.039770 
0.088610 0.033620 0.036890 0.080480 0.085360 
0.014750 0.040430 0.050680 0.038260 0.040900 
0.069580 0.058540 0.064720 0.010490 0.029920 
54
0.479817 0.014405 0.046210 
0.462778 0.970568 0.462022 
0.057405 0.015027 0.491768 
0.044146 0.005674 0.031881 0.033095 0.015391 
0.033318 0.012299 0.022885 0.032939 0.031362 
0.009133 0.029281 0.021396 0.023841 0.025689 
0.087756 0.483403 0.034201 0.005646 0.016664 
0.087130 0.033470 0.046870 0.049530 0.039770 
0.088610 0.033620 0.036890 0.080480 0.085360 
0.014750 0.040430 0.050680 0.038260 0.040900 
0.069580 0.058540 0.064720 0.010490 0.029920 
55
0.479817 0.014405 0.046210 
0.462778 0.970568 0.462022 
0.057405 0.015027 0.491768 
0.057946 0.009633 0.019684 0.023708 0.037535 
0.028088 0.011452 0.063875 0.025051 0.103654 
0.365643 0.017832 0.015861 0.018920 0.022527 
0.026235 0.030934 0.070647 0.009846 0.040928 
0.087130 0.033470 0.046870 0.049530 0.039770 
0.088610 0.033620 0.036890 0.080480 0.085360 
0.014750 0.040430 0.050680 0.038260 0.040900 
0.069580 0.058540 0.064720 0.010490 0.029920 
56
0.479817 0.014405 0.046210 
0.462778 0.970568 0.462022 
0.057405 0.015027 0.491768 
0.041870 0.003560 0.480945 0.054904 0.011248 
0.037606 0.013588 0.015208 0.041358 0.025079 
0.007647 0.053407 0.026186 0.027925 0.046828 
0.040295 0.032547 0.022104 0.004471 0.013222 
0.087130 0.033470 0.046870 0.049530 0.039770 
0.088610 0.033620 0.036890 0.080480 0.085360 
0.014750 0.040430 0.050680 0.038260 0.040900 
0.069580 0.058540 0.064720 0.010490 0.029920 
57
0.479817 0.014405 0.046210 
0.462778 0.970568 0.462022 
0.057405 0.015027 0.491768 
0.311718 0.009211 0.040709 0.065984 0.021546 
0.053008 0.015180 0.030913 0.046893 0.049826 
0.014473 0.033603 0.023131 0.032024 0.036275 
0.090808 0.048646 0.046815 0.007646 0.021588 
0.087130 0.033470 0.046870 0.049530 0.039770 
0.088610 0.033620 0.036890 0.080480 0.085360 
0.014750 0.040430 0.050680 0.038260 0.040900 
0.069580 0.058540 0.064720 0.010490 0.029920 
58
0.479817 0.014405 0.046210 
0.462778 0.970568 0.462022 
0.057405 0.015027 0.491768 
0.027180 0.008577 0.014995 0.017233 0.100835 
0.017734 0.027671 0.028524 0.018012 0.053860 
0.013629 0.017011 0.012339 0.012965 0.018542 
0.021947 0.020112 0.031241 0.030044 0.507548 
0.087130 0.033470 0.046870 0.049530 0.039770 
0.088610 0.033620 0.036890 0.080480 0.085360 
0.014750 0.040430 0.050680 0.038260 0.040900 
0.069580 0.058540 0.064720 0.010490 0.029920 
59
0.479817 0.014405 0.046210 
0.462778 0.970568 0.462022 
0.057405 0.015027 0.491768 
0.018451 0.004654 0.006548 0.010384 0.040270 
0.013667 0.005832 0.021182 0.008903 0.051541 
0.012324 0.006229 0.006383 0.005998 0.013943 
0.010683 0.010028 0.041299 0.677899 0.033782 
0.087130 0.033470 0.046870 0.049530 0.039770 
0.088610 0.033620 0.036890 0.080480 0.085360 
0.014750 0.040430 0.050680 0.038260 0.040900 
0.069580 0.058540 0.064720 0.010490 0.029920 
60
0.479817 0.014405 0.046210 
0.462778 0.970568 0.462022 
0.057405 0.015027 0.491768 
0.055011 0.004177 0.041722 0.054022 0.013762 
0.034577 0.024535 0.020304 0.426715 0.036056 
0.011574 0.033312 0.023672 0.038318 0.047903 
0.043221 0.038147 0.028737 0.006561 0.017674 
0.087130 0.033470 0.046870 0.049530 0.039770 
0.088610 0.033620 0.036890 0.080480 0.085360 
0.014750 0.040430 0.050680 0.038260 0.040900 
0.069580 0.058540 0.064720 0.010490 0.029920 
61
0.479817 0.014405 0.046210 
0.462778 0.970568 0.462022 
0.057405 0.015027 0.491768 
0.032911 0.006832 0.011235 0.015317 0.137716 
0.019916 0.022476 0.033371 0.015221 0.052043 
0.013231 0.018212 0.009989 0.014073 0.018996 
0.025167 0.024282 0.046540 0.026327 0.456146 
0.087130 0.033470 0.046870 0.049530 0.039770 
0.088610 0.033620 0.036890 0.080480 0.085360 
0.014750 0.040430 0.050680 0.038260 0.040900 
0.069580 0.058540 0.064720 0.010490 0.029920 
62
0.479817 0.014405 0.046210 
0.462778 0.970568 0.462022 
0.057405 0.015027 0.491768 
0.048977 0.004765 0.038870 0.048166 0.015364 
0.035755 0.015418 0.021710 0.048934 0.038120 
0.010809 0.029763 0.022648 0.454227 0.038195 
0.037876 0.035936 0.030353 0.006566 0.017548 
0.087130 0.033470 0.046870 0.049530 0.039770 
0.088610 0.033620 0.036890 0.080480 0.085360 
0.014750 0.040430 0.050680 0.038260 0.040900 
0.069580 0.058540 0.064720 0.010490 0.029920 
63
0.479817 0.014405 0.046210 
0.462778 0.970568 0.462022 
0.057405 0.015027 0.491768 
0.353121 0.012532 0.029435 0.035655 0.024953 
0.074436 0.013373 0.036160 0.034147 0.056229 
0.016430 0.023695 0.020798 0.024997 0.036322 
0.072072 0.038433 0.066214 0.007935 0.023063 
0.087130 0.033470 0.046870 0.049530 0.039770 
0.088610 0.033620 0.036890 0.080480 0.085360 
0.014750 0.040430 0.050680 0.038260 0.040900 
0.069580 0.058540 0.064720 0.010490 0.029920 
64
0.479817 0.014405 0.046210 
0.462778 0.970568 0.462022 
0.057405 0.015027 0.491768 
0.050712 0.003292 0.067449 0.468523 0.012349 
0.043207 0.013187 0.014783 0.047011 0.028514 
0.008646 0.026452 0.019880 0.039690 0.033866 
0.039139 0.040080 0.023096 0.005457 0.014665 
0.087130 0.033470 0.046870 0.049530 0.039770 
0.088610 0.033620 0.036890 0.080480 0.085360 
0.014750 0.040430 0.050680 0.038260 0.040900 
0.069580 0.058540 0.064720 0.010490 0.029920 
65
0.479817 0.014405 0.046210 
0.462778 0.970568 0.462022 
0.057405 0.015027 0.491768 
0.045735 0.004953 0.043384 0.068791 0.011157 
0.034576 0.018789 0.018012 0.387818 0.032191 
0.009982 0.035917 0.027741 0.045907 0.090272 
0.043510 0.037848 0.025084 0.004508 0.013823 
0.087130 0.033470 0.046870 0.049530 0.039770 
0.088610 0.033620 0.036890 0.080480 0.085360 
0.014750 0.040430 0.050680 0.038260 0.040900 
0.069580 0.058540 0.064720 0.010490 0.029920 
66
0.479817 0.014405 0.046210 
0.462778 0.970568 0.462022 
0.057405 0.015027 0.491768 
0.050837 0.002952 0.101834 0.464739 0.011914 
0.032959 0.012398 0.013506 0.045350 0.026991 
0.008194 0.025125 0.019138 0.041390 0.031800 
0.039079 0.031094 0.021628 0.005162 0.013911 
0.087130 0.033470 0.046870 0.049530 0.039770 
0.088610 0.033620 0.036890 0.080480 0.085360 
0.014750 0.040430 0.050680 0.038260 0.040900 
0.069580 0.058540 0.064720 0.010490 0.029920 
67
0.479817 0.014405 0.046210 
0.462778 0.970568 0.462022 
0.057405 0.015027 0.491768 
0.071264 0.003874 0.053885 0.061353 0.013926 
0.035175 0.016923 0.022294 0.314348 0.039495 
0.011374 0.034097 0.024007 0.042254 0.109319 
0.047351 0.044659 0.029532 0.006730 0.018141 
0.087130 0.033470 0.046870 0.049530 0.039770 
0.088610 0.033620 0.036890 0.080480 0.085360 
0.014750 0.040430 0.050680 0.038260 0.040900 
0.069580 0.058540 0.064720 0.010490 0.029920 
68
0.479817 0.014405 0.046210 
0.462778 0.970568 0.462022 
0.057405 0.015027 0.491768 
0.055398 0.004052 0.041939 0.054308 0.013301 
0.053247 0.016484 0.019599 0.407362 0.034851 
0.010420 0.033124 0.023737 0.038246 0.052651 
0.043496 0.046189 0.027860 0.006419 0.017314 
0.087130 0.033470 0.046870 0.049530 0.039770 
0.088610 0.033620 0.036890 0.080480 0.085360 
0.014750 0.040430 0.050680 0.038260 0.040900 
0.069580 0.058540 0.064720 0.010490 0.029920 
69
0.479817 0.014405 0.046210 
0.462778 0.970568 0.462022 
0.057405 0.015027 0.491768 
0.050762 0.009100 0.008814 0.010607 0.035582 
0.015084 0.007072 0.083291 0.011255 0.545396 
0.024371 0.009076 0.010124 0.010103 0.011576 
0.014362 0.027590 0.088286 0.008104 0.019444 
0.087130 0.033470 0.046870 0.049530 0.039770 
0.088610 0.033620 0.036890 0.080480 0.085360 
0.014750 0.040430 0.050680 0.038260 0.040900 
0.069580 0.058540 0.064720 0.010490 0.029920 
70
0.479817 0.014405 0.046210 
0.462778 0.970568 0.462022 
0.057405 0.015027 0.491768 
0.027970 0.004990 0.016671 0.016928 0.053206 
0.027133 0.014331 0.020816 0.018229 0.036286 
0.008928 0.014193 0.013350 0.012766 0.017084 
0.021678 0.020378 0.030070 0.013267 0.611727 
0.087130 0.033470 0.046870 0.049530 0.039770 
0.088610 0.033620 0.036890 0.080480 0.085360 
0.014750 0.040430 0.050680 0.038260 0.040900 
0.069580 0.058540 0.064720 0.010490 0.029920 
71
0.479817 0.014405 0.046210 
0.462778 0.970568 0.462022 
0.057405 0.026326 0.479987 
0.473063 0.010051 0.026206 0.030435 0.021138 
0.046916 0.011811 0.030409 0.029331 0.048612 
0.013634 0.020947 0.018691 0.021338 0.025145 
0.064695 0.033029 0.048479 0.006780 0.019288 
0.087128 0.033469 0.046869 0.049529 0.039769 
0.088608 0.033619 0.036909 0.080478 0.085358 
0.014750 0.040429 0.050679 0.038259 0.040899 
0.069579 0.058539 0.064719 0.010490 0.029919 
72
0.479817 0.014405 0.045103 
0.462778 0.959269 0.474910 
0.057405 0.015027 0.491768 
0.044927 0.011355 0.007811 0.007940 0.035315 
0.015243 0.006530 0.381577 0.010318 0.098299 
0.019729 0.007565 0.011021 0.007693 0.009814 
0.014867 0.025562 0.258252 0.006806 0.019377 
0.087130 0.033470 0.046870 0.049530 0.039770 
0.088610 0.033620 0.036890 0.080480 0.085360 
0.014750 0.040430 0.050680 0.038260 0.040900 
0.069580 0.058540 0.064720 0.010490 0.029920 
73
0.479817 0.014405 0.046210 
0.462778 0.970568 0.462022 
0.057405 0.015027 0.491768 
0.058330 0.011029 0.019019 0.019365 0.270109 
0.032766 0.015304 0.104849 0.021274 0.148805 
0.024616 0.018309 0.016232 0.016152 0.021195 
0.026379 0.030009 0.079293 0.016977 0.049988 
0.087130 0.033470 0.046870 0.049530 0.039770 
0.088610 0.033620 0.036890 0.080480 0.085360 
0.014750 0.040430 0.050680 0.038260 0.040900 
0.069580 0.058540 0.064720 0.010490 0.029920 
74
0.479817 0.014405 0.046210 
0.462778 0.970568 0.462022 
0.057405 0.015027 0.491768 
0.050866 0.003531 0.434211 0.065576 0.011452 
0.039820 0.014014 0.016192 0.043188 0.025532 
0.007937 0.077015 0.020853 0.029446 0.029012 
0.055962 0.035395 0.022892 0.004134 0.012972 
0.087130 0.033470 0.046870 0.049530 0.039770 
0.088610 0.033620 0.036890 0.080480 0.085360 
0.014750 0.040430 0.050680 0.038260 0.040900 
0.069580 0.058540 0.064720 0.010490 0.029920 
75
0.479817 0.014405 0.046210 
0.462778 0.970568 0.462022 
0.057405 0.015027 0.491768 
0.442770 0.011037 0.026276 0.031587 0.024921 
0.048087 0.012124 0.034034 0.030460 0.053975 
0.015161 0.021425 0.018713 0.022449 0.026179 
0.057468 0.041784 0.053744 0.007202 0.020604 
0.087130 0.033470 0.046870 0.049530 0.039770 
0.088610 0.033620 0.036890 0.080480 0.085360 
0.014750 0.040430 0.050680 0.038260 0.040900 
0.069580 0.058540 0.064720 0.010490 0.029920 
76
0.479817 0.014405 0.046210 
0.462778 0.970568 0.462022 
0.057405 0.015027 0.491768 
0.038354 0.009004 0.007884 0.011739 0.481222 
0.015574 0.008051 0.071778 0.009973 0.106529 
0.021853 0.008496 0.009802 0.009837 0.008615 
0.016830 0.021140 0.064535 0.021076 0.057708 
0.087130 0.033470 0.046870 0.049530 0.039770 
0.088610 0.033620 0.036890 0.080480 0.085360 
0.014750 0.040430 0.050680 0.038260 0.040900 
0.069580 0.058540 0.064720 0.010490 0.029920 
77
0.479817 0.014405 0.046210 
0.462778 0.970568 0.462022 
0.057405 0.015027 0.491768 
0.311834 0.010836 0.034734 0.046478 0.023495 
0.054432 0.014530 0.033602 0.040818 0.052944 
0.015411 0.031091 0.022755 0.033382 0.032811 
0.109123 0.042178 0.059100 0.007878 0.022566 
0.087130 0.033470 0.046870 0.049530 0.039770 
0.088610 0.033620 0.036890 0.080480 0.085360 
0.014750 0.040430 0.050680 0.038260 0.040900 
0.069580 0.058540 0.064720 0.010490 0.029920 
78
0.479817 0.014405 0.046210 
0.462778 0.970568 0.462022 
0.057405 0.015027 0.491768 
0.054208 0.004420 0.043343 0.056385 0.014410 
0.035368 0.017010 0.020327 0.058699 0.036146 
0.010954 0.036665 0.023649 0.373055 0.079580 
0.042034 0.039375 0.029292 0.006790 0.018289 
0.087130 0.033470 0.046870 0.049530 0.039770 
0.088610 0.033620 0.036890 0.080480 0.085360 
0.014750 0.040430 0.050680 0.038260 0.040900 
0.069580 0.058540 0.064720 0.010490 0.029920 
79
0.479817 0.014405 0.046210 
0.462778 0.970568 0.462022 
0.057405 0.015027 0.491768 
0.050787 0.005506 0.060459 0.042699 0.015847 
0.054165 0.017249 0.018095 0.044175 0.031605 
0.009528 0.375671 0.026587 0.029267 0.034614 
0.092737 0.039663 0.026198 0.006892 0.018256 
0.087130 0.033470 0.046870 0.049530 0.039770 
0.088610 0.033620 0.036890 0.080480 0.085360 
0.014750 0.040430 0.050680 0.038260 0.040900 
0.069580 0.058540 0.064720 0.010490 0.029920 
80
0.479817 0.014405 0.046210 
0.462778 0.970568 0.462022 
0.057405 0.066895 0.441969 
0.060090 0.005401 0.061184 0.046177 0.016148 
0.060191 0.020966 0.019213 0.051525 0.033722 
0.010270 0.370013 0.026596 0.032333 0.038674 
0.054574 0.039480 0.027386 0.007165 0.018890 
0.087123 0.033467 0.046866 0.049525 0.039766 
0.088693 0.033617 0.036887 0.080473 0.085352 
0.014749 0.040426 0.050675 0.038256 0.040896 
0.069574 0.058535 0.064714 0.010489 0.029917 
81
0.479817 0.014405 0.041531 
0.462778 0.918700 0.516500 
0.057405 0.015027 0.491768 
0.072339 0.006398 0.048645 0.059596 0.023595 
0.067704 0.064893 0.030910 0.059095 0.065098 
0.015247 0.037802 0.024729 0.214577 0.045651 
0.047145 0.042928 0.038317 0.009755 0.025575 
0.087130 0.033470 0.046870 0.049530 0.039770 
0.088610 0.033620 0.036890 0.080480 0.085360 
0.014750 0.040430 0.050680 0.038260 0.040900 
0.069580 0.058540 0.064720 0.010490 0.029920 
82
0.479817 0.014405 0.046210 
0.462778 0.970568 0.462022 
0.057405 0.015027 0.491768 
0.081710 0.012237 0.024104 0.026299 0.055647 
0.037256 0.017932 0.078206 0.028691 0.209578 
0.125061 0.021450 0.015711 0.034427 0.031003 
0.027510 0.034036 0.084302 0.013489 0.041349 
0.087130 0.033470 0.046870 0.049530 0.039770 
0.088610 0.033620 0.036890 0.080480 0.085360 
0.014750 0.040430 0.050680 0.038260 0.040900 
0.069580 0.058540 0.064720 0.010490 0.029920 
83
0.479817 0.014405 0.046210 
0.462778 0.970568 0.462022 
0.057405 0.015027 0.491768 
0.050848 0.005586 0.090557 0.067991 0.017213 
0.063730 0.019481 0.018997 0.049669 0.033165 
0.010363 0.294571 0.028287 0.043215 0.038083 
0.062721 0.051563 0.026521 0.007650 0.019788 
0.087130 0.033470 0.046870 0.049530 0.039770 
0.088610 0.033620 0.036890 0.080480 0.085360 
