%  SAM: modelfromalign v3.5 (July 15, 2005) compiled 12/05/20_11:48:22
%  (c) 1992-2001 Regents of the University of California, Santa Cruz
%
%          Sequence Alignment and Modeling Software System
%         http://www.cse.ucsc.edu/research/compbio/sam.html
%
% ----------------- Citations (SAM, SAM-T2K, HMMs) --------------------
% R. Hughey, A. Krogh, Hidden Markov models for sequence analysis:
%  Extension and analysis of the basic method, CABIOS 12:95-107, 1996.
% K. Karplus, et al., What is the value added by human intervention in protein
%  structure prediction, Proteins: Stucture, Function, Genetics 45(S5):86--91, 2001.
% A. Krogh et al., Hidden Markov models in computational biology:
%  Applications to protein modeling, JMB 235:1501-1531, Feb 1994.
% ---------------------------------------------------------------------
%  trimmed-uniq   Host: gauntlet    Thu Feb 11 16:19:51 2021
%  dgpinheiro     Dir:  /data/GitHub/sfFinder/example/output/subfamily/TEST1/flowerpower/fp-workspace/iter2
% ---------------------------------------------------------------------
% Prior File:  Internal (Name: recode3.20comp) 
%   20 priors on 20 characters.
%  Alignment weights from internal calc.  Total (1.66) Max (0.01) Min (0.01)
%  Weights from alignment method 1 (karplus), b=0.500000, e=0.500000
MODEL --  Model from alignment file trimmed-uniq.a2m
alphabet protein
FREQAVE
0.000000 0.000000 0.000000 
0.000000 0.000000 0.000000 
0.000000 0.000000 0.000000 
0.073430 0.015300 0.056458 0.066691 0.050828 
0.061590 0.029062 0.052889 0.056910 0.086510 
0.026581 0.040714 0.044978 0.042599 0.051826 
0.058672 0.053546 0.061415 0.023200 0.046800 
0.073430 0.015300 0.056458 0.066691 0.050828 
0.061590 0.029062 0.052889 0.056910 0.086510 
0.026581 0.040714 0.044978 0.042599 0.051826 
0.058672 0.053546 0.061415 0.023200 0.046800 
Begin
0.000000 0.000000 0.000000 
0.000000 0.000000 0.000000 
0.000000 0.104745 0.832045 
0.000000 0.000000 0.000000 0.000000 0.000000 
0.000000 0.000000 0.000000 0.000000 0.000000 
0.000000 0.000000 0.000000 0.000000 0.000000 
0.000000 0.000000 0.000000 0.000000 0.000000 
0.087223 0.033411 0.046852 0.049477 0.039668 
0.088421 0.033540 0.036829 0.080822 0.085409 
0.014898 0.040494 0.050592 0.038248 0.041025 
0.069473 0.058566 0.064599 0.010464 0.029990 
1
0.000000 0.014405 0.057370 
0.000000 0.880850 0.110585 
0.040950 0.016501 0.491768 
0.076698 0.014131 0.039989 0.056530 0.048001 
0.043269 0.021241 0.079351 0.054346 0.123298 
0.042473 0.034309 0.034931 0.037244 0.047678 
0.054036 0.054059 0.089035 0.013553 0.035828 
0.087130 0.033470 0.046870 0.049530 0.039770 
0.088610 0.033620 0.036890 0.080480 0.085360 
0.014750 0.040430 0.050680 0.038260 0.040900 
0.069580 0.058540 0.064720 0.010490 0.029920 
2
0.628926 0.015817 0.046210 
0.330124 0.967682 0.462022 
0.040950 0.016501 0.491768 
0.095394 0.013914 0.056799 0.070521 0.032134 
0.068426 0.022019 0.049092 0.062817 0.077164 
0.020723 0.043800 0.058907 0.040299 0.051944 
0.069245 0.060901 0.066534 0.010154 0.029211 
0.087130 0.033470 0.046870 0.049530 0.039770 
0.088610 0.033620 0.036890 0.080480 0.085360 
0.014750 0.040430 0.050680 0.038260 0.040900 
0.069580 0.058540 0.064720 0.010490 0.029920 
3
0.626403 0.015817 0.046210 
0.332647 0.967682 0.462022 
0.041054 0.016487 0.491768 
0.077598 0.012967 0.045672 0.064962 0.036929 
0.044182 0.023227 0.069239 0.065104 0.111788 
0.028444 0.038396 0.043158 0.041684 0.054602 
0.058319 0.056862 0.082406 0.011637 0.032824 
0.087130 0.033470 0.046870 0.049530 0.039770 
0.088610 0.033620 0.036890 0.080480 0.085360 
0.014750 0.040430 0.050680 0.038260 0.040900 
0.069580 0.058540 0.064720 0.010490 0.029920 
4
0.627987 0.015803 0.046210 
0.330959 0.967710 0.462022 
0.041054 0.016487 0.491768 
0.075857 0.012411 0.051139 0.067212 0.036816 
0.052681 0.026038 0.058927 0.064615 0.104435 
0.024466 0.042829 0.047804 0.042430 0.055973 
0.060393 0.056641 0.070909 0.012900 0.035526 
0.087130 0.033470 0.046870 0.049530 0.039770 
0.088610 0.033620 0.036890 0.080480 0.085360 
0.014750 0.040430 0.050680 0.038260 0.040900 
0.069580 0.058540 0.064720 0.010490 0.029920 
5
0.627987 0.015803 0.046210 
0.330959 0.967710 0.462022 
0.041054 0.016487 0.491768 
0.073807 0.010243 0.072262 0.089361 0.026204 
0.068242 0.025596 0.036710 0.077074 0.058681 
0.017946 0.057603 0.053564 0.049946 0.062570 
0.071526 0.061964 0.048749 0.009609 0.028344 
0.087130 0.033470 0.046870 0.049530 0.039770 
0.088610 0.033620 0.036890 0.080480 0.085360 
0.014750 0.040430 0.050680 0.038260 0.040900 
0.069580 0.058540 0.064720 0.010490 0.029920 
6
0.585874 0.015803 0.046210 
0.373073 0.967710 0.462022 
0.042859 0.016253 0.491768 
0.083148 0.008309 0.058079 0.066236 0.029760 
0.064107 0.023555 0.044926 0.073482 0.067931 
0.019342 0.046162 0.036868 0.045257 0.116461 
0.059029 0.053134 0.056810 0.013522 0.033885 
0.087130 0.033470 0.046870 0.049530 0.039770 
0.088610 0.033620 0.036890 0.080480 0.085360 
0.014750 0.040430 0.050680 0.038260 0.040900 
0.069580 0.058540 0.064720 0.010490 0.029920 
7
0.611632 0.015580 0.046210 
0.345510 0.968167 0.462022 
0.042859 0.016253 0.491768 
0.085430 0.007882 0.077012 0.106544 0.028518 
0.067949 0.023693 0.039482 0.067948 0.060899 
0.017848 0.049394 0.037677 0.046274 0.060705 
0.071916 0.055374 0.051241 0.012377 0.031839 
0.087130 0.033470 0.046870 0.049530 0.039770 
0.088610 0.033620 0.036890 0.080480 0.085360 
0.014750 0.040430 0.050680 0.038260 0.040900 
0.069580 0.058540 0.064720 0.010490 0.029920 
8
0.611632 0.015580 0.046210 
0.345510 0.968167 0.462022 
0.042859 0.016253 0.491768 
0.083444 0.007487 0.098964 0.072920 0.026975 
0.067984 0.023055 0.039913 0.102408 0.060400 
0.017518 0.050179 0.039055 0.046413 0.054878 
0.061814 0.054436 0.050909 0.011298 0.029950 
0.087130 0.033470 0.046870 0.049530 0.039770 
0.088610 0.033620 0.036890 0.080480 0.085360 
0.014750 0.040430 0.050680 0.038260 0.040900 
0.069580 0.058540 0.064720 0.010490 0.029920 
9
0.611632 0.015580 0.046210 
0.345510 0.968167 0.462022 
0.042859 0.016253 0.491768 
0.085627 0.012613 0.041049 0.044021 0.058182 
0.066135 0.022734 0.067711 0.042029 0.093660 
0.024685 0.037007 0.033500 0.030898 0.039135 
0.052231 0.048926 0.081674 0.028427 0.089758 
0.087130 0.033470 0.046870 0.049530 0.039770 
0.088610 0.033620 0.036890 0.080480 0.085360 
0.014750 0.040430 0.050680 0.038260 0.040900 
0.069580 0.058540 0.064720 0.010490 0.029920 
10
0.609204 0.015580 0.046210 
0.347938 0.968167 0.462022 
0.042963 0.016241 0.491768 
0.093896 0.010065 0.052389 0.056652 0.040402 
0.067715 0.023960 0.054032 0.054470 0.077336 
0.021793 0.043005 0.035630 0.054718 0.050053 
0.057022 0.051957 0.065879 0.015905 0.073122 
0.087130 0.033470 0.046870 0.049530 0.039770 
0.088610 0.033620 0.036890 0.080480 0.085360 
0.014750 0.040430 0.050680 0.038260 0.040900 
0.069580 0.058540 0.064720 0.010490 0.029920 
11
0.610686 0.015567 0.046210 
0.346351 0.968192 0.462022 
0.042963 0.016241 0.491768 
0.081426 0.009983 0.094429 0.063695 0.028932 
0.071674 0.023188 0.043409 0.096167 0.063670 
0.018410 0.051819 0.040715 0.042548 0.053388 
0.064594 0.055157 0.053487 0.011902 0.031408 
0.087130 0.033470 0.046870 0.049530 0.039770 
0.088610 0.033620 0.036890 0.080480 0.085360 
0.014750 0.040430 0.050680 0.038260 0.040900 
0.069580 0.058540 0.064720 0.010490 0.029920 
12
0.361573 0.015567 0.046210 
0.595464 0.968192 0.462022 
0.057216 0.015038 0.491768 
0.053002 0.010125 0.010613 0.011917 0.056782 
0.018266 0.008980 0.081535 0.012828 0.377352 
0.155095 0.010552 0.010285 0.011809 0.014079 
0.015651 0.030927 0.078399 0.009196 0.022608 
0.087130 0.033470 0.046870 0.049530 0.039770 
0.088610 0.033620 0.036890 0.080480 0.085360 
0.014750 0.040430 0.050680 0.038260 0.040900 
0.069580 0.058540 0.064720 0.010490 0.029920 
13
0.481528 0.014415 0.046210 
0.461255 0.970546 0.462022 
0.057216 0.015038 0.491768 
0.074677 0.006590 0.029254 0.032366 0.018549 
0.029719 0.011853 0.030388 0.032549 0.042988 
0.023000 0.028265 0.019577 0.024120 0.025413 
0.073629 0.431118 0.042156 0.006090 0.017698 
0.087130 0.033470 0.046870 0.049530 0.039770 
0.088610 0.033620 0.036890 0.080480 0.085360 
0.014750 0.040430 0.050680 0.038260 0.040900 
0.069580 0.058540 0.064720 0.010490 0.029920 
14
0.479861 0.014415 0.046210 
0.462922 0.970546 0.462022 
0.057312 0.015033 0.491768 
0.042241 0.004027 0.032602 0.039625 0.012766 
0.031398 0.013836 0.018187 0.044204 0.031971 
0.009299 0.026628 0.020212 0.028426 0.518185 
0.032862 0.046510 0.025752 0.005811 0.015459 
0.087130 0.033470 0.046870 0.049530 0.039770 
0.088610 0.033620 0.036890 0.080480 0.085360 
0.014750 0.040430 0.050680 0.038260 0.040900 
0.069580 0.058540 0.064720 0.010490 0.029920 
15
0.480663 0.014410 0.046210 
0.462025 0.970557 0.462022 
0.057312 0.015033 0.491768 
0.052022 0.004588 0.234923 0.052348 0.013793 
0.253359 0.015101 0.016364 0.039925 0.026932 
0.009026 0.063378 0.023486 0.031016 0.032834 
0.053985 0.034367 0.020827 0.005919 0.015806 
0.087130 0.033470 0.046870 0.049530 0.039770 
0.088610 0.033620 0.036890 0.080480 0.085360 
0.014750 0.040430 0.050680 0.038260 0.040900 
0.069580 0.058540 0.064720 0.010490 0.029920 
16
0.480663 0.014410 0.046210 
0.462025 0.970557 0.462022 
0.057312 0.015033 0.491768 
0.039344 0.008180 0.008177 0.010014 0.032398 
0.013459 0.006383 0.062394 0.010657 0.601463 
0.028945 0.008440 0.009336 0.009400 0.010669 
0.013072 0.029705 0.073095 0.007356 0.017513 
0.087130 0.033470 0.046870 0.049530 0.039770 
0.088610 0.033620 0.036890 0.080480 0.085360 
0.014750 0.040430 0.050680 0.038260 0.040900 
0.069580 0.058540 0.064720 0.010490 0.029920 
17
0.479037 0.014410 0.046210 
0.463651 0.970557 0.462022 
0.057405 0.015027 0.491768 
0.079615 0.004932 0.101084 0.030658 0.013338 
0.421956 0.013790 0.017431 0.032485 0.025778 
0.009969 0.058642 0.022669 0.020447 0.023319 
0.054838 0.029382 0.017569 0.006102 0.015997 
0.087130 0.033470 0.046870 0.049530 0.039770 
0.088610 0.033620 0.036890 0.080480 0.085360 
0.014750 0.040430 0.050680 0.038260 0.040900 
0.069580 0.058540 0.064720 0.010490 0.029920 
18
0.479817 0.014405 0.046210 
0.462778 0.970568 0.462022 
0.057405 0.015027 0.491768 
0.014150 0.004750 0.006568 0.008440 0.032675 
0.014499 0.005069 0.014593 0.006656 0.038261 
0.009170 0.005432 0.006344 0.004350 0.011269 
0.009239 0.007889 0.019306 0.753218 0.028124 
0.087130 0.033470 0.046870 0.049530 0.039770 
0.088610 0.033620 0.036890 0.080480 0.085360 
0.014750 0.040430 0.050680 0.038260 0.040900 
0.069580 0.058540 0.064720 0.010490 0.029920 
19
0.479817 0.014405 0.046210 
0.462778 0.970568 0.462022 
0.057405 0.015027 0.491768 
0.067047 0.001621 0.171356 0.366394 0.011346 
0.029804 0.009860 0.011002 0.050515 0.025596 
0.007756 0.026469 0.015603 0.062435 0.027653 
0.048764 0.032184 0.018666 0.004257 0.011672 
0.087130 0.033470 0.046870 0.049530 0.039770 
0.088610 0.033620 0.036890 0.080480 0.085360 
0.014750 0.040430 0.050680 0.038260 0.040900 
0.069580 0.058540 0.064720 0.010490 0.029920 
20
0.479817 0.014405 0.046210 
0.462778 0.970568 0.462022 
0.057405 0.015027 0.491768 
0.046577 0.006106 0.031202 0.032975 0.024165 
0.031096 0.012131 0.027263 0.032854 0.042087 
0.010391 0.030246 0.062830 0.024336 0.025292 
0.078446 0.419461 0.039053 0.005912 0.017577 
0.087130 0.033470 0.046870 0.049530 0.039770 
0.088610 0.033620 0.036890 0.080480 0.085360 
0.014750 0.040430 0.050680 0.038260 0.040900 
0.069580 0.058540 0.064720 0.010490 0.029920 
21
0.479817 0.014405 0.046210 
0.462778 0.970568 0.462022 
0.057405 0.015027 0.491768 
0.041186 0.006063 0.031384 0.028951 0.013992 
0.032693 0.010200 0.022126 0.025726 0.020424 
0.007083 0.034174 0.020745 0.021267 0.017857 
0.268478 0.340365 0.036708 0.004626 0.015953 
0.087130 0.033470 0.046870 0.049530 0.039770 
0.088610 0.033620 0.036890 0.080480 0.085360 
0.014750 0.040430 0.050680 0.038260 0.040900 
0.069580 0.058540 0.064720 0.010490 0.029920 
22
0.479817 0.014405 0.046210 
0.462778 0.970568 0.462022 
0.057405 0.015027 0.491768 
0.023707 0.004477 0.013647 0.013556 0.048781 
0.022075 0.012639 0.020770 0.013483 0.033718 
0.008134 0.011688 0.011327 0.010388 0.014119 
0.018200 0.017292 0.027493 0.012005 0.662500 
0.087130 0.033470 0.046870 0.049530 0.039770 
0.088610 0.033620 0.036890 0.080480 0.085360 
0.014750 0.040430 0.050680 0.038260 0.040900 
0.069580 0.058540 0.064720 0.010490 0.029920 
23
0.479817 0.014405 0.046210 
0.462778 0.970568 0.462022 
0.057405 0.015027 0.491768 
0.049147 0.004219 0.038857 0.066154 0.013738 
0.031326 0.015137 0.019724 0.051195 0.034837 
0.010366 0.029788 0.021178 0.426298 0.039926 
0.037813 0.036067 0.051432 0.006189 0.016611 
0.087130 0.033470 0.046870 0.049530 0.039770 
0.088610 0.033620 0.036890 0.080480 0.085360 
0.014750 0.040430 0.050680 0.038260 0.040900 
0.069580 0.058540 0.064720 0.010490 0.029920 
24
0.479817 0.014405 0.046210 
0.462778 0.970568 0.462022 
0.057405 0.015027 0.491768 
0.074078 0.004136 0.046254 0.033609 0.019907 
0.040321 0.010126 0.029199 0.077475 0.046914 
0.006155 0.029839 0.348616 0.023707 0.029537 
0.070431 0.042060 0.043344 0.006245 0.018049 
0.087130 0.033470 0.046870 0.049530 0.039770 
0.088610 0.033620 0.036890 0.080480 0.085360 
0.014750 0.040430 0.050680 0.038260 0.040900 
0.069580 0.058540 0.064720 0.010490 0.029920 
25
0.479817 0.014405 0.046210 
0.462778 0.970568 0.462022 
0.057405 0.015027 0.491768 
0.053442 0.004953 0.037539 0.077582 0.016743 
0.035154 0.016868 0.025360 0.075517 0.042285 
0.328058 0.031057 0.023232 0.034354 0.061699 
0.038161 0.037467 0.033284 0.007487 0.019756 
0.087130 0.033470 0.046870 0.049530 0.039770 
0.088610 0.033620 0.036890 0.080480 0.085360 
0.014750 0.040430 0.050680 0.038260 0.040900 
0.069580 0.058540 0.064720 0.010490 0.029920 
26
0.479817 0.014405 0.046210 
0.462778 0.970568 0.462022 
0.057405 0.015027 0.491768 
0.044867 0.002952 0.434351 0.083096 0.010185 
0.036034 0.012914 0.014987 0.046175 0.023402 
0.007433 0.071094 0.018866 0.033949 0.027037 
0.062931 0.033787 0.021076 0.003436 0.011430 
0.087130 0.033470 0.046870 0.049530 0.039770 
0.088610 0.033620 0.036890 0.080480 0.085360 
0.014750 0.040430 0.050680 0.038260 0.040900 
0.069580 0.058540 0.064720 0.010490 0.029920 
27
0.479817 0.014405 0.046210 
0.462778 0.970568 0.462022 
0.057405 0.015027 0.491768 
0.103724 0.002835 0.129970 0.117449 0.011929 
0.034229 0.015286 0.019468 0.216270 0.036512 
0.009228 0.035826 0.021160 0.050373 0.052534 
0.046899 0.051064 0.025647 0.005171 0.014427 
0.087130 0.033470 0.046870 0.049530 0.039770 
0.088610 0.033620 0.036890 0.080480 0.085360 
0.014750 0.040430 0.050680 0.038260 0.040900 
0.069580 0.058540 0.064720 0.010490 0.029920 
28
0.479817 0.014405 0.046210 
0.462778 0.970568 0.462022 
0.057405 0.015027 0.491768 
0.051362 0.011030 0.006942 0.006957 0.032517 
0.013313 0.005809 0.169501 0.009295 0.093501 
0.017375 0.006680 0.010226 0.006696 0.008621 
0.014378 0.025095 0.486939 0.006016 0.017748 
0.087130 0.033470 0.046870 0.049530 0.039770 
0.088610 0.033620 0.036890 0.080480 0.085360 
0.014750 0.040430 0.050680 0.038260 0.040900 
0.069580 0.058540 0.064720 0.010490 0.029920 
29
0.479817 0.014405 0.046210 
0.462778 0.970568 0.462022 
0.057405 0.015027 0.491768 
0.022927 0.006698 0.005554 0.010515 0.622664 
0.011464 0.006440 0.033082 0.007725 0.056408 
0.011451 0.005508 0.007469 0.007673 0.004391 
0.014213 0.015474 0.033787 0.027562 0.088995 
0.087130 0.033470 0.046870 0.049530 0.039770 
0.088610 0.033620 0.036890 0.080480 0.085360 
0.014750 0.040430 0.050680 0.038260 0.040900 
0.069580 0.058540 0.064720 0.010490 0.029920 
30
0.479817 0.014405 0.046210 
0.462778 0.970568 0.462022 
0.057405 0.015027 0.491768 
0.025401 0.003242 0.021533 0.016259 0.010005 
0.033152 0.007580 0.011044 0.017615 0.019037 
0.003487 0.014545 0.721420 0.009917 0.013615 
0.022959 0.017626 0.017527 0.003756 0.010282 
0.087130 0.033470 0.046870 0.049530 0.039770 
0.088610 0.033620 0.036890 0.080480 0.085360 
0.014750 0.040430 0.050680 0.038260 0.040900 
0.069580 0.058540 0.064720 0.010490 0.029920 
31
0.479817 0.078498 0.046210 
0.462778 0.906475 0.462022 
0.044554 0.016057 0.491768 
0.080964 0.008204 0.059349 0.088598 0.034450 
0.058637 0.083484 0.040037 0.058526 0.065504 
0.019012 0.047036 0.029614 0.076013 0.048928 
0.055017 0.044754 0.046641 0.014543 0.040690 
0.087130 0.033470 0.046870 0.049530 0.039770 
0.088610 0.033620 0.036890 0.080480 0.085360 
0.014750 0.040430 0.050680 0.038260 0.040900 
0.069580 0.058540 0.064720 0.010490 0.029920 
32
0.596271 0.041465 0.046210 
0.359175 0.942479 0.462022 
0.041055 0.016486 0.491768 
0.089068 0.010502 0.058957 0.081671 0.037206 
0.068151 0.022899 0.061096 0.060211 0.076560 
0.021085 0.045035 0.037046 0.041545 0.049554 
0.064021 0.056547 0.067691 0.014674 0.036482 
0.087130 0.033470 0.046870 0.049530 0.039770 
0.088610 0.033620 0.036890 0.080480 0.085360 
0.014750 0.040430 0.050680 0.038260 0.040900 
0.069580 0.058540 0.064720 0.010490 0.029920 
33
0.421692 0.016195 0.046210 
0.537253 0.967319 0.462022 
0.051650 0.015409 0.491768 
0.032564 0.007243 0.009763 0.013594 0.164830 
0.019185 0.021802 0.033553 0.012824 0.070304 
0.014905 0.012878 0.009412 0.012775 0.016992 
0.023701 0.023208 0.046911 0.029846 0.423711 
0.087130 0.033470 0.046870 0.049530 0.039770 
0.088610 0.033620 0.036890 0.080480 0.085360 
0.014750 0.040430 0.050680 0.038260 0.040900 
0.069580 0.058540 0.064720 0.010490 0.029920 
34
0.433158 0.014770 0.046210 
0.515192 0.969821 0.462022 
0.057313 0.015033 0.491768 
0.077271 0.003264 0.380162 0.083411 0.011306 
0.038862 0.013332 0.015927 0.044445 0.025074 
0.007824 0.070922 0.019828 0.031418 0.027315 
0.060338 0.050875 0.022346 0.003816 0.012263 
0.087130 0.033470 0.046870 0.049530 0.039770 
0.088610 0.033620 0.036890 0.080480 0.085360 
0.014750 0.040430 0.050680 0.038260 0.040900 
0.069580 0.058540 0.064720 0.010490 0.029920 
35
0.479047 0.014410 0.046210 
0.463640 0.970557 0.462022 
0.057405 0.015027 0.491768 
0.083771 0.003495 0.068058 0.094410 0.014698 
0.047809 0.015998 0.025488 0.201406 0.044372 
0.011637 0.034815 0.025015 0.053048 0.073267 
0.058974 0.089463 0.030047 0.006540 0.017686 
0.087130 0.033470 0.046870 0.049530 0.039770 
0.088610 0.033620 0.036890 0.080480 0.085360 
0.014750 0.040430 0.050680 0.038260 0.040900 
0.069580 0.058540 0.064720 0.010490 0.029920 
36
0.479817 0.014405 0.046210 
0.462778 0.970568 0.462022 
0.057405 0.015027 0.491768 
0.024314 0.007163 0.005641 0.012388 0.506827 
0.012301 0.009506 0.028858 0.008538 0.053260 
0.010943 0.006416 0.007593 0.008905 0.005533 
0.019104 0.019181 0.033188 0.034667 0.185673 
0.087130 0.033470 0.046870 0.049530 0.039770 
0.088610 0.033620 0.036890 0.080480 0.085360 
0.014750 0.040430 0.050680 0.038260 0.040900 
0.069580 0.058540 0.064720 0.010490 0.029920 
37
0.479817 0.014405 0.046210 
0.462778 0.970568 0.462022 
0.057405 0.015027 0.491768 
0.046306 0.003083 0.057368 0.512698 0.014810 
0.043344 0.012141 0.013959 0.044905 0.026901 
0.008151 0.024154 0.018391 0.036653 0.031099 
0.035772 0.029912 0.021733 0.005051 0.013570 
0.087130 0.033470 0.046870 0.049530 0.039770 
0.088610 0.033620 0.036890 0.080480 0.085360 
0.014750 0.040430 0.050680 0.038260 0.040900 
0.069580 0.058540 0.064720 0.010490 0.029920 
38
0.479817 0.014405 0.046210 
0.462778 0.970568 0.462022 
0.057405 0.015027 0.491768 
0.039898 0.002747 0.032028 0.015476 0.006324 
0.732412 0.006351 0.007628 0.016828 0.012909 
0.004560 0.020075 0.013996 0.009885 0.016121 
0.026183 0.015977 0.008962 0.003095 0.008546 
0.087130 0.033470 0.046870 0.049530 0.039770 
0.088610 0.033620 0.036890 0.080480 0.085360 
0.014750 0.040430 0.050680 0.038260 0.040900 
0.069580 0.058540 0.064720 0.010490 0.029920 
39
0.479817 0.014405 0.046210 
0.462778 0.970568 0.462022 
0.057405 0.015027 0.491768 
0.039131 0.009024 0.007833 0.008832 0.032228 
0.013897 0.006129 0.526845 0.010027 0.097285 
0.020438 0.007818 0.009829 0.008274 0.009791 
0.013305 0.021274 0.133779 0.006838 0.017422 
0.087130 0.033470 0.046870 0.049530 0.039770 
0.088610 0.033620 0.036890 0.080480 0.085360 
0.014750 0.040430 0.050680 0.038260 0.040900 
0.069580 0.058540 0.064720 0.010490 0.029920 
40
0.479817 0.014405 0.046210 
0.462778 0.970568 0.462022 
0.057405 0.015027 0.491768 
0.065464 0.004752 0.038577 0.051001 0.018410 
0.032730 0.032756 0.044586 0.279889 0.054557 
0.015319 0.029096 0.031410 0.035628 0.056701 
0.037760 0.035515 0.105479 0.008259 0.022111 
0.087130 0.033470 0.046870 0.049530 0.039770 
0.088610 0.033620 0.036890 0.080480 0.085360 
0.014750 0.040430 0.050680 0.038260 0.040900 
0.069580 0.058540 0.064720 0.010490 0.029920 
41
0.479817 0.014405 0.046210 
0.462778 0.970568 0.462022 
0.057405 0.015027 0.491768 
0.051979 0.010279 0.008306 0.009133 0.033701 
0.019590 0.006583 0.458727 0.010940 0.097400 
0.022618 0.008170 0.010614 0.008570 0.010475 
0.015080 0.024831 0.167429 0.006902 0.018671 
0.087130 0.033470 0.046870 0.049530 0.039770 
0.088610 0.033620 0.036890 0.080480 0.085360 
0.014750 0.040430 0.050680 0.038260 0.040900 
0.069580 0.058540 0.064720 0.010490 0.029920 
42
0.479817 0.014405 0.046210 
0.462778 0.970568 0.462022 
0.057405 0.015027 0.491768 
0.049680 0.004855 0.040131 0.077600 0.017514 
0.036903 0.288016 0.020854 0.080064 0.036082 
0.011216 0.034698 0.023006 0.034229 0.053252 
0.041774 0.091693 0.028979 0.008288 0.021168 
0.087130 0.033470 0.046870 0.049530 0.039770 
0.088610 0.033620 0.036890 0.080480 0.085360 
0.014750 0.040430 0.050680 0.038260 0.040900 
0.069580 0.058540 0.064720 0.010490 0.029920 
43
0.479817 0.014405 0.046210 
0.462778 0.970568 0.462022 
0.057405 0.015027 0.491768 
0.045244 0.003019 0.494684 0.063648 0.009682 
0.044126 0.012359 0.014330 0.038652 0.021907 
0.006861 0.069936 0.018354 0.025631 0.025327 
0.040297 0.031482 0.020078 0.003351 0.011032 
0.087130 0.033470 0.046870 0.049530 0.039770 
0.088610 0.033620 0.036890 0.080480 0.085360 
0.014750 0.040430 0.050680 0.038260 0.040900 
0.069580 0.058540 0.064720 0.010490 0.029920 
44
0.479817 0.014405 0.046210 
0.462778 0.970568 0.462022 
0.057405 0.015027 0.491768 
0.018684 0.004647 0.009485 0.011945 0.067596 
0.014321 0.011452 0.020416 0.011600 0.043453 
0.010245 0.009825 0.008674 0.008776 0.015122 
0.015118 0.014221 0.021382 0.622899 0.060140 
0.087130 0.033470 0.046870 0.049530 0.039770 
0.088610 0.033620 0.036890 0.080480 0.085360 
0.014750 0.040430 0.050680 0.038260 0.040900 
0.069580 0.058540 0.064720 0.010490 0.029920 
45
0.479817 0.014405 0.046210 
0.462778 0.970568 0.462022 
0.057405 0.015027 0.491768 
0.044515 0.003249 0.359154 0.099432 0.011226 
0.043283 0.013543 0.015139 0.040382 0.025371 
0.007238 0.100272 0.020160 0.029324 0.024411 
0.092185 0.035028 0.020557 0.003912 0.011619 
0.087130 0.033470 0.046870 0.049530 0.039770 
0.088610 0.033620 0.036890 0.080480 0.085360 
0.014750 0.040430 0.050680 0.038260 0.040900 
0.069580 0.058540 0.064720 0.010490 0.029920 
46
0.479817 0.014405 0.046210 
0.462778 0.970568 0.462022 
0.057405 0.015027 0.491768 
0.149006 0.004105 0.047309 0.065362 0.013798 
0.174279 0.014825 0.022020 0.191497 0.037541 
0.010878 0.034245 0.023963 0.038297 0.044560 
0.044581 0.033610 0.027158 0.006190 0.016776 
0.087130 0.033470 0.046870 0.049530 0.039770 
0.088610 0.033620 0.036890 0.080480 0.085360 
0.014750 0.040430 0.050680 0.038260 0.040900 
0.069580 0.058540 0.064720 0.010490 0.029920 
47
0.479817 0.014405 0.046210 
0.462778 0.970568 0.462022 
0.057405 0.015027 0.491768 
0.014508 0.004235 0.004133 0.008400 0.050066 
0.011081 0.005050 0.017468 0.006549 0.047873 
0.011587 0.004407 0.004630 0.004265 0.012877 
0.008512 0.007409 0.022639 0.716694 0.037616 
0.087130 0.033470 0.046870 0.049530 0.039770 
0.088610 0.033620 0.036890 0.080480 0.085360 
0.014750 0.040430 0.050680 0.038260 0.040900 
0.069580 0.058540 0.064720 0.010490 0.029920 
48
0.479817 0.014405 0.046210 
0.462778 0.970568 0.462022 
0.057405 0.015027 0.491768 
0.055093 0.001936 0.124124 0.428519 0.011144 
0.028603 0.010271 0.011516 0.044401 0.025492 
0.007899 0.021630 0.016052 0.070979 0.028262 
0.040687 0.029061 0.027777 0.004452 0.012104 
0.087130 0.033470 0.046870 0.049530 0.039770 
0.088610 0.033620 0.036890 0.080480 0.085360 
0.014750 0.040430 0.050680 0.038260 0.040900 
0.069580 0.058540 0.064720 0.010490 0.029920 
49
0.479817 0.014405 0.046210 
0.462778 0.970568 0.462022 
0.057405 0.015027 0.491768 
0.035987 0.002969 0.537455 0.084621 0.009444 
0.033680 0.011431 0.012511 0.034345 0.020491 
0.006241 0.049125 0.017793 0.024202 0.023769 
0.035123 0.027779 0.018503 0.003576 0.010954 
0.087130 0.033470 0.046870 0.049530 0.039770 
0.088610 0.033620 0.036890 0.080480 0.085360 
0.014750 0.040430 0.050680 0.038260 0.040900 
0.069580 0.058540 0.064720 0.010490 0.029920 
50
0.479817 0.014405 0.046210 
0.462778 0.970568 0.462022 
0.057405 0.015027 0.491768 
0.047763 0.004733 0.028762 0.033732 0.009900 
0.030856 0.010303 0.016226 0.030717 0.027991 
0.005913 0.018788 0.589032 0.017849 0.022418 
0.040427 0.027038 0.025003 0.003169 0.009380 
0.087130 0.033470 0.046870 0.049530 0.039770 
0.088610 0.033620 0.036890 0.080480 0.085360 
0.014750 0.040430 0.050680 0.038260 0.040900 
0.069580 0.058540 0.064720 0.010490 0.029920 
51
0.479817 0.014405 0.046210 
0.462778 0.970568 0.462022 
0.057405 0.015027 0.491768 
0.025289 0.006835 0.007557 0.011631 0.604127 
0.014617 0.007052 0.032420 0.008969 0.057587 
0.011875 0.006914 0.008855 0.008409 0.005968 
0.015607 0.016683 0.035481 0.025705 0.088416 
0.087130 0.033470 0.046870 0.049530 0.039770 
0.088610 0.033620 0.036890 0.080480 0.085360 
0.014750 0.040430 0.050680 0.038260 0.040900 
0.069580 0.058540 0.064720 0.010490 0.029920 
52
0.479817 0.014405 0.046210 
0.462778 0.970568 0.462022 
0.057405 0.015027 0.491768 
0.045295 0.003836 0.035234 0.044680 0.012360 
0.030871 0.014928 0.017837 0.079995 0.031590 
0.009645 0.029220 0.020948 0.032304 0.473931 
0.035503 0.034077 0.025673 0.006018 0.016053 
0.087130 0.033470 0.046870 0.049530 0.039770 
0.088610 0.033620 0.036890 0.080480 0.085360 
0.014750 0.040430 0.050680 0.038260 0.040900 
0.069580 0.058540 0.064720 0.010490 0.029920 
53
0.479817 0.014405 0.046210 
0.462778 0.970568 0.462022 
0.057405 0.015027 0.491768 
0.037193 0.008148 0.006019 0.007243 0.032575 
0.011582 0.005584 0.078987 0.007591 0.589221 
0.050546 0.006673 0.008108 0.007735 0.008362 
0.010805 0.018475 0.081031 0.007167 0.016954 
0.087130 0.033470 0.046870 0.049530 0.039770 
0.088610 0.033620 0.036890 0.080480 0.085360 
0.014750 0.040430 0.050680 0.038260 0.040900 
0.069580 0.058540 0.064720 0.010490 0.029920 
54
0.479817 0.014405 0.046210 
0.462778 0.970568 0.462022 
0.057405 0.015027 0.491768 
0.037502 0.004899 0.028152 0.028695 0.013204 
0.030038 0.010831 0.019293 0.028545 0.026728 
0.007717 0.025564 0.019017 0.020553 0.022349 
0.077634 0.550897 0.029065 0.004905 0.014413 
0.087130 0.033470 0.046870 0.049530 0.039770 
0.088610 0.033620 0.036890 0.080480 0.085360 
0.014750 0.040430 0.050680 0.038260 0.040900 
0.069580 0.058540 0.064720 0.010490 0.029920 
55
0.479817 0.014405 0.046210 
0.462778 0.970568 0.462022 
0.057405 0.015027 0.491768 
0.050541 0.009115 0.014038 0.017193 0.035819 
0.021179 0.008944 0.063468 0.018199 0.103778 
0.418629 0.013314 0.012768 0.014421 0.016811 
0.020507 0.026002 0.090233 0.008598 0.036442 
0.087130 0.033470 0.046870 0.049530 0.039770 
0.088610 0.033620 0.036890 0.080480 0.085360 
0.014750 0.040430 0.050680 0.038260 0.040900 
0.069580 0.058540 0.064720 0.010490 0.029920 
56
0.479817 0.014405 0.046210 
0.462778 0.970568 0.462022 
0.057405 0.015027 0.491768 
0.035993 0.003159 0.545566 0.046419 0.009712 
0.033920 0.011952 0.013152 0.035638 0.021431 
0.006516 0.048738 0.024705 0.023603 0.041326 
0.035104 0.028512 0.019274 0.003807 0.011474 
0.087130 0.033470 0.046870 0.049530 0.039770 
0.088610 0.033620 0.036890 0.080480 0.085360 
0.014750 0.040430 0.050680 0.038260 0.040900 
0.069580 0.058540 0.064720 0.010490 0.029920 
57
0.479817 0.014405 0.046210 
0.462778 0.970568 0.462022 
0.057405 0.015027 0.491768 
0.427965 0.008398 0.033259 0.058847 0.018056 
0.044169 0.013225 0.025567 0.040032 0.041701 
0.012433 0.030401 0.019424 0.027561 0.031922 
0.064518 0.036016 0.041466 0.006506 0.018535 
0.087130 0.033470 0.046870 0.049530 0.039770 
0.088610 0.033620 0.036890 0.080480 0.085360 
0.014750 0.040430 0.050680 0.038260 0.040900 
0.069580 0.058540 0.064720 0.010490 0.029920 
58
0.479817 0.014405 0.046210 
0.462778 0.970568 0.462022 
0.057405 0.015027 0.491768 
0.027180 0.008577 0.014995 0.017233 0.100835 
0.017734 0.027671 0.028524 0.018012 0.053860 
0.013629 0.017011 0.012339 0.012965 0.018542 
0.021947 0.020112 0.031241 0.030044 0.507548 
0.087130 0.033470 0.046870 0.049530 0.039770 
0.088610 0.033620 0.036890 0.080480 0.085360 
0.014750 0.040430 0.050680 0.038260 0.040900 
0.069580 0.058540 0.064720 0.010490 0.029920 
59
0.479817 0.014405 0.046210 
0.462778 0.970568 0.462022 
0.057405 0.015027 0.491768 
0.015531 0.004168 0.005486 0.008940 0.037988 
0.012456 0.005202 0.017909 0.007327 0.045968 
0.011037 0.005216 0.005553 0.004854 0.012563 
0.009240 0.008334 0.034561 0.715461 0.032206 
0.087130 0.033470 0.046870 0.049530 0.039770 
0.088610 0.033620 0.036890 0.080480 0.085360 
0.014750 0.040430 0.050680 0.038260 0.040900 
0.069580 0.058540 0.064720 0.010490 0.029920 
60
0.479817 0.014405 0.046210 
0.462778 0.970568 0.462022 
0.057405 0.015027 0.491768 
0.047604 0.003795 0.036904 0.047518 0.012189 
0.030973 0.022847 0.017552 0.490833 0.031395 
0.010203 0.030073 0.021228 0.034081 0.042452 
0.038625 0.034654 0.025424 0.005874 0.015773 
0.087130 0.033470 0.046870 0.049530 0.039770 
0.088610 0.033620 0.036890 0.080480 0.085360 
0.014750 0.040430 0.050680 0.038260 0.040900 
0.069580 0.058540 0.064720 0.010490 0.029920 
61
0.479817 0.014405 0.046210 
0.462778 0.970568 0.462022 
0.057405 0.015027 0.491768 
0.025236 0.006497 0.006955 0.011688 0.304434 
0.014335 0.017823 0.029451 0.010505 0.048414 
0.011385 0.011577 0.007622 0.010708 0.012500 
0.020188 0.019681 0.039408 0.029916 0.361677 
0.087130 0.033470 0.046870 0.049530 0.039770 
0.088610 0.033620 0.036890 0.080480 0.085360 
0.014750 0.040430 0.050680 0.038260 0.040900 
0.069580 0.058540 0.064720 0.010490 0.029920 
62
0.479817 0.014405 0.046210 
0.462778 0.970568 0.462022 
0.057405 0.015027 0.491768 
0.041021 0.004146 0.032986 0.039741 0.013076 
0.032003 0.013397 0.018218 0.041375 0.032137 
0.009087 0.025666 0.020049 0.535035 0.032615 
0.032278 0.030686 0.025779 0.005652 0.015054 
0.087130 0.033470 0.046870 0.049530 0.039770 
0.088610 0.033620 0.036890 0.080480 0.085360 
0.014750 0.040430 0.050680 0.038260 0.040900 
0.069580 0.058540 0.064720 0.010490 0.029920 
63
0.479817 0.014405 0.046210 
0.462778 0.970568 0.462022 
0.057405 0.015027 0.491768 
0.190565 0.010429 0.032026 0.028411 0.020967 
0.255694 0.012507 0.026876 0.026728 0.041344 
0.013276 0.034291 0.021843 0.019607 0.025739 
0.129845 0.035663 0.046379 0.007418 0.020391 
0.087130 0.033470 0.046870 0.049530 0.039770 
0.088610 0.033620 0.036890 0.080480 0.085360 
0.014750 0.040430 0.050680 0.038260 0.040900 
0.069580 0.058540 0.064720 0.010490 0.029920 
64
0.479817 0.014405 0.046210 
0.462778 0.970568 0.462022 
0.057405 0.015027 0.491768 
0.044240 0.002943 0.060236 0.528213 0.010885 
0.041001 0.011718 0.012780 0.040938 0.024854 
0.007557 0.023270 0.017974 0.035065 0.029692 
0.034549 0.035953 0.020308 0.004826 0.013001 
0.087130 0.033470 0.046870 0.049530 0.039770 
0.088610 0.033620 0.036890 0.080480 0.085360 
0.014750 0.040430 0.050680 0.038260 0.040900 
0.069580 0.058540 0.064720 0.010490 0.029920 
65
0.479817 0.014405 0.046210 
0.462778 0.970568 0.462022 
0.057405 0.015027 0.491768 
0.045735 0.004953 0.043384 0.068791 0.011157 
0.034576 0.018789 0.018012 0.387818 0.032191 
0.009982 0.035917 0.027741 0.045907 0.090272 
0.043510 0.037848 0.025084 0.004508 0.013823 
0.087130 0.033470 0.046870 0.049530 0.039770 
0.088610 0.033620 0.036890 0.080480 0.085360 
0.014750 0.040430 0.050680 0.038260 0.040900 
0.069580 0.058540 0.064720 0.010490 0.029920 
66
0.479817 0.014405 0.046210 
0.462778 0.970568 0.462022 
0.057405 0.015027 0.491768 
0.044654 0.002553 0.101927 0.519209 0.010456 
0.029701 0.010740 0.011410 0.038889 0.023266 
0.007094 0.021544 0.016999 0.037199 0.027198 
0.034575 0.027183 0.018752 0.004496 0.012155 
0.087130 0.033470 0.046870 0.049530 0.039770 
0.088610 0.033620 0.036890 0.080480 0.085360 
0.014750 0.040430 0.050680 0.038260 0.040900 
0.069580 0.058540 0.064720 0.010490 0.029920 
67
0.479817 0.014405 0.046210 
0.462778 0.970568 0.462022 
0.057405 0.015027 0.491768 
0.056632 0.003774 0.045585 0.048805 0.012922 
0.030990 0.015500 0.019906 0.114814 0.034879 
0.010650 0.030373 0.021306 0.034930 0.383741 
0.041168 0.043045 0.027413 0.006433 0.017134 
0.087130 0.033470 0.046870 0.049530 0.039770 
0.088610 0.033620 0.036890 0.080480 0.085360 
0.014750 0.040430 0.050680 0.038260 0.040900 
0.069580 0.058540 0.064720 0.010490 0.029920 
68
0.479817 0.014405 0.046210 
0.462778 0.970568 0.462022 
0.057405 0.015027 0.491768 
0.047193 0.003696 0.036634 0.046976 0.011768 
0.052188 0.014850 0.016774 0.477204 0.030070 
0.009109 0.029538 0.021058 0.033466 0.043185 
0.038555 0.042152 0.024498 0.005715 0.015371 
0.087130 0.033470 0.046870 0.049530 0.039770 
0.088610 0.033620 0.036890 0.080480 0.085360 
0.014750 0.040430 0.050680 0.038260 0.040900 
0.069580 0.058540 0.064720 0.010490 0.029920 
69
0.479817 0.014405 0.046210 
0.462778 0.970568 0.462022 
0.057405 0.015027 0.491768 
0.043415 0.008089 0.007040 0.008575 0.032127 
0.012474 0.005900 0.076260 0.009054 0.600509 
0.022108 0.007495 0.008703 0.008364 0.009410 
0.011927 0.024235 0.080114 0.007170 0.017028 
0.087130 0.033470 0.046870 0.049530 0.039770 
0.088610 0.033620 0.036890 0.080480 0.085360 
0.014750 0.040430 0.050680 0.038260 0.040900 
0.069580 0.058540 0.064720 0.010490 0.029920 
70
0.479817 0.014405 0.046210 
0.462778 0.970568 0.462022 
0.057405 0.015027 0.491768 
0.022668 0.004211 0.014405 0.013626 0.044632 
0.024568 0.012223 0.016691 0.014398 0.029323 
0.007128 0.011830 0.011818 0.010082 0.013837 
0.018131 0.016755 0.024640 0.011161 0.677872 
0.087130 0.033470 0.046870 0.049530 0.039770 
0.088610 0.033620 0.036890 0.080480 0.085360 
0.014750 0.040430 0.050680 0.038260 0.040900 
0.069580 0.058540 0.064720 0.010490 0.029920 
71
0.479817 0.014405 0.046210 
0.462778 0.970568 0.462022 
0.057405 0.026326 0.479987 
0.526137 0.009223 0.022555 0.025786 0.018445 
0.042185 0.010290 0.025865 0.024636 0.041403 
0.011766 0.018171 0.016423 0.018145 0.021466 
0.072485 0.029173 0.042988 0.005919 0.016940 
0.087128 0.033469 0.046869 0.049529 0.039769 
0.088608 0.033619 0.036909 0.080478 0.085358 
0.014750 0.040429 0.050679 0.038259 0.040899 
0.069579 0.058539 0.064719 0.010490 0.029919 
72
0.479817 0.014405 0.045103 
0.462778 0.959269 0.474910 
0.057405 0.015027 0.491768 
0.039949 0.011525 0.006128 0.005418 0.032107 
0.011506 0.005428 0.322656 0.008537 0.083692 
0.015445 0.005700 0.010091 0.005442 0.007584 
0.013004 0.024744 0.368314 0.005428 0.017301 
0.087130 0.033470 0.046870 0.049530 0.039770 
0.088610 0.033620 0.036890 0.080480 0.085360 
0.014750 0.040430 0.050680 0.038260 0.040900 
0.069580 0.058540 0.064720 0.010490 0.029920 
73
0.479817 0.014405 0.046210 
0.462778 0.970568 0.462022 
0.057405 0.015027 0.491768 
0.051046 0.010814 0.011320 0.011455 0.042925 
0.019555 0.008509 0.340676 0.016892 0.210138 
0.028195 0.010047 0.011526 0.011003 0.016414 
0.016523 0.025717 0.127295 0.008150 0.021800 
0.087130 0.033470 0.046870 0.049530 0.039770 
0.088610 0.033620 0.036890 0.080480 0.085360 
0.014750 0.040430 0.050680 0.038260 0.040900 
0.069580 0.058540 0.064720 0.010490 0.029920 
74
0.479817 0.014405 0.046210 
0.462778 0.970568 0.462022 
0.057405 0.015027 0.491768 
0.045272 0.003013 0.465997 0.071515 0.009867 
0.036085 0.012751 0.014836 0.040057 0.022528 
0.007123 0.080007 0.018695 0.026978 0.025916 
0.051380 0.032900 0.020707 0.003272 0.011104 
0.087130 0.033470 0.046870 0.049530 0.039770 
0.088610 0.033620 0.036890 0.080480 0.085360 
0.014750 0.040430 0.050680 0.038260 0.040900 
0.069580 0.058540 0.064720 0.010490 0.029920 
75
0.479817 0.014405 0.046210 
0.462778 0.970568 0.462022 
0.057405 0.015027 0.491768 
0.352220 0.011120 0.025228 0.029949 0.022658 
0.048938 0.011221 0.029484 0.027768 0.045858 
0.013476 0.021096 0.018073 0.020935 0.023572 
0.176490 0.045178 0.050737 0.006626 0.019373 
0.087130 0.033470 0.046870 0.049530 0.039770 
0.088610 0.033620 0.036890 0.080480 0.085360 
0.014750 0.040430 0.050680 0.038260 0.040900 
0.069580 0.058540 0.064720 0.010490 0.029920 
76
0.479817 0.014405 0.046210 
0.462778 0.970568 0.462022 
0.057405 0.015027 0.491768 
0.032270 0.008060 0.006221 0.010351 0.541999 
0.012477 0.006740 0.062092 0.008640 0.094562 
0.019056 0.006768 0.008400 0.008572 0.006788 
0.014577 0.018478 0.055789 0.021379 0.056781 
0.087130 0.033470 0.046870 0.049530 0.039770 
0.088610 0.033620 0.036890 0.080480 0.085360 
0.014750 0.040430 0.050680 0.038260 0.040900 
0.069580 0.058540 0.064720 0.010490 0.029920 
77
0.479817 0.014405 0.046210 
0.462778 0.970568 0.462022 
0.057405 0.015027 0.491768 
0.283818 0.006470 0.042583 0.063330 0.017959 
0.039909 0.015383 0.026948 0.056921 0.045771 
0.012892 0.033232 0.020556 0.128716 0.041058 
0.061075 0.035804 0.041871 0.006763 0.018942 
0.087130 0.033470 0.046870 0.049530 0.039770 
0.088610 0.033620 0.036890 0.080480 0.085360 
0.014750 0.040430 0.050680 0.038260 0.040900 
0.069580 0.058540 0.064720 0.010490 0.029920 
78
0.479817 0.014405 0.046210 
0.462778 0.970568 0.462022 
0.057405 0.015027 0.491768 
0.046984 0.003941 0.037904 0.048946 0.012566 
0.031473 0.015314 0.017663 0.052180 0.031570 
0.009667 0.033017 0.021366 0.443568 0.072904 
0.037343 0.035505 0.025921 0.006014 0.016155 
0.087130 0.033470 0.046870 0.049530 0.039770 
0.088610 0.033620 0.036890 0.080480 0.085360 
0.014750 0.040430 0.050680 0.038260 0.040900 
0.069580 0.058540 0.064720 0.010490 0.029920 
79
0.479817 0.014405 0.046210 
0.462778 0.970568 0.462022 
0.057405 0.015027 0.491768 
0.043904 0.004654 0.049673 0.037384 0.013043 
0.045545 0.014811 0.015135 0.039416 0.026827 
0.008068 0.454213 0.023146 0.025845 0.030956 
0.089982 0.033770 0.022430 0.005763 0.015437 
0.087130 0.033470 0.046870 0.049530 0.039770 
0.088610 0.033620 0.036890 0.080480 0.085360 
0.014750 0.040430 0.050680 0.038260 0.040900 
0.069580 0.058540 0.064720 0.010490 0.029920 
80
0.479817 0.014405 0.046210 
0.462778 0.970568 0.462022 
0.057405 0.066895 0.441969 
0.055438 0.004618 0.053060 0.044560 0.013678 
0.050713 0.016449 0.017036 0.051191 0.030323 
0.009416 0.414351 0.023912 0.044001 0.038195 
0.048542 0.036729 0.024753 0.006285 0.016749 
0.087123 0.033467 0.046866 0.049525 0.039766 
0.088693 0.033617 0.036887 0.080473 0.085352 
0.014749 0.040426 0.050675 0.038256 0.040896 
0.069574 0.058535 0.064714 0.010489 0.029917 
81
0.479817 0.014405 0.041531 
0.462778 0.918700 0.516500 
0.057405 0.015027 0.491768 
0.061022 0.005095 0.042753 0.054138 0.017800 
0.065668 0.079040 0.023574 0.055285 0.054402 
0.012205 0.033486 0.022247 0.289836 0.042155 
0.041941 0.039812 0.031331 0.007728 0.020482 
0.087130 0.033470 0.046870 0.049530 0.039770 
0.088610 0.033620 0.036890 0.080480 0.085360 
0.014750 0.040430 0.050680 0.038260 0.040900 
0.069580 0.058540 0.064720 0.010490 0.029920 
82
0.479817 0.014405 0.046210 
0.462778 0.970568 0.462022 
0.057405 0.015027 0.491768 
0.074945 0.011946 0.021011 0.022045 0.090562 
0.029937 0.016690 0.075001 0.023307 0.304432 
0.048825 0.019296 0.014005 0.034389 0.025316 
0.024366 0.031166 0.079144 0.012768 0.040851 
0.087130 0.033470 0.046870 0.049530 0.039770 
0.088610 0.033620 0.036890 0.080480 0.085360 
0.014750 0.040430 0.050680 0.038260 0.040900 
0.069580 0.058540 0.064720 0.010490 0.029920 
83
0.479817 0.014405 0.046210 
0.462778 0.970568 0.462022 
0.057405 0.015027 0.491768 
0.048516 0.006538 0.092724 0.051060 0.018080 
0.159223 0.020210 0.016233 0.051345 0.029461 
0.009457 0.230355 0.032086 0.027711 0.031419 
0.080697 0.046694 0.020869 0.007754 0.019566 
0.087130 0.033470 0.046870 0.049530 0.039770 
0.088610 0.033620 0.036890 0.080480 0.085360 
