%  SAM: modelfromalign v3.5 (July 15, 2005) compiled 12/05/20_11:48:22
%  (c) 1992-2001 Regents of the University of California, Santa Cruz
%
%          Sequence Alignment and Modeling Software System
%         http://www.cse.ucsc.edu/research/compbio/sam.html
%
% ----------------- Citations (SAM, SAM-T2K, HMMs) --------------------
% R. Hughey, A. Krogh, Hidden Markov models for sequence analysis:
%  Extension and analysis of the basic method, CABIOS 12:95-107, 1996.
% K. Karplus, et al., What is the value added by human intervention in protein
%  structure prediction, Proteins: Stucture, Function, Genetics 45(S5):86--91, 2001.
% A. Krogh et al., Hidden Markov models in computational biology:
%  Applications to protein modeling, JMB 235:1501-1531, Feb 1994.
% ---------------------------------------------------------------------
%  last   Host: gauntlet    Thu Feb 11 16:21:37 2021
%  dgpinheiro   Dir:  /data/GitHub/sfFinder/example/output/subfamily/TEST1/flowerpower/fp-workspace/final
% ---------------------------------------------------------------------
% Prior File:  Internal (Name: recode3.20comp) 
%   20 priors on 20 characters.
%  Alignment weights from internal calc.  Total (1.57) Max (0.00) Min (0.00)
%  Weights from alignment method 1 (karplus), b=0.500000, e=0.500000
MODEL --  Model from alignment file last.a2m
alphabet protein
FREQAVE
0.000000 0.000000 0.000000 
0.000000 0.000000 0.000000 
0.000000 0.000000 0.000000 
0.073366 0.015731 0.056938 0.066613 0.049655 
0.061768 0.028683 0.052055 0.058198 0.085039 
0.025996 0.041873 0.045380 0.042494 0.052400 
0.059160 0.053814 0.060939 0.022990 0.046909 
0.073366 0.015731 0.056938 0.066613 0.049655 
0.061768 0.028683 0.052055 0.058198 0.085039 
0.025996 0.041873 0.045380 0.042494 0.052400 
0.059160 0.053814 0.060939 0.022990 0.046909 
Begin
0.000000 0.000000 0.000000 
0.000000 0.000000 0.000000 
0.000000 0.102655 0.805442 
0.000000 0.000000 0.000000 0.000000 0.000000 
0.000000 0.000000 0.000000 0.000000 0.000000 
0.000000 0.000000 0.000000 0.000000 0.000000 
0.000000 0.000000 0.000000 0.000000 0.000000 
0.087135 0.033412 0.046877 0.049460 0.039687 
0.088502 0.033556 0.036842 0.080764 0.085459 
0.014906 0.040443 0.050641 0.038240 0.040935 
0.069509 0.058601 0.064641 0.010468 0.029922 
1
0.000000 0.014473 0.062158 
0.000000 0.882872 0.132400 
0.042026 0.016442 0.491768 
0.084105 0.008926 0.057764 0.063114 0.034029 
0.067103 0.022402 0.053412 0.102644 0.076366 
0.031878 0.044622 0.036329 0.042325 0.052729 
0.056687 0.052366 0.064943 0.013591 0.034666 
0.087130 0.033470 0.046870 0.049530 0.039770 
0.088610 0.033620 0.036890 0.080480 0.085360 
0.014750 0.040430 0.050680 0.038260 0.040900 
0.069580 0.058540 0.064720 0.010490 0.029920 
2
0.618666 0.015761 0.046210 
0.339307 0.967797 0.462022 
0.042048 0.016440 0.491768 
0.098336 0.007880 0.060853 0.066649 0.028657 
0.068612 0.022692 0.045385 0.097014 0.065325 
0.018610 0.046866 0.052375 0.044374 0.062574 
0.060057 0.052690 0.057348 0.012022 0.031682 
0.087130 0.033470 0.046870 0.049530 0.039770 
0.088610 0.033620 0.036890 0.080480 0.085360 
0.014750 0.040430 0.050680 0.038260 0.040900 
0.069580 0.058540 0.064720 0.010490 0.029920 
3
0.617844 0.015758 0.046210 
0.340108 0.967802 0.462022 
0.042095 0.016433 0.491768 
0.084785 0.011020 0.042229 0.046551 0.043471 
0.054738 0.020416 0.072499 0.060510 0.162770 
0.031391 0.034353 0.031367 0.033045 0.042591 
0.045289 0.045347 0.084718 0.015503 0.037405 
0.087130 0.033470 0.046870 0.049530 0.039770 
0.088610 0.033620 0.036890 0.080480 0.085360 
0.014750 0.040430 0.050680 0.038260 0.040900 
0.069580 0.058540 0.064720 0.010490 0.029920 
4
0.618547 0.015752 0.046210 
0.339357 0.967814 0.462022 
0.042095 0.016433 0.491768 
0.089235 0.010774 0.051848 0.050877 0.038714 
0.091130 0.023386 0.056575 0.049519 0.117720 
0.022121 0.056577 0.036486 0.034964 0.043126 
0.057112 0.049303 0.068749 0.014704 0.037080 
0.087130 0.033470 0.046870 0.049530 0.039770 
0.088610 0.033620 0.036890 0.080480 0.085360 
0.014750 0.040430 0.050680 0.038260 0.040900 
0.069580 0.058540 0.064720 0.010490 0.029920 
5
0.618547 0.015752 0.046210 
0.339357 0.967814 0.462022 
0.042095 0.016433 0.491768 
0.113913 0.010586 0.052135 0.055353 0.037817 
0.067564 0.022322 0.057469 0.053550 0.107383 
0.022813 0.050385 0.035791 0.041985 0.045500 
0.055343 0.049755 0.070268 0.013892 0.036176 
0.087130 0.033470 0.046870 0.049530 0.039770 
0.088610 0.033620 0.036890 0.080480 0.085360 
0.014750 0.040430 0.050680 0.038260 0.040900 
0.069580 0.058540 0.064720 0.010490 0.029920 
6
0.460775 0.015752 0.046210 
0.497129 0.967814 0.462022 
0.049981 0.015617 0.491768 
0.051508 0.003753 0.038948 0.050950 0.012314 
0.031795 0.015631 0.018097 0.422174 0.032464 
0.009755 0.031083 0.021757 0.036205 0.101342 
0.038984 0.035176 0.025847 0.006026 0.016193 
0.087130 0.033470 0.046870 0.049530 0.039770 
0.088610 0.033620 0.036890 0.080480 0.085360 
0.014750 0.040430 0.050680 0.038260 0.040900 
0.069580 0.058540 0.064720 0.010490 0.029920 
7
0.547091 0.014970 0.046210 
0.402928 0.969413 0.462022 
0.049981 0.015617 0.491768 
0.057303 0.001948 0.248423 0.307242 0.011321 
0.030883 0.010507 0.011755 0.045203 0.025367 
0.007804 0.030236 0.016417 0.050030 0.031517 
0.048346 0.029878 0.019593 0.004285 0.011944 
0.087130 0.033470 0.046870 0.049530 0.039770 
0.088610 0.033620 0.036890 0.080480 0.085360 
0.014750 0.040430 0.050680 0.038260 0.040900 
0.069580 0.058540 0.064720 0.010490 0.029920 
8
0.547091 0.014970 0.046210 
0.402928 0.969413 0.462022 
0.049981 0.015617 0.491768 
0.060191 0.003818 0.073935 0.054330 0.014077 
0.032714 0.016092 0.023039 0.143105 0.040076 
0.011838 0.039736 0.021984 0.037910 0.297066 
0.039130 0.035727 0.029887 0.006941 0.018403 
0.087130 0.033470 0.046870 0.049530 0.039770 
0.088610 0.033620 0.036890 0.080480 0.085360 
0.014750 0.040430 0.050680 0.038260 0.040900 
0.069580 0.058540 0.064720 0.010490 0.029920 
9
0.547091 0.014970 0.046210 
0.402928 0.969413 0.462022 
0.049981 0.015617 0.491768 
0.028108 0.005636 0.011937 0.014963 0.089469 
0.019343 0.020001 0.024335 0.015559 0.042744 
0.010767 0.012933 0.010188 0.013131 0.017876 
0.022361 0.021551 0.036676 0.028569 0.553854 
0.087130 0.033470 0.046870 0.049530 0.039770 
0.088610 0.033620 0.036890 0.080480 0.085360 
0.014750 0.040430 0.050680 0.038260 0.040900 
0.069580 0.058540 0.064720 0.010490 0.029920 
10
0.545869 0.014970 0.046210 
0.404150 0.969413 0.462022 
0.050042 0.015612 0.491768 
0.237602 0.010351 0.037680 0.044744 0.030363 
0.051534 0.018523 0.049219 0.048188 0.075263 
0.020979 0.037844 0.025102 0.039843 0.052437 
0.047840 0.056925 0.063681 0.010431 0.041452 
0.087130 0.033470 0.046870 0.049530 0.039770 
0.088610 0.033620 0.036890 0.080480 0.085360 
0.014750 0.040430 0.050680 0.038260 0.040900 
0.069580 0.058540 0.064720 0.010490 0.029920 
11
0.546537 0.014965 0.046210 
0.403421 0.969423 0.462022 
0.050042 0.015612 0.491768 
0.158190 0.013246 0.040857 0.039601 0.042463 
0.045699 0.027551 0.072415 0.047142 0.131318 
0.030600 0.029145 0.023324 0.032342 0.048015 
0.038565 0.040615 0.085972 0.013755 0.039186 
0.087130 0.033470 0.046870 0.049530 0.039770 
0.088610 0.033620 0.036890 0.080480 0.085360 
0.014750 0.040430 0.050680 0.038260 0.040900 
0.069580 0.058540 0.064720 0.010490 0.029920 
12
0.419517 0.014965 0.046210 
0.530441 0.969423 0.462022 
0.057323 0.015104 0.491768 
0.042079 0.008708 0.007603 0.009022 0.037388 
0.014183 0.006541 0.082137 0.009480 0.285312 
0.320987 0.008030 0.008992 0.008937 0.010171 
0.012837 0.031788 0.069643 0.007704 0.018459 
0.087130 0.033470 0.046870 0.049530 0.039770 
0.088610 0.033620 0.036890 0.080480 0.085360 
0.014750 0.040430 0.050680 0.038260 0.040900 
0.069580 0.058540 0.064720 0.010490 0.029920 
13
0.480557 0.014478 0.046210 
0.462119 0.970418 0.462022 
0.057323 0.015104 0.491768 
0.073293 0.005773 0.029641 0.032463 0.015371 
0.028223 0.011502 0.024468 0.032661 0.032901 
0.011894 0.028943 0.019340 0.024074 0.025052 
0.084862 0.461818 0.036168 0.005394 0.016158 
0.087130 0.033470 0.046870 0.049530 0.039770 
0.088610 0.033620 0.036890 0.080480 0.085360 
0.014750 0.040430 0.050680 0.038260 0.040900 
0.069580 0.058540 0.064720 0.010490 0.029920 
14
0.479840 0.014478 0.046210 
0.462837 0.970418 0.462022 
0.057365 0.015101 0.491768 
0.039252 0.003849 0.030814 0.036815 0.012047 
0.030510 0.013049 0.016847 0.040845 0.029711 
0.008590 0.025012 0.019342 0.026326 0.552521 
0.030864 0.039584 0.024053 0.005457 0.014513 
0.087130 0.033470 0.046870 0.049530 0.039770 
0.088610 0.033620 0.036890 0.080480 0.085360 
0.014750 0.040430 0.050680 0.038260 0.040900 
0.069580 0.058540 0.064720 0.010490 0.029920 
15
0.480184 0.014476 0.046210 
0.462451 0.970423 0.462022 
0.057365 0.015101 0.491768 
0.062123 0.003354 0.091427 0.023818 0.007993 
0.553228 0.008297 0.012052 0.027849 0.019296 
0.007639 0.036198 0.016901 0.017345 0.019926 
0.040590 0.024863 0.011722 0.004090 0.011288 
0.087130 0.033470 0.046870 0.049530 0.039770 
0.088610 0.033620 0.036890 0.080480 0.085360 
0.014750 0.040430 0.050680 0.038260 0.040900 
0.069580 0.058540 0.064720 0.010490 0.029920 
16
0.480184 0.014476 0.046210 
0.462451 0.970423 0.462022 
0.057365 0.015101 0.491768 
0.032083 0.007003 0.005989 0.007380 0.028160 
0.010510 0.005034 0.054652 0.007808 0.660916 
0.025270 0.006447 0.007576 0.007199 0.008055 
0.010129 0.024911 0.069892 0.006248 0.014738 
0.087130 0.033470 0.046870 0.049530 0.039770 
0.088610 0.033620 0.036890 0.080480 0.085360 
0.014750 0.040430 0.050680 0.038260 0.040900 
0.069580 0.058540 0.064720 0.010490 0.029920 
17
0.479479 0.014476 0.046210 
0.463157 0.970423 0.462022 
0.057405 0.015099 0.491768 
0.101020 0.004037 0.069777 0.025454 0.009736 
0.492449 0.011997 0.014543 0.029266 0.022085 
0.009121 0.048407 0.018947 0.017271 0.019528 
0.049645 0.025975 0.012842 0.004822 0.013080 
0.087130 0.033470 0.046870 0.049530 0.039770 
0.088610 0.033620 0.036890 0.080480 0.085360 
0.014750 0.040430 0.050680 0.038260 0.040900 
0.069580 0.058540 0.064720 0.010490 0.029920 
18
0.479817 0.014473 0.046210 
0.462778 0.970428 0.462022 
0.057405 0.015099 0.491768 
0.015067 0.004841 0.007018 0.008986 0.033613 
0.015126 0.005321 0.015494 0.007212 0.039987 
0.009577 0.005815 0.006699 0.004733 0.011821 
0.009783 0.008452 0.020376 0.741206 0.028872 
0.087130 0.033470 0.046870 0.049530 0.039770 
0.088610 0.033620 0.036890 0.080480 0.085360 
0.014750 0.040430 0.050680 0.038260 0.040900 
0.069580 0.058540 0.064720 0.010490 0.029920 
19
0.479817 0.014473 0.046210 
0.462778 0.970428 0.462022 
0.057405 0.015099 0.491768 
0.071207 0.001297 0.171358 0.366792 0.010831 
0.028152 0.008626 0.009787 0.043101 0.023924 
0.007269 0.020667 0.014210 0.067009 0.024375 
0.047255 0.052320 0.017243 0.003884 0.010694 
0.087130 0.033470 0.046870 0.049530 0.039770 
0.088610 0.033620 0.036890 0.080480 0.085360 
0.014750 0.040430 0.050680 0.038260 0.040900 
0.069580 0.058540 0.064720 0.010490 0.029920 
20
0.479817 0.014473 0.046210 
0.462778 0.970428 0.462022 
0.057405 0.015099 0.491768 
0.047806 0.006266 0.030851 0.032124 0.027297 
0.031818 0.012022 0.028476 0.032058 0.049125 
0.010547 0.030210 0.093059 0.023775 0.024554 
0.081099 0.374326 0.040467 0.006080 0.018041 
0.087130 0.033470 0.046870 0.049530 0.039770 
0.088610 0.033620 0.036890 0.080480 0.085360 
0.014750 0.040430 0.050680 0.038260 0.040900 
0.069580 0.058540 0.064720 0.010490 0.029920 
21
0.479817 0.014473 0.046210 
0.462778 0.970428 0.462022 
0.057405 0.015099 0.491768 
0.037564 0.005680 0.029108 0.026383 0.012940 
0.030047 0.009298 0.020699 0.023078 0.018193 
0.006405 0.032189 0.019278 0.019494 0.015846 
0.295676 0.344553 0.034561 0.004207 0.014800 
0.087130 0.033470 0.046870 0.049530 0.039770 
0.088610 0.033620 0.036890 0.080480 0.085360 
0.014750 0.040430 0.050680 0.038260 0.040900 
0.069580 0.058540 0.064720 0.010490 0.029920 
22
0.479817 0.014473 0.046210 
0.462778 0.970428 0.462022 
0.057405 0.015099 0.491768 
0.019876 0.003834 0.012307 0.011412 0.040493 
0.020655 0.010839 0.017089 0.011064 0.027620 
0.006610 0.010120 0.010339 0.008509 0.011792 
0.015679 0.014621 0.022793 0.010064 0.714282 
0.087130 0.033470 0.046870 0.049530 0.039770 
0.088610 0.033620 0.036890 0.080480 0.085360 
0.014750 0.040430 0.050680 0.038260 0.040900 
0.069580 0.058540 0.064720 0.010490 0.029920 
23
0.479817 0.014473 0.046210 
0.462778 0.970428 0.462022 
0.057405 0.015099 0.491768 
0.049726 0.003917 0.040923 0.087848 0.012853 
0.030998 0.015181 0.018070 0.052710 0.032300 
0.009868 0.030038 0.021055 0.394993 0.048840 
0.038239 0.035831 0.054305 0.006046 0.016259 
0.087130 0.033470 0.046870 0.049530 0.039770 
0.088610 0.033620 0.036890 0.080480 0.085360 
0.014750 0.040430 0.050680 0.038260 0.040900 
0.069580 0.058540 0.064720 0.010490 0.029920 
24
0.479817 0.014473 0.046210 
0.462778 0.970428 0.462022 
0.057405 0.015099 0.491768 
0.064357 0.003894 0.046740 0.031374 0.019555 
0.037713 0.009177 0.029009 0.064454 0.046589 
0.005569 0.027525 0.387512 0.022844 0.030901 
0.062965 0.043230 0.043273 0.005945 0.017375 
0.087130 0.033470 0.046870 0.049530 0.039770 
0.088610 0.033620 0.036890 0.080480 0.085360 
0.014750 0.040430 0.050680 0.038260 0.040900 
0.069580 0.058540 0.064720 0.010490 0.029920 
25
0.479817 0.014473 0.046210 
0.462778 0.970428 0.462022 
0.057405 0.015099 0.491768 
0.066769 0.007007 0.036871 0.064873 0.026637 
0.042923 0.018978 0.049524 0.069473 0.066897 
0.236737 0.030200 0.026561 0.032934 0.053617 
0.037590 0.039681 0.055369 0.010182 0.027178 
0.087130 0.033470 0.046870 0.049530 0.039770 
0.088610 0.033620 0.036890 0.080480 0.085360 
0.014750 0.040430 0.050680 0.038260 0.040900 
0.069580 0.058540 0.064720 0.010490 0.029920 
26
0.479817 0.014473 0.046210 
0.462778 0.970428 0.462022 
0.057405 0.015099 0.491768 
0.054011 0.001974 0.355025 0.195894 0.009932 
0.031796 0.010322 0.011985 0.048788 0.022277 
0.006969 0.051598 0.015916 0.048035 0.025599 
0.048199 0.029910 0.018310 0.003229 0.010230 
0.087130 0.033470 0.046870 0.049530 0.039770 
0.088610 0.033620 0.036890 0.080480 0.085360 
0.014750 0.040430 0.050680 0.038260 0.040900 
0.069580 0.058540 0.064720 0.010490 0.029920 
27
0.479817 0.014473 0.046210 
0.462778 0.970428 0.462022 
0.057405 0.015099 0.491768 
0.068589 0.002886 0.122593 0.126271 0.010611 
0.030289 0.014643 0.016004 0.310374 0.030406 
0.008299 0.031380 0.019343 0.044820 0.046258 
0.041068 0.031324 0.026285 0.004939 0.013619 
0.087130 0.033470 0.046870 0.049530 0.039770 
0.088610 0.033620 0.036890 0.080480 0.085360 
0.014750 0.040430 0.050680 0.038260 0.040900 
0.069580 0.058540 0.064720 0.010490 0.029920 
28
0.479817 0.014473 0.046210 
0.462778 0.970428 0.462022 
0.057405 0.015099 0.491768 
0.050811 0.011502 0.005785 0.004936 0.030859 
0.010923 0.005159 0.235269 0.008176 0.081537 
0.014150 0.005302 0.009819 0.004965 0.007120 
0.012848 0.024978 0.454155 0.005035 0.016670 
0.087130 0.033470 0.046870 0.049530 0.039770 
0.088610 0.033620 0.036890 0.080480 0.085360 
0.014750 0.040430 0.050680 0.038260 0.040900 
0.069580 0.058540 0.064720 0.010490 0.029920 
29
0.479817 0.014473 0.046210 
0.462778 0.970428 0.462022 
0.057405 0.015099 0.491768 
0.022146 0.006881 0.004879 0.010563 0.600512 
0.010879 0.006704 0.031567 0.007310 0.054953 
0.011021 0.005092 0.007164 0.007626 0.003641 
0.014615 0.015508 0.032577 0.031199 0.115163 
0.087130 0.033470 0.046870 0.049530 0.039770 
0.088610 0.033620 0.036890 0.080480 0.085360 
0.014750 0.040430 0.050680 0.038260 0.040900 
0.069580 0.058540 0.064720 0.010490 0.029920 
30
0.479817 0.014473 0.046210 
0.462778 0.970428 0.462022 
0.057405 0.015099 0.491768 
0.037353 0.003293 0.026239 0.025177 0.012437 
0.030495 0.008887 0.016914 0.037102 0.028386 
0.005178 0.019988 0.604480 0.017482 0.027023 
0.031061 0.025995 0.025411 0.004514 0.012583 
0.087130 0.033470 0.046870 0.049530 0.039770 
0.088610 0.033620 0.036890 0.080480 0.085360 
0.014750 0.040430 0.050680 0.038260 0.040900 
0.069580 0.058540 0.064720 0.010490 0.029920 
31
0.479817 0.088601 0.046210 
0.462778 0.896300 0.462022 
0.043096 0.016308 0.491768 
0.094718 0.007800 0.066596 0.095156 0.030779 
0.062973 0.035918 0.040918 0.066640 0.065032 
0.018766 0.046940 0.034204 0.077651 0.053084 
0.058525 0.049301 0.049308 0.012613 0.033078 
0.087130 0.033470 0.046870 0.049530 0.039770 
0.088610 0.033620 0.036890 0.080480 0.085360 
0.014750 0.040430 0.050680 0.038260 0.040900 
0.069580 0.058540 0.064720 0.010490 0.029920 
32
0.609479 0.029218 0.046210 
0.347425 0.954474 0.462022 
0.041347 0.016532 0.491768 
0.089542 0.012273 0.058154 0.080663 0.037428 
0.071260 0.023405 0.053472 0.058467 0.073483 
0.020650 0.046873 0.038118 0.039816 0.048933 
0.071327 0.057381 0.066836 0.014774 0.037146 
0.087130 0.033470 0.046870 0.049530 0.039770 
0.088610 0.033620 0.036890 0.080480 0.085360 
0.014750 0.040430 0.050680 0.038260 0.040900 
0.069580 0.058540 0.064720 0.010490 0.029920 
33
0.386180 0.016358 0.046210 
0.572472 0.967110 0.462022 
0.054236 0.015299 0.491768 
0.024562 0.006975 0.006570 0.010446 0.142636 
0.013926 0.021912 0.024564 0.010788 0.056827 
0.012734 0.010312 0.006949 0.011139 0.015645 
0.020731 0.021981 0.038968 0.029998 0.512340 
0.087130 0.033470 0.046870 0.049530 0.039770 
0.088610 0.033620 0.036890 0.080480 0.085360 
0.014750 0.040430 0.050680 0.038260 0.040900 
0.069580 0.058540 0.064720 0.010490 0.029920 
34
0.455302 0.014665 0.046210 
0.490462 0.970037 0.462022 
0.057286 0.015106 0.491768 
0.056309 0.003310 0.385901 0.077683 0.011714 
0.041709 0.013292 0.024304 0.039826 0.027219 
0.011392 0.096192 0.019454 0.025724 0.021489 
0.059789 0.041365 0.028852 0.003137 0.011338 
0.087130 0.033470 0.046870 0.049530 0.039770 
0.088610 0.033620 0.036890 0.080480 0.085360 
0.014750 0.040430 0.050680 0.038260 0.040900 
0.069580 0.058540 0.064720 0.010490 0.029920 
35
0.478817 0.014480 0.046210 
0.463897 0.970414 0.462022 
0.057405 0.015099 0.491768 
0.123953 0.003092 0.060970 0.091849 0.017146 
0.044282 0.018741 0.035573 0.151864 0.061776 
0.015237 0.034596 0.020223 0.059750 0.110045 
0.048506 0.037913 0.036361 0.007698 0.020425 
0.087130 0.033470 0.046870 0.049530 0.039770 
0.088610 0.033620 0.036890 0.080480 0.085360 
0.014750 0.040430 0.050680 0.038260 0.040900 
0.069580 0.058540 0.064720 0.010490 0.029920 
36
0.479817 0.014473 0.046210 
0.462778 0.970428 0.462022 
0.057405 0.015099 0.491768 
0.026094 0.005667 0.006523 0.012061 0.223274 
0.013350 0.020699 0.022240 0.010879 0.040528 
0.010613 0.009741 0.006847 0.010865 0.014768 
0.022142 0.021135 0.035535 0.027707 0.459333 
0.087130 0.033470 0.046870 0.049530 0.039770 
0.088610 0.033620 0.036890 0.080480 0.085360 
0.014750 0.040430 0.050680 0.038260 0.040900 
0.069580 0.058540 0.064720 0.010490 0.029920 
37
0.479817 0.014473 0.046210 
0.462778 0.970428 0.462022 
0.057405 0.015099 0.491768 
0.044216 0.002726 0.056577 0.524563 0.013387 
0.045071 0.011476 0.012712 0.049904 0.024850 
0.007701 0.023007 0.017140 0.036271 0.030049 
0.034315 0.028621 0.020073 0.004695 0.012648 
0.087130 0.033470 0.046870 0.049530 0.039770 
0.088610 0.033620 0.036890 0.080480 0.085360 
0.014750 0.040430 0.050680 0.038260 0.040900 
0.069580 0.058540 0.064720 0.010490 0.029920 
38
0.479817 0.014473 0.046210 
0.462778 0.970428 0.462022 
0.057405 0.015099 0.491768 
0.044265 0.002765 0.038238 0.016533 0.006316 
0.709192 0.006431 0.008128 0.018502 0.013697 
0.005031 0.021919 0.014149 0.010795 0.016665 
0.029474 0.016996 0.008965 0.003167 0.008772 
0.087130 0.033470 0.046870 0.049530 0.039770 
0.088610 0.033620 0.036890 0.080480 0.085360 
0.014750 0.040430 0.050680 0.038260 0.040900 
0.069580 0.058540 0.064720 0.010490 0.029920 
39
0.479817 0.014473 0.046210 
0.462778 0.970428 0.462022 
0.057405 0.015099 0.491768 
0.034525 0.008240 0.005856 0.006703 0.029986 
0.010996 0.005131 0.556375 0.007668 0.103286 
0.019183 0.006193 0.008244 0.006679 0.007786 
0.010816 0.018464 0.131935 0.006236 0.015697 
0.087130 0.033470 0.046870 0.049530 0.039770 
0.088610 0.033620 0.036890 0.080480 0.085360 
0.014750 0.040430 0.050680 0.038260 0.040900 
0.069580 0.058540 0.064720 0.010490 0.029920 
40
0.479817 0.014473 0.046210 
0.462778 0.970428 0.462022 
0.057405 0.015099 0.491768 
0.048733 0.004491 0.036953 0.048318 0.011730 
0.030017 0.018412 0.021047 0.466869 0.030847 
0.009345 0.029920 0.033181 0.035347 0.057239 
0.037165 0.034128 0.025033 0.005751 0.015474 
0.087130 0.033470 0.046870 0.049530 0.039770 
0.088610 0.033620 0.036890 0.080480 0.085360 
0.014750 0.040430 0.050680 0.038260 0.040900 
0.069580 0.058540 0.064720 0.010490 0.029920 
41
0.479817 0.014473 0.046210 
0.462778 0.970428 0.462022 
0.057405 0.015099 0.491768 
0.047965 0.008719 0.008728 0.010166 0.029826 
0.022491 0.006309 0.528948 0.011667 0.088654 
0.021136 0.008506 0.009930 0.009105 0.010849 
0.014496 0.026224 0.113160 0.006405 0.016715 
0.087130 0.033470 0.046870 0.049530 0.039770 
0.088610 0.033620 0.036890 0.080480 0.085360 
0.014750 0.040430 0.050680 0.038260 0.040900 
0.069580 0.058540 0.064720 0.010490 0.029920 
42
0.479817 0.014473 0.046210 
0.462778 0.970428 0.462022 
0.057405 0.015099 0.491768 
0.048763 0.004726 0.039013 0.086507 0.016615 
0.035573 0.344594 0.019991 0.058550 0.034967 
0.010803 0.033479 0.022618 0.033825 0.040343 
0.040787 0.072144 0.028511 0.007819 0.020370 
0.087130 0.033470 0.046870 0.049530 0.039770 
0.088610 0.033620 0.036890 0.080480 0.085360 
0.014750 0.040430 0.050680 0.038260 0.040900 
0.069580 0.058540 0.064720 0.010490 0.029920 
43
0.479817 0.014473 0.046210 
0.462778 0.970428 0.462022 
0.057405 0.015099 0.491768 
0.049249 0.002780 0.506526 0.061335 0.008920 
0.040555 0.011729 0.013830 0.036838 0.020456 
0.006465 0.075145 0.017220 0.023899 0.023498 
0.039252 0.030335 0.019053 0.002879 0.010037 
0.087130 0.033470 0.046870 0.049530 0.039770 
0.088610 0.033620 0.036890 0.080480 0.085360 
0.014750 0.040430 0.050680 0.038260 0.040900 
0.069580 0.058540 0.064720 0.010490 0.029920 
44
0.479817 0.014473 0.046210 
0.462778 0.970428 0.462022 
0.057405 0.015099 0.491768 
0.020296 0.005023 0.010400 0.013068 0.069556 
0.015413 0.012236 0.022065 0.012728 0.046113 
0.010990 0.010764 0.009483 0.009650 0.016147 
0.016411 0.015493 0.023208 0.598913 0.062043 
0.087130 0.033470 0.046870 0.049530 0.039770 
0.088610 0.033620 0.036890 0.080480 0.085360 
0.014750 0.040430 0.050680 0.038260 0.040900 
0.069580 0.058540 0.064720 0.010490 0.029920 
45
0.479817 0.014473 0.046210 
0.462778 0.970428 0.462022 
0.057405 0.015099 0.491768 
0.039491 0.002762 0.463605 0.083596 0.009348 
0.034455 0.012091 0.014196 0.038561 0.024518 
0.006829 0.081337 0.017637 0.026766 0.024380 
0.055048 0.031720 0.019715 0.003590 0.010356 
0.087130 0.033470 0.046870 0.049530 0.039770 
0.088610 0.033620 0.036890 0.080480 0.085360 
0.014750 0.040430 0.050680 0.038260 0.040900 
0.069580 0.058540 0.064720 0.010490 0.029920 
46
0.479817 0.014473 0.046210 
0.462778 0.970428 0.462022 
0.057405 0.015099 0.491768 
0.107729 0.003217 0.049313 0.059069 0.011125 
0.043212 0.014948 0.017141 0.378525 0.031496 
0.008898 0.037407 0.020352 0.050998 0.050415 
0.039587 0.033074 0.023542 0.005354 0.014598 
0.087130 0.033470 0.046870 0.049530 0.039770 
0.088610 0.033620 0.036890 0.080480 0.085360 
0.014750 0.040430 0.050680 0.038260 0.040900 
0.069580 0.058540 0.064720 0.010490 0.029920 
47
0.479817 0.014473 0.046210 
0.462778 0.970428 0.462022 
0.057405 0.015099 0.491768 
0.015062 0.004383 0.004145 0.008647 0.053644 
0.011167 0.005187 0.018283 0.006773 0.049791 
0.012046 0.004504 0.004679 0.004427 0.013280 
0.008737 0.007664 0.023594 0.705012 0.038977 
0.087130 0.033470 0.046870 0.049530 0.039770 
0.088610 0.033620 0.036890 0.080480 0.085360 
0.014750 0.040430 0.050680 0.038260 0.040900 
0.069580 0.058540 0.064720 0.010490 0.029920 
48
0.479817 0.014473 0.046210 
0.462778 0.970428 0.462022 
0.057405 0.015099 0.491768 
0.054226 0.002659 0.109796 0.354279 0.012714 
0.029461 0.011792 0.015987 0.045409 0.029694 
0.009059 0.024121 0.017592 0.063736 0.031608 
0.039986 0.031063 0.097271 0.005361 0.014185 
0.087130 0.033470 0.046870 0.049530 0.039770 
0.088610 0.033620 0.036890 0.080480 0.085360 
0.014750 0.040430 0.050680 0.038260 0.040900 
0.069580 0.058540 0.064720 0.010490 0.029920 
49
0.479817 0.014473 0.046210 
0.462778 0.970428 0.462022 
0.057405 0.015099 0.491768 
0.031366 0.002651 0.581572 0.085597 0.008291 
0.030486 0.010124 0.010911 0.029854 0.017739 
0.005386 0.044333 0.015944 0.020800 0.020659 
0.030903 0.024404 0.016223 0.003117 0.009641 
0.087130 0.033470 0.046870 0.049530 0.039770 
0.088610 0.033620 0.036890 0.080480 0.085360 
0.014750 0.040430 0.050680 0.038260 0.040900 
0.069580 0.058540 0.064720 0.010490 0.029920 
50
0.479817 0.014473 0.046210 
0.462778 0.970428 0.462022 
0.057405 0.015099 0.491768 
0.048959 0.004972 0.030176 0.035279 0.010477 
0.032138 0.010850 0.016957 0.032009 0.029097 
0.006296 0.019994 0.571404 0.018760 0.023530 
0.041662 0.028172 0.025898 0.003392 0.009976 
0.087130 0.033470 0.046870 0.049530 0.039770 
0.088610 0.033620 0.036890 0.080480 0.085360 
0.014750 0.040430 0.050680 0.038260 0.040900 
0.069580 0.058540 0.064720 0.010490 0.029920 
51
0.479817 0.014473 0.046210 
0.462778 0.970428 0.462022 
0.057405 0.015099 0.491768 
0.021484 0.006084 0.006630 0.010120 0.652975 
0.013287 0.006060 0.027987 0.007489 0.050159 
0.010193 0.005852 0.007985 0.007140 0.004668 
0.013697 0.014506 0.030468 0.023817 0.079399 
0.087130 0.033470 0.046870 0.049530 0.039770 
0.088610 0.033620 0.036890 0.080480 0.085360 
0.014750 0.040430 0.050680 0.038260 0.040900 
0.069580 0.058540 0.064720 0.010490 0.029920 
52
0.479817 0.014473 0.046210 
0.462778 0.970428 0.462022 
0.057405 0.015099 0.491768 
0.043519 0.003714 0.034102 0.043132 0.011880 
0.029957 0.014464 0.017012 0.078518 0.030198 
0.009240 0.028325 0.020325 0.031218 0.491113 
0.034378 0.033016 0.024653 0.005789 0.015449 
0.087130 0.033470 0.046870 0.049530 0.039770 
0.088610 0.033620 0.036890 0.080480 0.085360 
0.014750 0.040430 0.050680 0.038260 0.040900 
0.069580 0.058540 0.064720 0.010490 0.029920 
53
0.479817 0.014473 0.046210 
0.462778 0.970428 0.462022 
0.057405 0.015099 0.491768 
0.031287 0.007080 0.004721 0.005745 0.028618 
0.009530 0.004598 0.069286 0.005968 0.635625 
0.040935 0.005426 0.006922 0.006328 0.006697 
0.008905 0.015843 0.085679 0.006213 0.014592 
0.087130 0.033470 0.046870 0.049530 0.039770 
0.088610 0.033620 0.036890 0.080480 0.085360 
0.014750 0.040430 0.050680 0.038260 0.040900 
0.069580 0.058540 0.064720 0.010490 0.029920 
54
0.479817 0.014473 0.046210 
0.462778 0.970428 0.462022 
0.057405 0.015099 0.491768 
0.035015 0.004624 0.026748 0.026902 0.012123 
0.027935 0.010084 0.017732 0.026458 0.023429 
0.006944 0.024851 0.017998 0.019336 0.020526 
0.090196 0.563742 0.027348 0.004505 0.013503 
0.087130 0.033470 0.046870 0.049530 0.039770 
0.088610 0.033620 0.036890 0.080480 0.085360 
0.014750 0.040430 0.050680 0.038260 0.040900 
0.069580 0.058540 0.064720 0.010490 0.029920 
55
0.479817 0.014473 0.046210 
0.462778 0.970428 0.462022 
0.057405 0.015099 0.491768 
0.050821 0.008999 0.015314 0.018650 0.042103 
0.022367 0.009416 0.061971 0.019742 0.101553 
0.422566 0.014281 0.013398 0.015357 0.017985 
0.021516 0.026702 0.067486 0.008770 0.041004 
0.087130 0.033470 0.046870 0.049530 0.039770 
0.088610 0.033620 0.036890 0.080480 0.085360 
0.014750 0.040430 0.050680 0.038260 0.040900 
0.069580 0.058540 0.064720 0.010490 0.029920 
56
0.479817 0.014473 0.046210 
0.462778 0.970428 0.462022 
0.057405 0.015099 0.491768 
0.033867 0.002827 0.562900 0.048345 0.008781 
0.030329 0.011264 0.012428 0.034776 0.020016 
0.006212 0.048040 0.020551 0.022717 0.044528 
0.033177 0.027226 0.018047 0.003435 0.010531 
0.087130 0.033470 0.046870 0.049530 0.039770 
0.088610 0.033620 0.036890 0.080480 0.085360 
0.014750 0.040430 0.050680 0.038260 0.040900 
0.069580 0.058540 0.064720 0.010490 0.029920 
57
0.479817 0.014473 0.046210 
0.462778 0.970428 0.462022 
0.057405 0.015099 0.491768 
0.470280 0.007520 0.034342 0.058567 0.015923 
0.039404 0.012237 0.022252 0.037234 0.036549 
0.011046 0.026953 0.017838 0.025616 0.029724 
0.061749 0.033229 0.036959 0.005873 0.016706 
0.087130 0.033470 0.046870 0.049530 0.039770 
0.088610 0.033620 0.036890 0.080480 0.085360 
0.014750 0.040430 0.050680 0.038260 0.040900 
0.069580 0.058540 0.064720 0.010490 0.029920 
58
0.479817 0.014473 0.046210 
0.462778 0.970428 0.462022 
0.057405 0.015099 0.491768 
0.028827 0.008871 0.015986 0.018441 0.101567 
0.018849 0.028143 0.030091 0.019221 0.056298 
0.014314 0.017937 0.013214 0.013857 0.019698 
0.023294 0.021437 0.033011 0.030404 0.486539 
0.087130 0.033470 0.046870 0.049530 0.039770 
0.088610 0.033620 0.036890 0.080480 0.085360 
0.014750 0.040430 0.050680 0.038260 0.040900 
0.069580 0.058540 0.064720 0.010490 0.029920 
59
0.479817 0.014473 0.046210 
0.462778 0.970428 0.462022 
0.057405 0.015099 0.491768 
0.016183 0.004305 0.005492 0.009137 0.038864 
0.012404 0.005294 0.018987 0.007559 0.047925 
0.011483 0.005314 0.005590 0.005043 0.012829 
0.009423 0.008644 0.040340 0.702399 0.032784 
0.087130 0.033470 0.046870 0.049530 0.039770 
0.088610 0.033620 0.036890 0.080480 0.085360 
0.014750 0.040430 0.050680 0.038260 0.040900 
0.069580 0.058540 0.064720 0.010490 0.029920 
60
0.479817 0.014473 0.046210 
0.462778 0.970428 0.462022 
0.057405 0.015099 0.491768 
0.045624 0.003565 0.035417 0.046001 0.011434 
0.029124 0.021595 0.016476 0.503139 0.029566 
0.011191 0.029074 0.020209 0.033131 0.049142 
0.037196 0.033432 0.024041 0.005602 0.015043 
0.087130 0.033470 0.046870 0.049530 0.039770 
0.088610 0.033620 0.036890 0.080480 0.085360 
0.014750 0.040430 0.050680 0.038260 0.040900 
0.069580 0.058540 0.064720 0.010490 0.029920 
61
0.479817 0.014473 0.046210 
0.462778 0.970428 0.462022 
0.057405 0.015099 0.491768 
0.025781 0.005765 0.007850 0.011851 0.127677 
0.014645 0.021441 0.028628 0.012543 0.043741 
0.011106 0.015115 0.007595 0.011873 0.016678 
0.021274 0.020669 0.042969 0.025046 0.527754 
0.087130 0.033470 0.046870 0.049530 0.039770 
0.088610 0.033620 0.036890 0.080480 0.085360 
0.014750 0.040430 0.050680 0.038260 0.040900 
0.069580 0.058540 0.064720 0.010490 0.029920 
62
0.479817 0.014473 0.046210 
0.462778 0.970428 0.462022 
0.057405 0.015099 0.491768 
0.039904 0.004057 0.032154 0.038544 0.012759 
0.031476 0.013096 0.017722 0.040254 0.031277 
0.008836 0.025058 0.019664 0.546702 0.031778 
0.031470 0.029909 0.025118 0.005522 0.014700 
0.087130 0.033470 0.046870 0.049530 0.039770 
0.088610 0.033620 0.036890 0.080480 0.085360 
0.014750 0.040430 0.050680 0.038260 0.040900 
0.069580 0.058540 0.064720 0.010490 0.029920 
63
0.479817 0.014473 0.046210 
0.462778 0.970428 0.462022 
0.057405 0.015099 0.491768 
0.183330 0.006593 0.027767 0.023632 0.012834 
0.429948 0.008738 0.018930 0.026120 0.029035 
0.010530 0.030515 0.017128 0.016663 0.024260 
0.058434 0.027591 0.028207 0.005146 0.014600 
0.087130 0.033470 0.046870 0.049530 0.039770 
0.088610 0.033620 0.036890 0.080480 0.085360 
0.014750 0.040430 0.050680 0.038260 0.040900 
0.069580 0.058540 0.064720 0.010490 0.029920 
64
0.479817 0.014473 0.046210 
0.462778 0.970428 0.462022 
0.057405 0.015099 0.491768 
0.040546 0.002599 0.063722 0.562326 0.009834 
0.036680 0.010600 0.011280 0.037198 0.022271 
0.006827 0.021040 0.016405 0.032898 0.026848 
0.031801 0.032776 0.018217 0.004362 0.011769 
0.087130 0.033470 0.046870 0.049530 0.039770 
0.088610 0.033620 0.036890 0.080480 0.085360 
0.014750 0.040430 0.050680 0.038260 0.040900 
0.069580 0.058540 0.064720 0.010490 0.029920 
65
0.479817 0.014473 0.046210 
0.462778 0.970428 0.462022 
0.057405 0.015099 0.491768 
0.047178 0.005141 0.044891 0.070743 0.011667 
0.035847 0.019258 0.018732 0.370575 0.033303 
0.010326 0.037008 0.028769 0.046857 0.090542 
0.045002 0.039058 0.026043 0.004705 0.014354 
0.087130 0.033470 0.046870 0.049530 0.039770 
0.088610 0.033620 0.036890 0.080480 0.085360 
0.014750 0.040430 0.050680 0.038260 0.040900 
0.069580 0.058540 0.064720 0.010490 0.029920 
66
0.479817 0.014473 0.046210 
0.462778 0.970428 0.462022 
0.057405 0.015099 0.491768 
0.039152 0.002386 0.091164 0.571290 0.009421 
0.027560 0.009734 0.010140 0.034040 0.020616 
0.006268 0.019270 0.015652 0.032354 0.024136 
0.030642 0.024269 0.016809 0.004077 0.011021 
0.087130 0.033470 0.046870 0.049530 0.039770 
0.088610 0.033620 0.036890 0.080480 0.085360 
0.014750 0.040430 0.050680 0.038260 0.040900 
0.069580 0.058540 0.064720 0.010490 0.029920 
67
0.479817 0.014473 0.046210 
0.462778 0.970428 0.462022 
0.057405 0.015099 0.491768 
0.072049 0.003346 0.047026 0.055116 0.012360 
0.029893 0.015020 0.020451 0.276246 0.036333 
0.010404 0.029741 0.019996 0.038104 0.200558 
0.045879 0.038662 0.026547 0.006048 0.016220 
0.087130 0.033470 0.046870 0.049530 0.039770 
0.088610 0.033620 0.036890 0.080480 0.085360 
0.014750 0.040430 0.050680 0.038260 0.040900 
0.069580 0.058540 0.064720 0.010490 0.029920 
68
0.479817 0.014473 0.046210 
0.462778 0.970428 0.462022 
0.057405 0.015099 0.491768 
0.046122 0.003456 0.035621 0.046313 0.011033 
0.053990 0.014396 0.015789 0.476169 0.028453 
0.008700 0.028771 0.020093 0.033053 0.050776 
0.043631 0.040350 0.023175 0.005445 0.014665 
0.087130 0.033470 0.046870 0.049530 0.039770 
0.088610 0.033620 0.036890 0.080480 0.085360 
0.014750 0.040430 0.050680 0.038260 0.040900 
0.069580 0.058540 0.064720 0.010490 0.029920 
69
0.479817 0.014473 0.046210 
0.462778 0.970428 0.462022 
0.057405 0.015099 0.491768 
0.036563 0.007059 0.005036 0.006148 0.034616 
0.009849 0.004695 0.067374 0.006405 0.642088 
0.019568 0.005674 0.007084 0.006354 0.007015 
0.009280 0.020422 0.083975 0.006200 0.014598 
0.087130 0.033470 0.046870 0.049530 0.039770 
0.088610 0.033620 0.036890 0.080480 0.085360 
0.014750 0.040430 0.050680 0.038260 0.040900 
0.069580 0.058540 0.064720 0.010490 0.029920 
70
0.479817 0.014473 0.046210 
0.462778 0.970428 0.462022 
0.057405 0.015099 0.491768 
0.020794 0.003745 0.013221 0.013458 0.045848 
0.028938 0.012346 0.014028 0.017735 0.024975 
0.006323 0.011353 0.010518 0.010254 0.013990 
0.017459 0.016043 0.022041 0.011428 0.685503 
0.087130 0.033470 0.046870 0.049530 0.039770 
0.088610 0.033620 0.036890 0.080480 0.085360 
0.014750 0.040430 0.050680 0.038260 0.040900 
0.069580 0.058540 0.064720 0.010490 0.029920 
71
0.479817 0.014473 0.046210 
0.462778 0.970428 0.462022 
0.057405 0.020080 0.486528 
0.606960 0.007595 0.019695 0.021489 0.015585 
0.036173 0.008952 0.021568 0.020580 0.034882 
0.009736 0.015676 0.014647 0.015050 0.018136 
0.054011 0.024330 0.035506 0.005074 0.014353 
0.087129 0.033470 0.046870 0.049530 0.039770 
0.088609 0.033620 0.036898 0.080479 0.085359 
0.014750 0.040430 0.050680 0.038260 0.040900 
0.069579 0.058539 0.064719 0.010490 0.029920 
72
0.479817 0.014473 0.045718 
0.462778 0.965447 0.467754 
0.057405 0.015099 0.491768 
0.036975 0.011018 0.005540 0.004699 0.030046 
0.010224 0.004972 0.317327 0.007832 0.077133 
0.013921 0.005088 0.009473 0.004763 0.006831 
0.012009 0.023452 0.397654 0.004923 0.016121 
0.087130 0.033470 0.046870 0.049530 0.039770 
0.088610 0.033620 0.036890 0.080480 0.085360 
0.014750 0.040430 0.050680 0.038260 0.040900 
0.069580 0.058540 0.064720 0.010490 0.029920 
73
0.479817 0.014473 0.046210 
0.462778 0.970428 0.462022 
0.057405 0.015099 0.491768 
0.046053 0.011089 0.009319 0.008680 0.043041 
0.016971 0.007152 0.381450 0.014426 0.147724 
0.021326 0.008111 0.010879 0.008477 0.014570 
0.017029 0.025348 0.181956 0.006769 0.019630 
0.087130 0.033470 0.046870 0.049530 0.039770 
0.088610 0.033620 0.036890 0.080480 0.085360 
0.014750 0.040430 0.050680 0.038260 0.040900 
0.069580 0.058540 0.064720 0.010490 0.029920 
74
0.479817 0.014473 0.046210 
0.462778 0.970428 0.462022 
0.057405 0.015099 0.491768 
0.043338 0.002478 0.441704 0.122147 0.009023 
0.033883 0.011336 0.013492 0.037057 0.020489 
0.006523 0.080993 0.016788 0.027985 0.022338 
0.048808 0.030555 0.018821 0.002628 0.009615 
0.087130 0.033470 0.046870 0.049530 0.039770 
0.088610 0.033620 0.036890 0.080480 0.085360 
0.014750 0.040430 0.050680 0.038260 0.040900 
0.069580 0.058540 0.064720 0.010490 0.029920 
75
0.479817 0.014473 0.046210 
0.462778 0.970428 0.462022 
0.057405 0.015099 0.491768 
0.526567 0.009833 0.021169 0.025097 0.020971 
0.041316 0.009998 0.027490 0.023974 0.043732 
0.012498 0.017597 0.015535 0.018011 0.021102 
0.060472 0.035549 0.045860 0.005988 0.017240 
0.087130 0.033470 0.046870 0.049530 0.039770 
0.088610 0.033620 0.036890 0.080480 0.085360 
0.014750 0.040430 0.050680 0.038260 0.040900 
0.069580 0.058540 0.064720 0.010490 0.029920 
76
0.479817 0.014473 0.046210 
0.462778 0.970428 0.462022 
0.057405 0.015099 0.491768 
0.023843 0.007083 0.003923 0.009043 0.590702 
0.009619 0.006889 0.045417 0.006244 0.077859 
0.014680 0.004526 0.006630 0.006925 0.003355 
0.013115 0.015201 0.046070 0.027499 0.081379 
0.087130 0.033470 0.046870 0.049530 0.039770 
0.088610 0.033620 0.036890 0.080480 0.085360 
0.014750 0.040430 0.050680 0.038260 0.040900 
0.069580 0.058540 0.064720 0.010490 0.029920 
77
0.479817 0.014473 0.046210 
0.462778 0.970428 0.462022 
0.057405 0.015099 0.491768 
0.239783 0.009477 0.036043 0.042497 0.024557 
0.045849 0.015877 0.036339 0.039040 0.055269 
0.015835 0.052274 0.024275 0.038537 0.031547 
0.076882 0.124830 0.059644 0.008151 0.023293 
0.087130 0.033470 0.046870 0.049530 0.039770 
0.088610 0.033620 0.036890 0.080480 0.085360 
0.014750 0.040430 0.050680 0.038260 0.040900 
0.069580 0.058540 0.064720 0.010490 0.029920 
78
0.479817 0.014473 0.046210 
0.462778 0.970428 0.462022 
0.057405 0.015099 0.491768 
0.046483 0.003868 0.037484 0.048455 0.012332 
0.031032 0.015178 0.017327 0.051905 0.031007 
0.009525 0.033165 0.021130 0.440104 0.081558 
0.036960 0.035126 0.025481 0.005936 0.015945 
0.087130 0.033470 0.046870 0.049530 0.039770 
0.088610 0.033620 0.036890 0.080480 0.085360 
0.014750 0.040430 0.050680 0.038260 0.040900 
0.069580 0.058540 0.064720 0.010490 0.029920 
79
0.479817 0.014473 0.046210 
0.462778 0.970428 0.462022 
0.057405 0.015099 0.491768 
0.051483 0.004892 0.054256 0.037850 0.013304 
0.053584 0.015376 0.014904 0.039909 0.026556 
0.008150 0.413279 0.024040 0.026274 0.031122 
0.106414 0.035135 0.022001 0.005840 0.015632 
0.087130 0.033470 0.046870 0.049530 0.039770 
0.088610 0.033620 0.036890 0.080480 0.085360 
0.014750 0.040430 0.050680 0.038260 0.040900 
0.069580 0.058540 0.064720 0.010490 0.029920 
80
0.479817 0.014473 0.046210 
0.462778 0.970428 0.462022 
0.057405 0.079896 0.431339 
0.053145 0.004726 0.056697 0.042469 0.013429 
0.065048 0.017546 0.015768 0.053473 0.028325 
0.008866 0.408550 0.024398 0.030049 0.035882 
0.060657 0.035556 0.023003 0.006110 0.016303 
0.087141 0.033466 0.046865 0.049524 0.039765 
0.088693 0.033616 0.036886 0.080471 0.085350 
0.014748 0.040425 0.050674 0.038256 0.040895 
0.069572 0.058533 0.064713 0.010489 0.029917 
81
0.479817 0.014473 0.040532 
0.462778 0.905630 0.528129 
0.057405 0.015099 0.491768 
0.079288 0.012122 0.043662 0.041667 0.089363 
0.065642 0.071464 0.054078 0.030192 0.093587 
0.025191 0.043918 0.025148 0.066649 0.034512 
0.047647 0.043048 0.058499 0.021192 0.053133 
0.087130 0.033470 0.046870 0.049530 0.039770 
0.088610 0.033620 0.036890 0.080480 0.085360 
0.014750 0.040430 0.050680 0.038260 0.040900 
0.069580 0.058540 0.064720 0.010490 0.029920 
82
0.479817 0.014473 0.046210 
0.462778 0.970428 0.462022 
0.057405 0.015099 0.491768 
0.041857 0.008452 0.008344 0.009928 0.049722 
0.014073 0.007171 0.062929 0.010507 0.570876 
0.033110 0.008563 0.009197 0.013684 0.010888 
0.013302 0.021252 0.066160 0.007662 0.032323 
0.087130 0.033470 0.046870 0.049530 0.039770 
0.088610 0.033620 0.036890 0.080480 0.085360 
0.014750 0.040430 0.050680 0.038260 0.040900 
0.069580 0.058540 0.064720 0.010490 0.029920 
83
0.479817 0.014473 0.046210 
0.462778 0.970428 0.462022 
0.057405 0.015099 0.491768 
0.067081 0.005551 0.051064 0.036480 0.015172 
0.402150 0.014683 0.018408 0.034590 0.026692 
0.010533 0.095590 0.025646 0.021825 0.023855 
0.073065 0.035620 0.017496 0.006869 0.017628 
0.087130 0.033470 0.046870 0.049530 0.039770 
0.088610 0.033620 0.036890 0.080480 0.085360 
0.014750 0.040430 0.050680 0.038260 0.040900 
