%  SAM: modelfromalign v3.5 (July 15, 2005) compiled 12/05/20_11:48:22
%  (c) 1992-2001 Regents of the University of California, Santa Cruz
%
%          Sequence Alignment and Modeling Software System
%         http://www.cse.ucsc.edu/research/compbio/sam.html
%
% ----------------- Citations (SAM, SAM-T2K, HMMs) --------------------
% R. Hughey, A. Krogh, Hidden Markov models for sequence analysis:
%  Extension and analysis of the basic method, CABIOS 12:95-107, 1996.
% K. Karplus, et al., What is the value added by human intervention in protein
%  structure prediction, Proteins: Stucture, Function, Genetics 45(S5):86--91, 2001.
% A. Krogh et al., Hidden Markov models in computational biology:
%  Applications to protein modeling, JMB 235:1501-1531, Feb 1994.
% ---------------------------------------------------------------------
%  last   Host: gauntlet    Thu Feb 11 16:21:37 2021
%  dgpinheiro   Dir:  /data/GitHub/sfFinder/example/output/subfamily/TEST1/flowerpower/fp-workspace/final
% ---------------------------------------------------------------------
% Prior File:  Internal (Name: recode3.20comp) 
%   20 priors on 20 characters.
%  Alignment weights from internal calc.  Total (1.57) Max (0.00) Min (0.00)
%  Weights from alignment method 1 (karplus), b=0.500000, e=0.500000
MODEL --  Model from alignment file last.a2m
alphabet protein
FREQAVE
0.000000 0.000000 0.000000 
0.000000 0.000000 0.000000 
0.000000 0.000000 0.000000 
0.073366 0.015731 0.056938 0.066613 0.049655 
0.061768 0.028683 0.052055 0.058198 0.085039 
0.025996 0.041873 0.045380 0.042494 0.052400 
0.059160 0.053814 0.060939 0.022990 0.046909 
0.073366 0.015731 0.056938 0.066613 0.049655 
0.061768 0.028683 0.052055 0.058198 0.085039 
0.025996 0.041873 0.045380 0.042494 0.052400 
0.059160 0.053814 0.060939 0.022990 0.046909 
Begin
0.000000 0.000000 0.000000 
0.000000 0.000000 0.000000 
0.000000 0.102655 0.805442 
0.000000 0.000000 0.000000 0.000000 0.000000 
0.000000 0.000000 0.000000 0.000000 0.000000 
0.000000 0.000000 0.000000 0.000000 0.000000 
0.000000 0.000000 0.000000 0.000000 0.000000 
0.087135 0.033412 0.046877 0.049460 0.039687 
0.088502 0.033556 0.036842 0.080764 0.085459 
0.014906 0.040443 0.050641 0.038240 0.040935 
0.069509 0.058601 0.064641 0.010468 0.029922 
1
0.000000 0.014473 0.062158 
0.000000 0.882872 0.132400 
0.042026 0.016442 0.491768 
0.075727 0.009263 0.040103 0.047183 0.034755 
0.051308 0.019670 0.057502 0.076631 0.086011 
0.167521 0.033233 0.024915 0.034321 0.044623 
0.042621 0.044236 0.065936 0.012647 0.031796 
0.087130 0.033470 0.046870 0.049530 0.039770 
0.088610 0.033620 0.036890 0.080480 0.085360 
0.014750 0.040430 0.050680 0.038260 0.040900 
0.069580 0.058540 0.064720 0.010490 0.029920 
2
0.618666 0.015761 0.046210 
0.339307 0.967797 0.462022 
0.042048 0.016440 0.491768 
0.079737 0.006026 0.048767 0.049651 0.023589 
0.055767 0.017408 0.034237 0.077619 0.052438 
0.012152 0.040781 0.234271 0.034510 0.048141 
0.056434 0.047886 0.047085 0.009112 0.024389 
0.087130 0.033470 0.046870 0.049530 0.039770 
0.088610 0.033620 0.036890 0.080480 0.085360 
0.014750 0.040430 0.050680 0.038260 0.040900 
0.069580 0.058540 0.064720 0.010490 0.029920 
3
0.617844 0.015758 0.046210 
0.340108 0.967802 0.462022 
0.042095 0.016433 0.491768 
0.076371 0.006454 0.047508 0.059398 0.025419 
0.045059 0.018561 0.043758 0.204021 0.112370 
0.022513 0.035787 0.030968 0.040681 0.054202 
0.045625 0.042348 0.052008 0.010220 0.026730 
0.087130 0.033470 0.046870 0.049530 0.039770 
0.088610 0.033620 0.036890 0.080480 0.085360 
0.014750 0.040430 0.050680 0.038260 0.040900 
0.069580 0.058540 0.064720 0.010490 0.029920 
4
0.618547 0.015752 0.046210 
0.339357 0.967814 0.462022 
0.042095 0.016433 0.491768 
0.078661 0.010632 0.033057 0.037104 0.037725 
0.054704 0.018731 0.062573 0.038785 0.281358 
0.023905 0.038806 0.024953 0.028060 0.035514 
0.039339 0.039546 0.072876 0.012419 0.031251 
0.087130 0.033470 0.046870 0.049530 0.039770 
0.088610 0.033620 0.036890 0.080480 0.085360 
0.014750 0.040430 0.050680 0.038260 0.040900 
0.069580 0.058540 0.064720 0.010490 0.029920 
5
0.618547 0.015752 0.046210 
0.339357 0.967814 0.462022 
0.042095 0.016433 0.491768 
0.102726 0.007287 0.055110 0.068198 0.026455 
0.051377 0.020929 0.038170 0.063954 0.082049 
0.017933 0.050975 0.029522 0.153928 0.049792 
0.051573 0.045100 0.046741 0.010432 0.027748 
0.087130 0.033470 0.046870 0.049530 0.039770 
0.088610 0.033620 0.036890 0.080480 0.085360 
0.014750 0.040430 0.050680 0.038260 0.040900 
0.069580 0.058540 0.064720 0.010490 0.029920 
6
0.460775 0.015752 0.046210 
0.497129 0.967814 0.462022 
0.049981 0.015617 0.491768 
0.067574 0.004754 0.046812 0.061141 0.017613 
0.040137 0.018746 0.028563 0.147634 0.048674 
0.014298 0.036645 0.026742 0.042748 0.242714 
0.046025 0.041563 0.036635 0.008496 0.022484 
0.087130 0.033470 0.046870 0.049530 0.039770 
0.088610 0.033620 0.036890 0.080480 0.085360 
0.014750 0.040430 0.050680 0.038260 0.040900 
0.069580 0.058540 0.064720 0.010490 0.029920 
7
0.547091 0.014970 0.046210 
0.402928 0.969413 0.462022 
0.049981 0.015617 0.491768 
0.076199 0.005026 0.090840 0.121107 0.020464 
0.045367 0.019833 0.030744 0.072745 0.052432 
0.015098 0.040133 0.027600 0.045053 0.167407 
0.056599 0.041438 0.038087 0.009527 0.024302 
0.087130 0.033470 0.046870 0.049530 0.039770 
0.088610 0.033620 0.036890 0.080480 0.085360 
0.014750 0.040430 0.050680 0.038260 0.040900 
0.069580 0.058540 0.064720 0.010490 0.029920 
8
0.547091 0.014970 0.046210 
0.402928 0.969413 0.462022 
0.049981 0.015617 0.491768 
0.064488 0.004623 0.258913 0.074625 0.016340 
0.049626 0.018235 0.022486 0.101000 0.037944 
0.011289 0.068424 0.028229 0.040634 0.050998 
0.054624 0.041755 0.030059 0.006840 0.018868 
0.087130 0.033470 0.046870 0.049530 0.039770 
0.088610 0.033620 0.036890 0.080480 0.085360 
0.014750 0.040430 0.050680 0.038260 0.040900 
0.069580 0.058540 0.064720 0.010490 0.029920 
9
0.547091 0.014970 0.046210 
0.402928 0.969413 0.462022 
0.049981 0.015617 0.491768 
0.046236 0.008099 0.020438 0.024077 0.093531 
0.032369 0.021735 0.038607 0.023347 0.063319 
0.016193 0.020656 0.016219 0.019042 0.024668 
0.031841 0.030582 0.051214 0.033455 0.384371 
0.087130 0.033470 0.046870 0.049530 0.039770 
0.088610 0.033620 0.036890 0.080480 0.085360 
0.014750 0.040430 0.050680 0.038260 0.040900 
0.069580 0.058540 0.064720 0.010490 0.029920 
10
0.545869 0.014970 0.046210 
0.404150 0.969413 0.462022 
0.050042 0.015612 0.491768 
0.091748 0.009204 0.032043 0.036699 0.058713 
0.046766 0.023470 0.044370 0.035967 0.066999 
0.018846 0.030060 0.023026 0.028659 0.044388 
0.042387 0.043905 0.063518 0.018867 0.240365 
0.087130 0.033470 0.046870 0.049530 0.039770 
0.088610 0.033620 0.036890 0.080480 0.085360 
0.014750 0.040430 0.050680 0.038260 0.040900 
0.069580 0.058540 0.064720 0.010490 0.029920 
11
0.546537 0.014965 0.046210 
0.403421 0.969423 0.462022 
0.050042 0.015612 0.491768 
0.065279 0.005792 0.242969 0.074181 0.021369 
0.053852 0.022271 0.027739 0.062165 0.064970 
0.013740 0.062014 0.029713 0.038560 0.045775 
0.058041 0.042965 0.035184 0.008716 0.024706 
0.087130 0.033470 0.046870 0.049530 0.039770 
0.088610 0.033620 0.036890 0.080480 0.085360 
0.014750 0.040430 0.050680 0.038260 0.040900 
0.069580 0.058540 0.064720 0.010490 0.029920 
12
0.419517 0.014965 0.046210 
0.530441 0.969423 0.462022 
0.057323 0.015104 0.491768 
0.077340 0.012250 0.026418 0.026885 0.044754 
0.044286 0.016506 0.083712 0.026505 0.174313 
0.042027 0.024238 0.022451 0.021782 0.026149 
0.039347 0.158724 0.087572 0.012416 0.032325 
0.087130 0.033470 0.046870 0.049530 0.039770 
0.088610 0.033620 0.036890 0.080480 0.085360 
0.014750 0.040430 0.050680 0.038260 0.040900 
0.069580 0.058540 0.064720 0.010490 0.029920 
13
0.480557 0.014478 0.046210 
0.462119 0.970418 0.462022 
0.057323 0.015104 0.491768 
0.230113 0.011661 0.035446 0.039772 0.029011 
0.056011 0.016000 0.044983 0.038043 0.066110 
0.021714 0.029459 0.025651 0.028309 0.032487 
0.063493 0.132716 0.063379 0.009283 0.026361 
0.087130 0.033470 0.046870 0.049530 0.039770 
0.088610 0.033620 0.036890 0.080480 0.085360 
0.014750 0.040430 0.050680 0.038260 0.040900 
0.069580 0.058540 0.064720 0.010490 0.029920 
14
0.479840 0.014478 0.046210 
0.462837 0.970418 0.462022 
0.057365 0.015101 0.491768 
0.053880 0.004922 0.039336 0.048729 0.016322 
0.037342 0.016645 0.024253 0.054672 0.041853 
0.012091 0.031977 0.024035 0.034764 0.410154 
0.039846 0.049122 0.033025 0.007416 0.019617 
0.087130 0.033470 0.046870 0.049530 0.039770 
0.088610 0.033620 0.036890 0.080480 0.085360 
0.014750 0.040430 0.050680 0.038260 0.040900 
0.069580 0.058540 0.064720 0.010490 0.029920 
15
0.480184 0.014476 0.046210 
0.462451 0.970423 0.462022 
0.057365 0.015101 0.491768 
0.051167 0.004553 0.318095 0.062198 0.014749 
0.125110 0.016262 0.018237 0.044099 0.029384 
0.009178 0.078050 0.024472 0.032193 0.032388 
0.054562 0.038920 0.024612 0.005714 0.016058 
0.087130 0.033470 0.046870 0.049530 0.039770 
0.088610 0.033620 0.036890 0.080480 0.085360 
0.014750 0.040430 0.050680 0.038260 0.040900 
0.069580 0.058540 0.064720 0.010490 0.029920 
16
0.480184 0.014476 0.046210 
0.462451 0.970423 0.462022 
0.057365 0.015101 0.491768 
0.049140 0.009527 0.010011 0.011634 0.036588 
0.016787 0.008126 0.069873 0.012531 0.419039 
0.149090 0.009992 0.010106 0.011244 0.013249 
0.015148 0.032938 0.085601 0.008536 0.020842 
0.087130 0.033470 0.046870 0.049530 0.039770 
0.088610 0.033620 0.036890 0.080480 0.085360 
0.014750 0.040430 0.050680 0.038260 0.040900 
0.069580 0.058540 0.064720 0.010490 0.029920 
17
0.479479 0.014476 0.046210 
0.463157 0.970423 0.462022 
0.057405 0.015099 0.491768 
0.073142 0.007631 0.130359 0.045764 0.024334 
0.152889 0.024510 0.022941 0.040283 0.038411 
0.011949 0.154026 0.034050 0.027941 0.031243 
0.080627 0.037998 0.027313 0.010136 0.024451 
0.087130 0.033470 0.046870 0.049530 0.039770 
0.088610 0.033620 0.036890 0.080480 0.085360 
0.014750 0.040430 0.050680 0.038260 0.040900 
0.069580 0.058540 0.064720 0.010490 0.029920 
18
0.479817 0.014473 0.046210 
0.462778 0.970428 0.462022 
0.057405 0.015099 0.491768 
0.019677 0.005060 0.009777 0.011820 0.035874 
0.018679 0.006571 0.019241 0.010185 0.045956 
0.010976 0.008008 0.008748 0.006801 0.014218 
0.012708 0.011447 0.024828 0.688837 0.030588 
0.087130 0.033470 0.046870 0.049530 0.039770 
0.088610 0.033620 0.036890 0.080480 0.085360 
0.014750 0.040430 0.050680 0.038260 0.040900 
0.069580 0.058540 0.064720 0.010490 0.029920 
19
0.479817 0.014473 0.046210 
0.462778 0.970428 0.462022 
0.057405 0.015099 0.491768 
0.181879 0.006342 0.087587 0.126515 0.022573 
0.052824 0.018487 0.032184 0.064674 0.054341 
0.015181 0.037405 0.027493 0.046061 0.047208 
0.058063 0.047924 0.040720 0.008978 0.023563 
0.087130 0.033470 0.046870 0.049530 0.039770 
0.088610 0.033620 0.036890 0.080480 0.085360 
0.014750 0.040430 0.050680 0.038260 0.040900 
0.069580 0.058540 0.064720 0.010490 0.029920 
20
0.479817 0.014473 0.046210 
0.462778 0.970428 0.462022 
0.057405 0.015099 0.491768 
0.071518 0.011813 0.030935 0.030604 0.173812 
0.054434 0.022204 0.064219 0.025973 0.105912 
0.023249 0.030276 0.041356 0.022860 0.026805 
0.042887 0.071875 0.074423 0.019317 0.055528 
0.087130 0.033470 0.046870 0.049530 0.039770 
0.088610 0.033620 0.036890 0.080480 0.085360 
0.014750 0.040430 0.050680 0.038260 0.040900 
0.069580 0.058540 0.064720 0.010490 0.029920 
21
0.479817 0.014473 0.046210 
0.462778 0.970428 0.462022 
0.057405 0.015099 0.491768 
0.058512 0.007368 0.042048 0.039665 0.018750 
0.055786 0.014869 0.025500 0.037150 0.032635 
0.010265 0.042245 0.027233 0.027692 0.028022 
0.299467 0.165129 0.040169 0.006943 0.020553 
0.087130 0.033470 0.046870 0.049530 0.039770 
0.088610 0.033620 0.036890 0.080480 0.085360 
0.014750 0.040430 0.050680 0.038260 0.040900 
0.069580 0.058540 0.064720 0.010490 0.029920 
22
0.479817 0.014473 0.046210 
0.462778 0.970428 0.462022 
0.057405 0.015099 0.491768 
0.033133 0.005849 0.017827 0.019065 0.059971 
0.026968 0.015612 0.027732 0.019278 0.045912 
0.011218 0.015718 0.014240 0.014652 0.019202 
0.024108 0.023296 0.036701 0.014880 0.554639 
0.087130 0.033470 0.046870 0.049530 0.039770 
0.088610 0.033620 0.036890 0.080480 0.085360 
0.014750 0.040430 0.050680 0.038260 0.040900 
0.069580 0.058540 0.064720 0.010490 0.029920 
23
0.479817 0.014473 0.046210 
0.462778 0.970428 0.462022 
0.057405 0.015099 0.491768 
0.075534 0.009450 0.037241 0.052758 0.030531 
0.043551 0.018210 0.066190 0.046190 0.072227 
0.019459 0.030244 0.027414 0.063453 0.044178 
0.042895 0.045080 0.235955 0.010415 0.029026 
0.087130 0.033470 0.046870 0.049530 0.039770 
0.088610 0.033620 0.036890 0.080480 0.085360 
0.014750 0.040430 0.050680 0.038260 0.040900 
0.069580 0.058540 0.064720 0.010490 0.029920 
24
0.479817 0.014473 0.046210 
0.462778 0.970428 0.462022 
0.057405 0.015099 0.491768 
0.063244 0.007111 0.080357 0.051188 0.023489 
0.069334 0.020575 0.027227 0.054005 0.042063 
0.011857 0.061218 0.087099 0.033254 0.040615 
0.182765 0.073146 0.037157 0.009627 0.024669 
0.087130 0.033470 0.046870 0.049530 0.039770 
0.088610 0.033620 0.036890 0.080480 0.085360 
0.014750 0.040430 0.050680 0.038260 0.040900 
0.069580 0.058540 0.064720 0.010490 0.029920 
25
0.479817 0.014473 0.046210 
0.462778 0.970428 0.462022 
0.057405 0.015099 0.491768 
0.076011 0.005299 0.068666 0.214487 0.023216 
0.046836 0.020445 0.036237 0.076131 0.055813 
0.030547 0.038154 0.030665 0.045950 0.064077 
0.049540 0.040670 0.040104 0.010470 0.026681 
0.087130 0.033470 0.046870 0.049530 0.039770 
0.088610 0.033620 0.036890 0.080480 0.085360 
0.014750 0.040430 0.050680 0.038260 0.040900 
0.069580 0.058540 0.064720 0.010490 0.029920 
26
0.479817 0.014473 0.046210 
0.462778 0.970428 0.462022 
0.057405 0.015099 0.491768 
0.061201 0.003381 0.333629 0.121484 0.013096 
0.041367 0.014658 0.016915 0.054047 0.028991 
0.008911 0.063642 0.021762 0.047053 0.032290 
0.057554 0.036803 0.023979 0.004881 0.014354 
0.087130 0.033470 0.046870 0.049530 0.039770 
0.088610 0.033620 0.036890 0.080480 0.085360 
0.014750 0.040430 0.050680 0.038260 0.040900 
0.069580 0.058540 0.064720 0.010490 0.029920 
27
0.479817 0.014473 0.046210 
0.462778 0.970428 0.462022 
0.057405 0.015099 0.491768 
0.071116 0.003098 0.118353 0.264462 0.013876 
0.036075 0.015118 0.018687 0.124333 0.035926 
0.010230 0.033408 0.021700 0.052245 0.045327 
0.047655 0.035307 0.030827 0.006026 0.016232 
0.087130 0.033470 0.046870 0.049530 0.039770 
0.088610 0.033620 0.036890 0.080480 0.085360 
0.014750 0.040430 0.050680 0.038260 0.040900 
0.069580 0.058540 0.064720 0.010490 0.029920 
28
0.479817 0.014473 0.046210 
0.462778 0.970428 0.462022 
0.057405 0.015099 0.491768 
0.067897 0.012784 0.008390 0.008065 0.035730 
0.016954 0.006884 0.210027 0.010963 0.097041 
0.018275 0.007793 0.011992 0.007682 0.010222 
0.017347 0.028962 0.396176 0.006563 0.020255 
0.087130 0.033470 0.046870 0.049530 0.039770 
0.088610 0.033620 0.036890 0.080480 0.085360 
0.014750 0.040430 0.050680 0.038260 0.040900 
0.069580 0.058540 0.064720 0.010490 0.029920 
29
0.479817 0.014473 0.046210 
0.462778 0.970428 0.462022 
0.057405 0.015099 0.491768 
0.035909 0.007971 0.012159 0.015558 0.529875 
0.020506 0.009227 0.044240 0.013710 0.073568 
0.015929 0.010987 0.012007 0.011681 0.011194 
0.019834 0.021796 0.047916 0.021358 0.064576 
0.087130 0.033470 0.046870 0.049530 0.039770 
0.088610 0.033620 0.036890 0.080480 0.085360 
0.014750 0.040430 0.050680 0.038260 0.040900 
0.069580 0.058540 0.064720 0.010490 0.029920 
30
0.479817 0.014473 0.046210 
0.462778 0.970428 0.462022 
0.057405 0.015099 0.491768 
0.053447 0.004330 0.035450 0.035566 0.017380 
0.038252 0.011792 0.024880 0.051953 0.041081 
0.007487 0.028055 0.447558 0.025221 0.036646 
0.043544 0.037231 0.036672 0.006176 0.017277 
0.087130 0.033470 0.046870 0.049530 0.039770 
0.088610 0.033620 0.036890 0.080480 0.085360 
0.014750 0.040430 0.050680 0.038260 0.040900 
0.069580 0.058540 0.064720 0.010490 0.029920 
31
0.479817 0.088601 0.046210 
0.462778 0.896300 0.462022 
0.043096 0.016308 0.491768 
0.085887 0.004596 0.077861 0.230471 0.019729 
0.043788 0.030210 0.025366 0.069306 0.045823 
0.013115 0.037808 0.025508 0.084980 0.049151 
0.052047 0.040251 0.033200 0.008602 0.022301 
0.087130 0.033470 0.046870 0.049530 0.039770 
0.088610 0.033620 0.036890 0.080480 0.085360 
0.014750 0.040430 0.050680 0.038260 0.040900 
0.069580 0.058540 0.064720 0.010490 0.029920 
32
0.609479 0.029218 0.046210 
0.347425 0.954474 0.462022 
0.041347 0.016532 0.491768 
0.074031 0.007807 0.062576 0.242123 0.023301 
0.049843 0.020362 0.032943 0.064298 0.052320 
0.015076 0.041387 0.029609 0.044159 0.049912 
0.063873 0.047713 0.042996 0.010017 0.025656 
0.087130 0.033470 0.046870 0.049530 0.039770 
0.088610 0.033620 0.036890 0.080480 0.085360 
0.014750 0.040430 0.050680 0.038260 0.040900 
0.069580 0.058540 0.064720 0.010490 0.029920 
33
0.386180 0.016358 0.046210 
0.572472 0.967110 0.462022 
0.054236 0.015299 0.491768 
0.082930 0.012731 0.026276 0.028431 0.059615 
0.042952 0.019423 0.082101 0.028871 0.220974 
0.034256 0.024427 0.021572 0.022960 0.031458 
0.033029 0.040655 0.091113 0.021117 0.075110 
0.087130 0.033470 0.046870 0.049530 0.039770 
0.088610 0.033620 0.036890 0.080480 0.085360 
0.014750 0.040430 0.050680 0.038260 0.040900 
0.069580 0.058540 0.064720 0.010490 0.029920 
34
0.455302 0.014665 0.046210 
0.490462 0.970037 0.462022 
0.057286 0.015106 0.491768 
0.071783 0.006716 0.123309 0.072963 0.022620 
0.060394 0.019617 0.027954 0.052506 0.040657 
0.011959 0.058894 0.034509 0.035234 0.035373 
0.171718 0.080151 0.040980 0.009144 0.023520 
0.087130 0.033470 0.046870 0.049530 0.039770 
0.088610 0.033620 0.036890 0.080480 0.085360 
0.014750 0.040430 0.050680 0.038260 0.040900 
0.069580 0.058540 0.064720 0.010490 0.029920 
35
0.478817 0.014480 0.046210 
0.463897 0.970414 0.462022 
0.057405 0.015099 0.491768 
0.101993 0.004490 0.062144 0.073853 0.018131 
0.074192 0.020228 0.030963 0.193207 0.051891 
0.014135 0.043296 0.030150 0.048872 0.067720 
0.051565 0.047795 0.035970 0.007982 0.021421 
0.087130 0.033470 0.046870 0.049530 0.039770 
0.088610 0.033620 0.036890 0.080480 0.085360 
0.014750 0.040430 0.050680 0.038260 0.040900 
0.069580 0.058540 0.064720 0.010490 0.029920 
36
0.479817 0.014473 0.046210 
0.462778 0.970428 0.462022 
0.057405 0.015099 0.491768 
0.089411 0.011262 0.048500 0.046663 0.063512 
0.069284 0.024523 0.044092 0.034076 0.064312 
0.018474 0.049276 0.036813 0.028082 0.032430 
0.140831 0.068066 0.057629 0.015917 0.056846 
0.087130 0.033470 0.046870 0.049530 0.039770 
0.088610 0.033620 0.036890 0.080480 0.085360 
0.014750 0.040430 0.050680 0.038260 0.040900 
0.069580 0.058540 0.064720 0.010490 0.029920 
37
0.479817 0.014473 0.046210 
0.462778 0.970428 0.462022 
0.057405 0.015099 0.491768 
0.071097 0.008986 0.048605 0.106948 0.143969 
0.067310 0.024688 0.043776 0.046320 0.067897 
0.019572 0.039219 0.029870 0.033724 0.040159 
0.049238 0.043022 0.052113 0.017722 0.045766 
0.087130 0.033470 0.046870 0.049530 0.039770 
0.088610 0.033620 0.036890 0.080480 0.085360 
0.014750 0.040430 0.050680 0.038260 0.040900 
0.069580 0.058540 0.064720 0.010490 0.029920 
38
0.479817 0.014473 0.046210 
0.462778 0.970428 0.462022 
0.057405 0.015099 0.491768 
0.051484 0.003397 0.041729 0.020221 0.008156 
0.651546 0.007923 0.011045 0.022700 0.017299 
0.006438 0.026008 0.016624 0.013479 0.020688 
0.033557 0.020821 0.012100 0.003936 0.010849 
0.087130 0.033470 0.046870 0.049530 0.039770 
0.088610 0.033620 0.036890 0.080480 0.085360 
0.014750 0.040430 0.050680 0.038260 0.040900 
0.069580 0.058540 0.064720 0.010490 0.029920 
39
0.479817 0.014473 0.046210 
0.462778 0.970428 0.462022 
0.057405 0.015099 0.491768 
0.044610 0.010442 0.008178 0.009076 0.035944 
0.015573 0.006730 0.450939 0.010687 0.114797 
0.022137 0.008233 0.010770 0.008719 0.010519 
0.014728 0.024133 0.166755 0.007459 0.019568 
0.087130 0.033470 0.046870 0.049530 0.039770 
0.088610 0.033620 0.036890 0.080480 0.085360 
0.014750 0.040430 0.050680 0.038260 0.040900 
0.069580 0.058540 0.064720 0.010490 0.029920 
40
0.479817 0.014473 0.046210 
0.462778 0.970428 0.462022 
0.057405 0.015099 0.491768 
0.070176 0.007664 0.049933 0.056006 0.025263 
0.051413 0.128664 0.039970 0.146055 0.056160 
0.016464 0.042127 0.040740 0.039849 0.055161 
0.049835 0.042519 0.042333 0.010927 0.028740 
0.087130 0.033470 0.046870 0.049530 0.039770 
0.088610 0.033620 0.036890 0.080480 0.085360 
0.014750 0.040430 0.050680 0.038260 0.040900 
0.069580 0.058540 0.064720 0.010490 0.029920 
41
0.479817 0.014473 0.046210 
0.462778 0.970428 0.462022 
0.057405 0.015099 0.491768 
0.090261 0.011826 0.032539 0.029218 0.038360 
0.227833 0.018616 0.107259 0.029225 0.069977 
0.023998 0.031546 0.029000 0.022048 0.028213 
0.044888 0.048140 0.070534 0.012969 0.033551 
0.087130 0.033470 0.046870 0.049530 0.039770 
0.088610 0.033620 0.036890 0.080480 0.085360 
0.014750 0.040430 0.050680 0.038260 0.040900 
0.069580 0.058540 0.064720 0.010490 0.029920 
42
0.479817 0.014473 0.046210 
0.462778 0.970428 0.462022 
0.057405 0.015099 0.491768 
0.070133 0.005005 0.066152 0.239642 0.020261 
0.043892 0.048385 0.025936 0.075104 0.045314 
0.013227 0.039570 0.026076 0.045774 0.048802 
0.051498 0.068827 0.034090 0.009061 0.023251 
0.087130 0.033470 0.046870 0.049530 0.039770 
0.088610 0.033620 0.036890 0.080480 0.085360 
0.014750 0.040430 0.050680 0.038260 0.040900 
0.069580 0.058540 0.064720 0.010490 0.029920 
43
0.479817 0.014473 0.046210 
0.462778 0.970428 0.462022 
0.057405 0.015099 0.491768 
0.079073 0.003211 0.228804 0.209285 0.014963 
0.046984 0.014564 0.017485 0.055099 0.032741 
0.009638 0.050453 0.021303 0.048688 0.034762 
0.051257 0.035434 0.024620 0.005859 0.015778 
0.087130 0.033470 0.046870 0.049530 0.039770 
0.088610 0.033620 0.036890 0.080480 0.085360 
0.014750 0.040430 0.050680 0.038260 0.040900 
0.069580 0.058540 0.064720 0.010490 0.029920 
44
0.479817 0.014473 0.046210 
0.462778 0.970428 0.462022 
0.057405 0.015099 0.491768 
0.020296 0.005023 0.010400 0.013068 0.069556 
0.015413 0.012236 0.022065 0.012728 0.046113 
0.010990 0.010764 0.009483 0.009650 0.016147 
0.016411 0.015493 0.023208 0.598913 0.062043 
0.087130 0.033470 0.046870 0.049530 0.039770 
0.088610 0.033620 0.036890 0.080480 0.085360 
0.014750 0.040430 0.050680 0.038260 0.040900 
0.069580 0.058540 0.064720 0.010490 0.029920 
45
0.479817 0.014473 0.046210 
0.462778 0.970428 0.462022 
0.057405 0.015099 0.491768 
0.069250 0.009280 0.085672 0.060407 0.044303 
0.064469 0.029835 0.042494 0.041596 0.075904 
0.020267 0.047540 0.031581 0.033108 0.042306 
0.059808 0.043250 0.049608 0.105054 0.044267 
0.087130 0.033470 0.046870 0.049530 0.039770 
0.088610 0.033620 0.036890 0.080480 0.085360 
0.014750 0.040430 0.050680 0.038260 0.040900 
0.069580 0.058540 0.064720 0.010490 0.029920 
46
0.479817 0.014473 0.046210 
0.462778 0.970428 0.462022 
0.057405 0.015099 0.491768 
0.108624 0.006225 0.052748 0.044134 0.020105 
0.288173 0.016659 0.029084 0.076629 0.041210 
0.014035 0.049643 0.030083 0.032109 0.035516 
0.054607 0.038136 0.031622 0.008488 0.022169 
0.087130 0.033470 0.046870 0.049530 0.039770 
0.088610 0.033620 0.036890 0.080480 0.085360 
0.014750 0.040430 0.050680 0.038260 0.040900 
0.069580 0.058540 0.064720 0.010490 0.029920 
47
0.479817 0.014473 0.046210 
0.462778 0.970428 0.462022 
0.057405 0.015099 0.491768 
0.019729 0.004987 0.006795 0.011288 0.049605 
0.014265 0.006325 0.022216 0.009644 0.055092 
0.013257 0.006643 0.006596 0.006496 0.015243 
0.011523 0.010673 0.028044 0.660970 0.040609 
0.087130 0.033470 0.046870 0.049530 0.039770 
0.088610 0.033620 0.036890 0.080480 0.085360 
0.014750 0.040430 0.050680 0.038260 0.040900 
0.069580 0.058540 0.064720 0.010490 0.029920 
48
0.479817 0.014473 0.046210 
0.462778 0.970428 0.462022 
0.057405 0.015099 0.491768 
0.059560 0.002905 0.252606 0.246616 0.013532 
0.036768 0.013311 0.015486 0.050296 0.030115 
0.009099 0.039414 0.020020 0.048088 0.032704 
0.047339 0.034224 0.027915 0.005349 0.014653 
0.087130 0.033470 0.046870 0.049530 0.039770 
0.088610 0.033620 0.036890 0.080480 0.085360 
0.014750 0.040430 0.050680 0.038260 0.040900 
0.069580 0.058540 0.064720 0.010490 0.029920 
49
0.479817 0.014473 0.046210 
0.462778 0.970428 0.462022 
0.057405 0.015099 0.491768 
0.058328 0.002812 0.247393 0.272516 0.013052 
0.036277 0.012871 0.014532 0.049105 0.028945 
0.008735 0.035282 0.019678 0.047569 0.032021 
0.045743 0.033111 0.022536 0.005221 0.014273 
0.087130 0.033470 0.046870 0.049530 0.039770 
0.088610 0.033620 0.036890 0.080480 0.085360 
0.014750 0.040430 0.050680 0.038260 0.040900 
0.069580 0.058540 0.064720 0.010490 0.029920 
50
0.479817 0.014473 0.046210 
0.462778 0.970428 0.462022 
0.057405 0.015099 0.491768 
0.048959 0.004972 0.030176 0.035279 0.010477 
0.032138 0.010850 0.016957 0.032009 0.029097 
0.006296 0.019994 0.571404 0.018760 0.023530 
0.041662 0.028172 0.025898 0.003392 0.009976 
0.087130 0.033470 0.046870 0.049530 0.039770 
0.088610 0.033620 0.036890 0.080480 0.085360 
0.014750 0.040430 0.050680 0.038260 0.040900 
0.069580 0.058540 0.064720 0.010490 0.029920 
51
0.479817 0.014473 0.046210 
0.462778 0.970428 0.462022 
0.057405 0.015099 0.491768 
0.038104 0.008432 0.013258 0.017076 0.282888 
0.024995 0.018604 0.039283 0.014264 0.065638 
0.015681 0.014842 0.012215 0.013862 0.015709 
0.025698 0.025186 0.049030 0.030249 0.274985 
0.087130 0.033470 0.046870 0.049530 0.039770 
0.088610 0.033620 0.036890 0.080480 0.085360 
0.014750 0.040430 0.050680 0.038260 0.040900 
0.069580 0.058540 0.064720 0.010490 0.029920 
52
0.479817 0.014473 0.046210 
0.462778 0.970428 0.462022 
0.057405 0.015099 0.491768 
0.064526 0.004263 0.044567 0.059258 0.015628 
0.036416 0.017532 0.025507 0.220079 0.044223 
0.012913 0.034425 0.024605 0.041395 0.212270 
0.042867 0.038700 0.033055 0.007585 0.020186 
0.087130 0.033470 0.046870 0.049530 0.039770 
0.088610 0.033620 0.036890 0.080480 0.085360 
0.014750 0.040430 0.050680 0.038260 0.040900 
0.069580 0.058540 0.064720 0.010490 0.029920 
53
0.479817 0.014473 0.046210 
0.462778 0.970428 0.462022 
0.057405 0.015099 0.491768 
0.043345 0.009125 0.007651 0.009155 0.035987 
0.014013 0.006650 0.083065 0.009660 0.547623 
0.032243 0.008150 0.009490 0.009486 0.010366 
0.013116 0.021476 0.102083 0.008071 0.019247 
0.087130 0.033470 0.046870 0.049530 0.039770 
0.088610 0.033620 0.036890 0.080480 0.085360 
0.014750 0.040430 0.050680 0.038260 0.040900 
0.069580 0.058540 0.064720 0.010490 0.029920 
54
0.479817 0.014473 0.046210 
0.462778 0.970428 0.462022 
0.057405 0.015099 0.491768 
0.048687 0.006229 0.034383 0.035691 0.016675 
0.035218 0.013103 0.025030 0.035124 0.032961 
0.009830 0.032236 0.022988 0.025817 0.027193 
0.107099 0.429804 0.037733 0.006053 0.018149 
0.087130 0.033470 0.046870 0.049530 0.039770 
0.088610 0.033620 0.036890 0.080480 0.085360 
0.014750 0.040430 0.050680 0.038260 0.040900 
0.069580 0.058540 0.064720 0.010490 0.029920 
55
0.479817 0.014473 0.046210 
0.462778 0.970428 0.462022 
0.057405 0.015099 0.491768 
0.065247 0.010915 0.024590 0.026953 0.085279 
0.044788 0.021956 0.061291 0.024730 0.092631 
0.056742 0.024707 0.018688 0.020888 0.027534 
0.034931 0.035176 0.071081 0.023038 0.228834 
0.087130 0.033470 0.046870 0.049530 0.039770 
0.088610 0.033620 0.036890 0.080480 0.085360 
0.014750 0.040430 0.050680 0.038260 0.040900 
0.069580 0.058540 0.064720 0.010490 0.029920 
56
0.479817 0.014473 0.046210 
0.462778 0.970428 0.462022 
0.057405 0.015099 0.491768 
0.060896 0.004733 0.194286 0.060593 0.016872 
0.042563 0.018121 0.023814 0.061327 0.041144 
0.012147 0.039740 0.030252 0.039008 0.209241 
0.045938 0.039192 0.031779 0.007852 0.020502 
0.087130 0.033470 0.046870 0.049530 0.039770 
0.088610 0.033620 0.036890 0.080480 0.085360 
0.014750 0.040430 0.050680 0.038260 0.040900 
0.069580 0.058540 0.064720 0.010490 0.029920 
57
0.479817 0.014473 0.046210 
0.462778 0.970428 0.462022 
0.057405 0.015099 0.491768 
0.184047 0.004539 0.076292 0.219105 0.016881 
0.041765 0.016037 0.023080 0.064921 0.041756 
0.011784 0.036993 0.022540 0.046962 0.044737 
0.054280 0.037010 0.031489 0.007065 0.018719 
0.087130 0.033470 0.046870 0.049530 0.039770 
0.088610 0.033620 0.036890 0.080480 0.085360 
0.014750 0.040430 0.050680 0.038260 0.040900 
0.069580 0.058540 0.064720 0.010490 0.029920 
58
0.479817 0.014473 0.046210 
0.462778 0.970428 0.462022 
0.057405 0.015099 0.491768 
0.028827 0.008871 0.015986 0.018441 0.101567 
0.018849 0.028143 0.030091 0.019221 0.056298 
0.014314 0.017937 0.013214 0.013857 0.019698 
0.023294 0.021437 0.033011 0.030404 0.486539 
0.087130 0.033470 0.046870 0.049530 0.039770 
0.088610 0.033620 0.036890 0.080480 0.085360 
0.014750 0.040430 0.050680 0.038260 0.040900 
0.069580 0.058540 0.064720 0.010490 0.029920 
59
0.479817 0.014473 0.046210 
0.462778 0.970428 0.462022 
0.057405 0.015099 0.491768 
0.071622 0.012927 0.019811 0.021650 0.043726 
0.036002 0.013247 0.109932 0.023263 0.104121 
0.024068 0.017945 0.020074 0.017434 0.022740 
0.030203 0.036531 0.305916 0.036934 0.031853 
0.087130 0.033470 0.046870 0.049530 0.039770 
0.088610 0.033620 0.036890 0.080480 0.085360 
0.014750 0.040430 0.050680 0.038260 0.040900 
0.069580 0.058540 0.064720 0.010490 0.029920 
60
0.479817 0.014473 0.046210 
0.462778 0.970428 0.462022 
0.057405 0.015099 0.491768 
0.064861 0.005321 0.047863 0.058251 0.019521 
0.043301 0.152574 0.027835 0.193445 0.046771 
0.016530 0.038999 0.026571 0.040997 0.058458 
0.048309 0.041672 0.035848 0.008852 0.024021 
0.087130 0.033470 0.046870 0.049530 0.039770 
0.088610 0.033620 0.036890 0.080480 0.085360 
0.014750 0.040430 0.050680 0.038260 0.040900 
0.069580 0.058540 0.064720 0.010490 0.029920 
61
0.479817 0.014473 0.046210 
0.462778 0.970428 0.462022 
0.057405 0.015099 0.491768 
0.069554 0.010551 0.057746 0.042138 0.052229 
0.071900 0.027926 0.050118 0.035428 0.071260 
0.020220 0.131951 0.033603 0.028782 0.034617 
0.063008 0.047250 0.058458 0.017682 0.075579 
0.087130 0.033470 0.046870 0.049530 0.039770 
0.088610 0.033620 0.036890 0.080480 0.085360 
0.014750 0.040430 0.050680 0.038260 0.040900 
0.069580 0.058540 0.064720 0.010490 0.029920 
62
0.479817 0.014473 0.046210 
0.462778 0.970428 0.462022 
0.057405 0.015099 0.491768 
0.055318 0.005262 0.043447 0.054555 0.017299 
0.038861 0.016880 0.024555 0.054261 0.042844 
0.012140 0.032721 0.024569 0.392610 0.042093 
0.042090 0.039710 0.033920 0.007300 0.019566 
0.087130 0.033470 0.046870 0.049530 0.039770 
0.088610 0.033620 0.036890 0.080480 0.085360 
0.014750 0.040430 0.050680 0.038260 0.040900 
0.069580 0.058540 0.064720 0.010490 0.029920 
63
0.479817 0.014473 0.046210 
0.462778 0.970428 0.462022 
0.057405 0.015099 0.491768 
0.299604 0.012331 0.032692 0.038686 0.026369 
0.098424 0.014650 0.038514 0.037674 0.059683 
0.017373 0.026339 0.022990 0.026911 0.042990 
0.065761 0.039242 0.066478 0.008649 0.024639 
0.087130 0.033470 0.046870 0.049530 0.039770 
0.088610 0.033620 0.036890 0.080480 0.085360 
0.014750 0.040430 0.050680 0.038260 0.040900 
0.069580 0.058540 0.064720 0.010490 0.029920 
64
0.479817 0.014473 0.046210 
0.462778 0.970428 0.462022 
0.057405 0.015099 0.491768 
0.067452 0.005916 0.067294 0.170248 0.020821 
0.212322 0.018650 0.025150 0.050377 0.040697 
0.012855 0.042313 0.027635 0.036589 0.038797 
0.052534 0.045914 0.032404 0.009161 0.022872 
0.087130 0.033470 0.046870 0.049530 0.039770 
0.088610 0.033620 0.036890 0.080480 0.085360 
0.014750 0.040430 0.050680 0.038260 0.040900 
0.069580 0.058540 0.064720 0.010490 0.029920 
65
0.479817 0.014473 0.046210 
0.462778 0.970428 0.462022 
0.057405 0.015099 0.491768 
0.047178 0.005141 0.044891 0.070743 0.011667 
0.035847 0.019258 0.018732 0.370575 0.033303 
0.010326 0.037008 0.028769 0.046857 0.090542 
0.045002 0.039058 0.026043 0.004705 0.014354 
0.087130 0.033470 0.046870 0.049530 0.039770 
0.088610 0.033620 0.036890 0.080480 0.085360 
0.014750 0.040430 0.050680 0.038260 0.040900 
0.069580 0.058540 0.064720 0.010490 0.029920 
66
0.479817 0.014473 0.046210 
0.462778 0.970428 0.462022 
0.057405 0.015099 0.491768 
0.058926 0.002774 0.233294 0.287097 0.013076 
0.035981 0.012791 0.014434 0.049430 0.029065 
0.008760 0.033542 0.019574 0.048366 0.032203 
0.045636 0.032993 0.022503 0.005255 0.014300 
0.087130 0.033470 0.046870 0.049530 0.039770 
0.088610 0.033620 0.036890 0.080480 0.085360 
0.014750 0.040430 0.050680 0.038260 0.040900 
0.069580 0.058540 0.064720 0.010490 0.029920 
67
0.479817 0.014473 0.046210 
0.462778 0.970428 0.462022 
0.057405 0.015099 0.491768 
0.082441 0.004822 0.175458 0.073012 0.018797 
0.048799 0.018908 0.027442 0.093338 0.046649 
0.013253 0.048711 0.028778 0.043144 0.107717 
0.060206 0.044920 0.033793 0.008242 0.021570 
0.087130 0.033470 0.046870 0.049530 0.039770 
0.088610 0.033620 0.036890 0.080480 0.085360 
0.014750 0.040430 0.050680 0.038260 0.040900 
0.069580 0.058540 0.064720 0.010490 0.029920 
68
0.479817 0.014473 0.046210 
0.462778 0.970428 0.462022 
0.057405 0.015099 0.491768 
0.067234 0.005705 0.046132 0.044954 0.018281 
0.297922 0.016703 0.026871 0.114954 0.037733 
0.013163 0.044237 0.029356 0.031276 0.042847 
0.058713 0.044177 0.030543 0.007996 0.021204 
0.087130 0.033470 0.046870 0.049530 0.039770 
0.088610 0.033620 0.036890 0.080480 0.085360 
0.014750 0.040430 0.050680 0.038260 0.040900 
0.069580 0.058540 0.064720 0.010490 0.029920 
69
0.479817 0.014473 0.046210 
0.462778 0.970428 0.462022 
0.057405 0.015099 0.491768 
0.055066 0.010025 0.009028 0.010045 0.042983 
0.016262 0.007854 0.194587 0.011190 0.383202 
0.025018 0.009075 0.010079 0.010241 0.012192 
0.014345 0.028143 0.121403 0.008312 0.020952 
0.087130 0.033470 0.046870 0.049530 0.039770 
0.088610 0.033620 0.036890 0.080480 0.085360 
0.014750 0.040430 0.050680 0.038260 0.040900 
0.069580 0.058540 0.064720 0.010490 0.029920 
70
0.479817 0.014473 0.046210 
0.462778 0.970428 0.462022 
0.057405 0.015099 0.491768 
0.035986 0.005724 0.020481 0.023827 0.065430 
0.036171 0.018029 0.024135 0.030235 0.041667 
0.010907 0.018734 0.015087 0.018373 0.023707 
0.027964 0.026483 0.035452 0.016629 0.504980 
0.087130 0.033470 0.046870 0.049530 0.039770 
0.088610 0.033620 0.036890 0.080480 0.085360 
0.014750 0.040430 0.050680 0.038260 0.040900 
0.069580 0.058540 0.064720 0.010490 0.029920 
71
0.479817 0.014473 0.046210 
0.462778 0.970428 0.462022 
0.057405 0.020080 0.486528 
0.293319 0.010617 0.031833 0.036483 0.022415 
0.054274 0.013313 0.031161 0.034207 0.048825 
0.014076 0.026152 0.022065 0.024849 0.028085 
0.186307 0.042835 0.050619 0.007419 0.021147 
0.087129 0.033470 0.046870 0.049530 0.039770 
0.088609 0.033620 0.036898 0.080479 0.085359 
0.014750 0.040430 0.050680 0.038260 0.040900 
0.069579 0.058539 0.064719 0.010490 0.029920 
72
0.479817 0.014473 0.045718 
0.462778 0.965447 0.467754 
0.057405 0.015099 0.491768 
0.045394 0.011719 0.007739 0.007660 0.035434 
0.015175 0.006521 0.355511 0.010298 0.096892 
0.019187 0.007414 0.011161 0.007455 0.009690 
0.014996 0.026177 0.285420 0.006670 0.019486 
0.087130 0.033470 0.046870 0.049530 0.039770 
0.088610 0.033620 0.036890 0.080480 0.085360 
0.014750 0.040430 0.050680 0.038260 0.040900 
0.069580 0.058540 0.064720 0.010490 0.029920 
73
0.479817 0.014473 0.046210 
0.462778 0.970428 0.462022 
0.057405 0.015099 0.491768 
0.090521 0.007012 0.042085 0.053354 0.035533 
0.045949 0.019486 0.083259 0.074443 0.104764 
0.026251 0.030094 0.028125 0.036335 0.123145 
0.041689 0.037258 0.070146 0.014308 0.036242 
0.087130 0.033470 0.046870 0.049530 0.039770 
0.088610 0.033620 0.036890 0.080480 0.085360 
0.014750 0.040430 0.050680 0.038260 0.040900 
0.069580 0.058540 0.064720 0.010490 0.029920 
74
0.479817 0.014473 0.046210 
0.462778 0.970428 0.462022 
0.057405 0.015099 0.491768 
0.065406 0.005933 0.188768 0.071798 0.019239 
0.062621 0.019110 0.021384 0.049059 0.035320 
0.010598 0.077678 0.030791 0.035227 0.035096 
0.161679 0.052490 0.029458 0.007835 0.020511 
0.087130 0.033470 0.046870 0.049530 0.039770 
0.088610 0.033620 0.036890 0.080480 0.085360 
0.014750 0.040430 0.050680 0.038260 0.040900 
0.069580 0.058540 0.064720 0.010490 0.029920 
75
0.479817 0.014473 0.046210 
0.462778 0.970428 0.462022 
0.057405 0.015099 0.491768 
0.229437 0.011051 0.034014 0.037479 0.027179 
0.052641 0.014780 0.038140 0.035102 0.055388 
0.016027 0.029206 0.025083 0.026603 0.029410 
0.088536 0.160496 0.057124 0.008283 0.024019 
0.087130 0.033470 0.046870 0.049530 0.039770 
0.088610 0.033620 0.036890 0.080480 0.085360 
0.014750 0.040430 0.050680 0.038260 0.040900 
0.069580 0.058540 0.064720 0.010490 0.029920 
76
0.479817 0.014473 0.046210 
0.462778 0.970428 0.462022 
0.057405 0.015099 0.491768 
0.065826 0.013080 0.015795 0.015754 0.116418 
0.034838 0.014675 0.214192 0.017128 0.140778 
0.030231 0.015196 0.016046 0.014629 0.018694 
0.022629 0.032410 0.156117 0.012228 0.033336 
0.087130 0.033470 0.046870 0.049530 0.039770 
0.088610 0.033620 0.036890 0.080480 0.085360 
0.014750 0.040430 0.050680 0.038260 0.040900 
0.069580 0.058540 0.064720 0.010490 0.029920 
77
0.479817 0.014473 0.046210 
0.462778 0.970428 0.462022 
0.057405 0.015099 0.491768 
0.314661 0.011006 0.035464 0.047580 0.025547 
0.052301 0.015516 0.038413 0.043002 0.060165 
0.017241 0.031228 0.023288 0.040010 0.035611 
0.062702 0.041354 0.072062 0.008511 0.024336 
0.087130 0.033470 0.046870 0.049530 0.039770 
0.088610 0.033620 0.036890 0.080480 0.085360 
0.014750 0.040430 0.050680 0.038260 0.040900 
0.069580 0.058540 0.064720 0.010490 0.029920 
78
0.479817 0.014473 0.046210 
0.462778 0.970428 0.462022 
0.057405 0.015099 0.491768 
0.066877 0.004862 0.047274 0.061886 0.017856 
0.039835 0.018832 0.027481 0.068756 0.047230 
0.013883 0.039657 0.025732 0.145903 0.220750 
0.045587 0.041255 0.035587 0.008429 0.022328 
0.087130 0.033470 0.046870 0.049530 0.039770 
0.088610 0.033620 0.036890 0.080480 0.085360 
0.014750 0.040430 0.050680 0.038260 0.040900 
0.069580 0.058540 0.064720 0.010490 0.029920 
79
0.479817 0.014473 0.046210 
0.462778 0.970428 0.462022 
0.057405 0.015099 0.491768 
0.068794 0.007360 0.062682 0.045510 0.020967 
0.069832 0.019740 0.023007 0.044347 0.036633 
0.011148 0.139648 0.032615 0.031096 0.034457 
0.222689 0.065079 0.033082 0.008632 0.022680 
0.087130 0.033470 0.046870 0.049530 0.039770 
0.088610 0.033620 0.036890 0.080480 0.085360 
0.014750 0.040430 0.050680 0.038260 0.040900 
0.069580 0.058540 0.064720 0.010490 0.029920 
80
0.479817 0.014473 0.046210 
0.462778 0.970428 0.462022 
0.057405 0.079896 0.431339 
0.063903 0.006238 0.074623 0.049186 0.018848 
0.083686 0.020349 0.020803 0.057939 0.036065 
0.011140 0.276623 0.030547 0.033759 0.039692 
0.075009 0.043276 0.028713 0.008253 0.021348 
0.087141 0.033466 0.046865 0.049524 0.039765 
0.088693 0.033616 0.036886 0.080471 0.085350 
0.014748 0.040425 0.050674 0.038256 0.040895 
0.069572 0.058533 0.064713 0.010489 0.029917 
81
0.479817 0.014473 0.040532 
0.462778 0.905630 0.528129 
0.057405 0.015099 0.491768 
0.097812 0.011575 0.039907 0.042958 0.043071 
0.058403 0.033008 0.066118 0.044264 0.173692 
0.027287 0.034059 0.027330 0.042051 0.043141 
0.042401 0.045493 0.073385 0.014935 0.039109 
0.087130 0.033470 0.046870 0.049530 0.039770 
0.088610 0.033620 0.036890 0.080480 0.085360 
0.014750 0.040430 0.050680 0.038260 0.040900 
0.069580 0.058540 0.064720 0.010490 0.029920 
82
0.479817 0.014473 0.046210 
0.462778 0.970428 0.462022 
0.057405 0.015099 0.491768 
0.066761 0.011067 0.023436 0.025293 0.090174 
0.039357 0.021897 0.064120 0.023324 0.168788 
0.028591 0.023406 0.017900 0.023334 0.027035 
0.031529 0.032632 0.072689 0.021500 0.187166 
0.087130 0.033470 0.046870 0.049530 0.039770 
0.088610 0.033620 0.036890 0.080480 0.085360 
0.014750 0.040430 0.050680 0.038260 0.040900 
0.069580 0.058540 0.064720 0.010490 0.029920 
83
0.479817 0.014473 0.046210 
0.462778 0.970428 0.462022 
0.057405 0.015099 0.491768 
0.057768 0.005538 0.227237 0.084942 0.020117 
0.077624 0.020506 0.022647 0.049943 0.036548 
0.010884 0.121548 0.028846 0.033195 0.033035 
0.066187 0.047307 0.027977 0.007833 0.020319 
0.087130 0.033470 0.046870 0.049530 0.039770 
0.088610 0.033620 0.036890 0.080480 0.085360 
0.014750 0.040430 0.050680 0.038260 0.040900 
