%  SAM: modelfromalign v3.5 (July 15, 2005) compiled 12/05/20_11:48:22
%  (c) 1992-2001 Regents of the University of California, Santa Cruz
%
%          Sequence Alignment and Modeling Software System
%         http://www.cse.ucsc.edu/research/compbio/sam.html
%
% ----------------- Citations (SAM, SAM-T2K, HMMs) --------------------
% R. Hughey, A. Krogh, Hidden Markov models for sequence analysis:
%  Extension and analysis of the basic method, CABIOS 12:95-107, 1996.
% K. Karplus, et al., What is the value added by human intervention in protein
%  structure prediction, Proteins: Stucture, Function, Genetics 45(S5):86--91, 2001.
% A. Krogh et al., Hidden Markov models in computational biology:
%  Applications to protein modeling, JMB 235:1501-1531, Feb 1994.
% ---------------------------------------------------------------------
%  last   Host: gauntlet    Thu Feb 11 16:21:37 2021
%  dgpinheiro   Dir:  /data/GitHub/sfFinder/example/output/subfamily/TEST1/flowerpower/fp-workspace/final
% ---------------------------------------------------------------------
% Prior File:  Internal (Name: recode3.20comp) 
%   20 priors on 20 characters.
%  Alignment weights from internal calc.  Total (1.57) Max (0.00) Min (0.00)
%  Weights from alignment method 1 (karplus), b=0.500000, e=0.500000
MODEL --  Model from alignment file last.a2m
alphabet protein
FREQAVE
0.000000 0.000000 0.000000 
0.000000 0.000000 0.000000 
0.000000 0.000000 0.000000 
0.073366 0.015731 0.056938 0.066613 0.049655 
0.061768 0.028683 0.052055 0.058198 0.085039 
0.025996 0.041873 0.045380 0.042494 0.052400 
0.059160 0.053814 0.060939 0.022990 0.046909 
0.073366 0.015731 0.056938 0.066613 0.049655 
0.061768 0.028683 0.052055 0.058198 0.085039 
0.025996 0.041873 0.045380 0.042494 0.052400 
0.059160 0.053814 0.060939 0.022990 0.046909 
Begin
0.000000 0.000000 0.000000 
0.000000 0.000000 0.000000 
0.000000 0.102655 0.805442 
0.000000 0.000000 0.000000 0.000000 0.000000 
0.000000 0.000000 0.000000 0.000000 0.000000 
0.000000 0.000000 0.000000 0.000000 0.000000 
0.000000 0.000000 0.000000 0.000000 0.000000 
0.087135 0.033412 0.046877 0.049460 0.039687 
0.088502 0.033556 0.036842 0.080764 0.085459 
0.014906 0.040443 0.050641 0.038240 0.040935 
0.069509 0.058601 0.064641 0.010468 0.029922 
1
0.000000 0.014473 0.062158 
0.000000 0.882872 0.132400 
0.042026 0.016442 0.491768 
0.068202 0.008493 0.036281 0.043935 0.031171 
0.043431 0.017726 0.051918 0.074739 0.080710 
0.237049 0.030472 0.022928 0.032394 0.040842 
0.039428 0.041400 0.060194 0.010956 0.027732 
0.087130 0.033470 0.046870 0.049530 0.039770 
0.088610 0.033620 0.036890 0.080480 0.085360 
0.014750 0.040430 0.050680 0.038260 0.040900 
0.069580 0.058540 0.064720 0.010490 0.029920 
2
0.618666 0.015761 0.046210 
0.339307 0.967797 0.462022 
0.042048 0.016440 0.491768 
0.187556 0.009196 0.045952 0.053485 0.029043 
0.056486 0.019003 0.048355 0.069378 0.070954 
0.019532 0.034586 0.041502 0.036265 0.050632 
0.067208 0.044861 0.076522 0.010605 0.028877 
0.087130 0.033470 0.046870 0.049530 0.039770 
0.088610 0.033620 0.036890 0.080480 0.085360 
0.014750 0.040430 0.050680 0.038260 0.040900 
0.069580 0.058540 0.064720 0.010490 0.029920 
3
0.617844 0.015758 0.046210 
0.340108 0.967802 0.462022 
0.042095 0.016433 0.491768 
0.074082 0.011863 0.020395 0.023134 0.044459 
0.030505 0.014495 0.083985 0.032086 0.292455 
0.079313 0.018203 0.015685 0.020036 0.027073 
0.024946 0.032229 0.112025 0.012328 0.030703 
0.087130 0.033470 0.046870 0.049530 0.039770 
0.088610 0.033620 0.036890 0.080480 0.085360 
0.014750 0.040430 0.050680 0.038260 0.040900 
0.069580 0.058540 0.064720 0.010490 0.029920 
4
0.618547 0.015752 0.046210 
0.339357 0.967814 0.462022 
0.042095 0.016433 0.491768 
0.081999 0.010732 0.036400 0.039500 0.038719 
0.054884 0.039466 0.059384 0.041123 0.241640 
0.024233 0.041443 0.024448 0.030600 0.039115 
0.040300 0.040282 0.067337 0.013459 0.034934 
0.087130 0.033470 0.046870 0.049530 0.039770 
0.088610 0.033620 0.036890 0.080480 0.085360 
0.014750 0.040430 0.050680 0.038260 0.040900 
0.069580 0.058540 0.064720 0.010490 0.029920 
5
0.618547 0.015752 0.046210 
0.339357 0.967814 0.462022 
0.042095 0.016433 0.491768 
0.092555 0.006436 0.072161 0.107342 0.027247 
0.061133 0.022278 0.035571 0.078115 0.070547 
0.016418 0.084818 0.052878 0.044952 0.049751 
0.057393 0.040052 0.040703 0.011572 0.028079 
0.087130 0.033470 0.046870 0.049530 0.039770 
0.088610 0.033620 0.036890 0.080480 0.085360 
0.014750 0.040430 0.050680 0.038260 0.040900 
0.069580 0.058540 0.064720 0.010490 0.029920 
6
0.460775 0.015752 0.046210 
0.497129 0.967814 0.462022 
0.049981 0.015617 0.491768 
0.064811 0.004357 0.044588 0.058787 0.016202 
0.037328 0.017661 0.026410 0.142903 0.045348 
0.013318 0.034742 0.024957 0.040988 0.257153 
0.068632 0.039165 0.033897 0.007865 0.020888 
0.087130 0.033470 0.046870 0.049530 0.039770 
0.088610 0.033620 0.036890 0.080480 0.085360 
0.014750 0.040430 0.050680 0.038260 0.040900 
0.069580 0.058540 0.064720 0.010490 0.029920 
7
0.547091 0.014970 0.046210 
0.402928 0.969413 0.462022 
0.049981 0.015617 0.491768 
0.122710 0.005712 0.090215 0.122162 0.025086 
0.047064 0.019118 0.038627 0.081133 0.063685 
0.017321 0.038527 0.030274 0.045311 0.056117 
0.054044 0.051202 0.055354 0.010247 0.026091 
0.087130 0.033470 0.046870 0.049530 0.039770 
0.088610 0.033620 0.036890 0.080480 0.085360 
0.014750 0.040430 0.050680 0.038260 0.040900 
0.069580 0.058540 0.064720 0.010490 0.029920 
8
0.547091 0.014970 0.046210 
0.402928 0.969413 0.462022 
0.049981 0.015617 0.491768 
0.124458 0.004576 0.197898 0.078297 0.017157 
0.049903 0.017729 0.024792 0.101609 0.042528 
0.011911 0.057676 0.027803 0.043033 0.052469 
0.052619 0.038282 0.031102 0.007047 0.019110 
0.087130 0.033470 0.046870 0.049530 0.039770 
0.088610 0.033620 0.036890 0.080480 0.085360 
0.014750 0.040430 0.050680 0.038260 0.040900 
0.069580 0.058540 0.064720 0.010490 0.029920 
9
0.547091 0.014970 0.046210 
0.402928 0.969413 0.462022 
0.049981 0.015617 0.491768 
0.030227 0.006370 0.012830 0.017233 0.060710 
0.022402 0.011039 0.028803 0.014746 0.061777 
0.015236 0.012681 0.010575 0.011082 0.019257 
0.019244 0.017561 0.036066 0.491972 0.100190 
0.087130 0.033470 0.046870 0.049530 0.039770 
0.088610 0.033620 0.036890 0.080480 0.085360 
0.014750 0.040430 0.050680 0.038260 0.040900 
0.069580 0.058540 0.064720 0.010490 0.029920 
10
0.545869 0.014970 0.046210 
0.404150 0.969413 0.462022 
0.050042 0.015612 0.491768 
0.078356 0.007886 0.026092 0.031426 0.066808 
0.036370 0.022149 0.035657 0.031562 0.056941 
0.015740 0.025222 0.018532 0.025446 0.039682 
0.037100 0.039224 0.055360 0.019194 0.331254 
0.087130 0.033470 0.046870 0.049530 0.039770 
0.088610 0.033620 0.036890 0.080480 0.085360 
0.014750 0.040430 0.050680 0.038260 0.040900 
0.069580 0.058540 0.064720 0.010490 0.029920 
11
0.546537 0.014965 0.046210 
0.403421 0.969423 0.462022 
0.050042 0.015612 0.491768 
0.059280 0.004543 0.286343 0.098910 0.017123 
0.047534 0.019490 0.021917 0.059458 0.053030 
0.011315 0.066047 0.025532 0.038034 0.040932 
0.055485 0.039525 0.028726 0.006776 0.019998 
0.087130 0.033470 0.046870 0.049530 0.039770 
0.088610 0.033620 0.036890 0.080480 0.085360 
0.014750 0.040430 0.050680 0.038260 0.040900 
0.069580 0.058540 0.064720 0.010490 0.029920 
12
0.419517 0.014965 0.046210 
0.530441 0.969423 0.462022 
0.057323 0.015104 0.491768 
0.060635 0.011186 0.012713 0.013784 0.044213 
0.021488 0.010556 0.162886 0.015684 0.333249 
0.057312 0.012043 0.011421 0.013693 0.017186 
0.017437 0.035249 0.114715 0.009651 0.024898 
0.087130 0.033470 0.046870 0.049530 0.039770 
0.088610 0.033620 0.036890 0.080480 0.085360 
0.014750 0.040430 0.050680 0.038260 0.040900 
0.069580 0.058540 0.064720 0.010490 0.029920 
13
0.480557 0.014478 0.046210 
0.462119 0.970418 0.462022 
0.057323 0.015104 0.491768 
0.231702 0.010691 0.032232 0.036286 0.025503 
0.049015 0.014480 0.039131 0.034819 0.057574 
0.019561 0.027880 0.023318 0.026274 0.029394 
0.065986 0.187525 0.057025 0.008151 0.023451 
0.087130 0.033470 0.046870 0.049530 0.039770 
0.088610 0.033620 0.036890 0.080480 0.085360 
0.014750 0.040430 0.050680 0.038260 0.040900 
0.069580 0.058540 0.064720 0.010490 0.029920 
14
0.479840 0.014478 0.046210 
0.462837 0.970418 0.462022 
0.057365 0.015101 0.491768 
0.047810 0.004486 0.035965 0.044060 0.014501 
0.034466 0.015247 0.021080 0.049274 0.036765 
0.010639 0.029298 0.022169 0.031530 0.467445 
0.036325 0.045601 0.029299 0.006580 0.017461 
0.087130 0.033470 0.046870 0.049530 0.039770 
0.088610 0.033620 0.036890 0.080480 0.085360 
0.014750 0.040430 0.050680 0.038260 0.040900 
0.069580 0.058540 0.064720 0.010490 0.029920 
15
0.480184 0.014476 0.046210 
0.462451 0.970423 0.462022 
0.057365 0.015101 0.491768 
0.081045 0.007692 0.102250 0.047569 0.025347 
0.124158 0.019361 0.033269 0.041096 0.045421 
0.014501 0.051033 0.031899 0.031896 0.034570 
0.069292 0.162468 0.041521 0.009925 0.025687 
0.087130 0.033470 0.046870 0.049530 0.039770 
0.088610 0.033620 0.036890 0.080480 0.085360 
0.014750 0.040430 0.050680 0.038260 0.040900 
0.069580 0.058540 0.064720 0.010490 0.029920 
16
0.480184 0.014476 0.046210 
0.462451 0.970423 0.462022 
0.057365 0.015101 0.491768 
0.060555 0.009860 0.020340 0.022864 0.034794 
0.028825 0.012044 0.063044 0.023513 0.254997 
0.025634 0.018940 0.017515 0.018697 0.021395 
0.032270 0.222005 0.079577 0.009239 0.023893 
0.087130 0.033470 0.046870 0.049530 0.039770 
0.088610 0.033620 0.036890 0.080480 0.085360 
0.014750 0.040430 0.050680 0.038260 0.040900 
0.069580 0.058540 0.064720 0.010490 0.029920 
17
0.479479 0.014476 0.046210 
0.463157 0.970423 0.462022 
0.057405 0.015099 0.491768 
0.066972 0.007285 0.137475 0.043468 0.021575 
0.147394 0.023629 0.019036 0.038799 0.033302 
0.010433 0.186284 0.033459 0.026547 0.029693 
0.084205 0.036095 0.023419 0.008946 0.021984 
0.087130 0.033470 0.046870 0.049530 0.039770 
0.088610 0.033620 0.036890 0.080480 0.085360 
0.014750 0.040430 0.050680 0.038260 0.040900 
0.069580 0.058540 0.064720 0.010490 0.029920 
18
0.479817 0.014473 0.046210 
0.462778 0.970428 0.462022 
0.057405 0.015099 0.491768 
0.017579 0.017993 0.005751 0.009599 0.042241 
0.013463 0.005663 0.020100 0.007791 0.051057 
0.012254 0.005588 0.005930 0.005225 0.013589 
0.010150 0.009165 0.025590 0.685678 0.035592 
0.087130 0.033470 0.046870 0.049530 0.039770 
0.088610 0.033620 0.036890 0.080480 0.085360 
0.014750 0.040430 0.050680 0.038260 0.040900 
0.069580 0.058540 0.064720 0.010490 0.029920 
19
0.479817 0.014473 0.046210 
0.462778 0.970428 0.462022 
0.057405 0.015099 0.491768 
0.075237 0.006285 0.083348 0.108096 0.020388 
0.044286 0.016849 0.027175 0.044428 0.038436 
0.011801 0.041323 0.028559 0.035784 0.033707 
0.109493 0.206500 0.038244 0.008077 0.021983 
0.087130 0.033470 0.046870 0.049530 0.039770 
0.088610 0.033620 0.036890 0.080480 0.085360 
0.014750 0.040430 0.050680 0.038260 0.040900 
0.069580 0.058540 0.064720 0.010490 0.029920 
20
0.479817 0.014473 0.046210 
0.462778 0.970428 0.462022 
0.057405 0.015099 0.491768 
0.065862 0.005648 0.036882 0.032810 0.031576 
0.044552 0.011345 0.036506 0.044580 0.064592 
0.009105 0.030367 0.319325 0.023324 0.028742 
0.054614 0.080108 0.051079 0.007624 0.021360 
0.087130 0.033470 0.046870 0.049530 0.039770 
0.088610 0.033620 0.036890 0.080480 0.085360 
0.014750 0.040430 0.050680 0.038260 0.040900 
0.069580 0.058540 0.064720 0.010490 0.029920 
21
0.479817 0.014473 0.046210 
0.462778 0.970428 0.462022 
0.057405 0.015099 0.491768 
0.054260 0.005878 0.048447 0.066902 0.017104 
0.052395 0.015868 0.023190 0.083648 0.031947 
0.009934 0.044504 0.029880 0.032019 0.033488 
0.230794 0.158883 0.034362 0.006890 0.019606 
0.087130 0.033470 0.046870 0.049530 0.039770 
0.088610 0.033620 0.036890 0.080480 0.085360 
0.014750 0.040430 0.050680 0.038260 0.040900 
0.069580 0.058540 0.064720 0.010490 0.029920 
22
0.479817 0.014473 0.046210 
0.462778 0.970428 0.462022 
0.057405 0.015099 0.491768 
0.032490 0.006296 0.012167 0.015411 0.074484 
0.018715 0.016158 0.053307 0.016219 0.057013 
0.013637 0.012846 0.010550 0.013371 0.017403 
0.021430 0.022301 0.043680 0.017514 0.525010 
0.087130 0.033470 0.046870 0.049530 0.039770 
0.088610 0.033620 0.036890 0.080480 0.085360 
0.014750 0.040430 0.050680 0.038260 0.040900 
0.069580 0.058540 0.064720 0.010490 0.029920 
23
0.479817 0.014473 0.046210 
0.462778 0.970428 0.462022 
0.057405 0.015099 0.491768 
0.070765 0.007936 0.037267 0.056331 0.026796 
0.040798 0.018034 0.055707 0.049789 0.065559 
0.018252 0.030114 0.026076 0.070301 0.067482 
0.040119 0.041698 0.239935 0.009894 0.027145 
0.087130 0.033470 0.046870 0.049530 0.039770 
0.088610 0.033620 0.036890 0.080480 0.085360 
0.014750 0.040430 0.050680 0.038260 0.040900 
0.069580 0.058540 0.064720 0.010490 0.029920 
24
0.479817 0.014473 0.046210 
0.462778 0.970428 0.462022 
0.057405 0.015099 0.491768 
0.078955 0.008373 0.064778 0.044636 0.030737 
0.063789 0.034533 0.039686 0.046011 0.054516 
0.015897 0.048440 0.071854 0.030471 0.037520 
0.093858 0.145512 0.048325 0.011965 0.030143 
0.087130 0.033470 0.046870 0.049530 0.039770 
0.088610 0.033620 0.036890 0.080480 0.085360 
0.014750 0.040430 0.050680 0.038260 0.040900 
0.069580 0.058540 0.064720 0.010490 0.029920 
25
0.479817 0.014473 0.046210 
0.462778 0.970428 0.462022 
0.057405 0.015099 0.491768 
0.073194 0.004515 0.064721 0.239925 0.020138 
0.040952 0.018962 0.032577 0.078644 0.051338 
0.028861 0.035069 0.027795 0.045688 0.084004 
0.046365 0.037765 0.036273 0.009264 0.023950 
0.087130 0.033470 0.046870 0.049530 0.039770 
0.088610 0.033620 0.036890 0.080480 0.085360 
0.014750 0.040430 0.050680 0.038260 0.040900 
0.069580 0.058540 0.064720 0.010490 0.029920 
26
0.479817 0.014473 0.046210 
0.462778 0.970428 0.462022 
0.057405 0.015099 0.491768 
0.070324 0.003935 0.214426 0.123223 0.015228 
0.052332 0.016594 0.017748 0.073934 0.031739 
0.008799 0.081243 0.025003 0.047588 0.035907 
0.101205 0.036411 0.022988 0.005718 0.015656 
0.087130 0.033470 0.046870 0.049530 0.039770 
0.088610 0.033620 0.036890 0.080480 0.085360 
0.014750 0.040430 0.050680 0.038260 0.040900 
0.069580 0.058540 0.064720 0.010490 0.029920 
27
0.479817 0.014473 0.046210 
0.462778 0.970428 0.462022 
0.057405 0.015099 0.491768 
0.081081 0.002306 0.132453 0.236188 0.012238 
0.033318 0.013968 0.017033 0.123462 0.034498 
0.008947 0.031878 0.018443 0.070708 0.060821 
0.048040 0.030237 0.025541 0.005030 0.013810 
0.087130 0.033470 0.046870 0.049530 0.039770 
0.088610 0.033620 0.036890 0.080480 0.085360 
0.014750 0.040430 0.050680 0.038260 0.040900 
0.069580 0.058540 0.064720 0.010490 0.029920 
28
0.479817 0.014473 0.046210 
0.462778 0.970428 0.462022 
0.057405 0.015099 0.491768 
0.081920 0.012901 0.013145 0.013199 0.038962 
0.023940 0.010451 0.169167 0.016141 0.191031 
0.023270 0.011856 0.013559 0.012828 0.016646 
0.020392 0.044501 0.253027 0.008454 0.024611 
0.087130 0.033470 0.046870 0.049530 0.039770 
0.088610 0.033620 0.036890 0.080480 0.085360 
0.014750 0.040430 0.050680 0.038260 0.040900 
0.069580 0.058540 0.064720 0.010490 0.029920 
29
0.479817 0.014473 0.046210 
0.462778 0.970428 0.462022 
0.057405 0.015099 0.491768 
0.032563 0.008048 0.007431 0.011843 0.538758 
0.014133 0.007507 0.065513 0.009887 0.078822 
0.016670 0.007654 0.009118 0.009413 0.007559 
0.016167 0.019287 0.049403 0.023252 0.066971 
0.087130 0.033470 0.046870 0.049530 0.039770 
0.088610 0.033620 0.036890 0.080480 0.085360 
0.014750 0.040430 0.050680 0.038260 0.040900 
0.069580 0.058540 0.064720 0.010490 0.029920 
30
0.479817 0.014473 0.046210 
0.462778 0.970428 0.462022 
0.057405 0.015099 0.491768 
0.052978 0.003889 0.033522 0.032795 0.016851 
0.035442 0.010331 0.024443 0.049388 0.040075 
0.006378 0.026387 0.456730 0.023374 0.033176 
0.059477 0.036280 0.036490 0.005714 0.016280 
0.087130 0.033470 0.046870 0.049530 0.039770 
0.088610 0.033620 0.036890 0.080480 0.085360 
0.014750 0.040430 0.050680 0.038260 0.040900 
0.069580 0.058540 0.064720 0.010490 0.029920 
31
0.479817 0.088601 0.046210 
0.462778 0.896300 0.462022 
0.043096 0.016308 0.491768 
0.101660 0.004650 0.113509 0.164379 0.022452 
0.047378 0.027460 0.027735 0.072039 0.050040 
0.013369 0.042319 0.038829 0.071032 0.048176 
0.054481 0.035143 0.032842 0.009444 0.023061 
0.087130 0.033470 0.046870 0.049530 0.039770 
0.088610 0.033620 0.036890 0.080480 0.085360 
0.014750 0.040430 0.050680 0.038260 0.040900 
0.069580 0.058540 0.064720 0.010490 0.029920 
32
0.609479 0.029218 0.046210 
0.347425 0.954474 0.462022 
0.041347 0.016532 0.491768 
0.088231 0.010151 0.047940 0.080716 0.038293 
0.056434 0.023407 0.082619 0.052866 0.085603 
0.024154 0.037583 0.034541 0.033600 0.062450 
0.062636 0.045826 0.078860 0.015665 0.038424 
0.087130 0.033470 0.046870 0.049530 0.039770 
0.088610 0.033620 0.036890 0.080480 0.085360 
0.014750 0.040430 0.050680 0.038260 0.040900 
0.069580 0.058540 0.064720 0.010490 0.029920 
33
0.386180 0.016358 0.046210 
0.572472 0.967110 0.462022 
0.054236 0.015299 0.491768 
0.085364 0.012993 0.025599 0.027173 0.055241 
0.047925 0.019992 0.083208 0.028615 0.156153 
0.102326 0.023617 0.017797 0.023013 0.032495 
0.030612 0.039360 0.102792 0.018922 0.066802 
0.087130 0.033470 0.046870 0.049530 0.039770 
0.088610 0.033620 0.036890 0.080480 0.085360 
0.014750 0.040430 0.050680 0.038260 0.040900 
0.069580 0.058540 0.064720 0.010490 0.029920 
34
0.455302 0.014665 0.046210 
0.490462 0.970037 0.462022 
0.057286 0.015106 0.491768 
0.084488 0.006602 0.115222 0.086605 0.023568 
0.053996 0.018870 0.030030 0.050470 0.042968 
0.012392 0.052900 0.032982 0.035201 0.033898 
0.135799 0.109344 0.041617 0.009285 0.023763 
0.087130 0.033470 0.046870 0.049530 0.039770 
0.088610 0.033620 0.036890 0.080480 0.085360 
0.014750 0.040430 0.050680 0.038260 0.040900 
0.069580 0.058540 0.064720 0.010490 0.029920 
35
0.478817 0.014480 0.046210 
0.463897 0.970414 0.462022 
0.057405 0.015099 0.491768 
0.080767 0.006027 0.045608 0.035463 0.019770 
0.364309 0.016969 0.028957 0.051780 0.034940 
0.013833 0.049584 0.027294 0.025403 0.044702 
0.055649 0.041070 0.027693 0.008430 0.021754 
0.087130 0.033470 0.046870 0.049530 0.039770 
0.088610 0.033620 0.036890 0.080480 0.085360 
0.014750 0.040430 0.050680 0.038260 0.040900 
0.069580 0.058540 0.064720 0.010490 0.029920 
36
0.479817 0.014473 0.046210 
0.462778 0.970428 0.462022 
0.057405 0.015099 0.491768 
0.125763 0.011630 0.044279 0.047545 0.056678 
0.061968 0.034276 0.060521 0.043851 0.093400 
0.026289 0.040412 0.030018 0.032112 0.051846 
0.057959 0.043158 0.066456 0.017975 0.053864 
0.087130 0.033470 0.046870 0.049530 0.039770 
0.088610 0.033620 0.036890 0.080480 0.085360 
0.014750 0.040430 0.050680 0.038260 0.040900 
0.069580 0.058540 0.064720 0.010490 0.029920 
37
0.479817 0.014473 0.046210 
0.462778 0.970428 0.462022 
0.057405 0.015099 0.491768 
0.089409 0.007687 0.054638 0.098500 0.046497 
0.054704 0.023670 0.056198 0.061079 0.089450 
0.032517 0.035199 0.024756 0.060278 0.065615 
0.043035 0.036524 0.065330 0.016252 0.038661 
0.087130 0.033470 0.046870 0.049530 0.039770 
0.088610 0.033620 0.036890 0.080480 0.085360 
0.014750 0.040430 0.050680 0.038260 0.040900 
0.069580 0.058540 0.064720 0.010490 0.029920 
38
0.479817 0.014473 0.046210 
0.462778 0.970428 0.462022 
0.057405 0.015099 0.491768 
0.053315 0.003280 0.077228 0.020827 0.007861 
0.610274 0.007862 0.010944 0.023697 0.017298 
0.006599 0.027528 0.016392 0.014028 0.020708 
0.034971 0.021108 0.011483 0.003887 0.010710 
0.087130 0.033470 0.046870 0.049530 0.039770 
0.088610 0.033620 0.036890 0.080480 0.085360 
0.014750 0.040430 0.050680 0.038260 0.040900 
0.069580 0.058540 0.064720 0.010490 0.029920 
39
0.479817 0.014473 0.046210 
0.462778 0.970428 0.462022 
0.057405 0.015099 0.491768 
0.039642 0.010332 0.006297 0.006411 0.032722 
0.012286 0.005602 0.426909 0.008459 0.100615 
0.018479 0.006297 0.009587 0.006455 0.008139 
0.012580 0.022599 0.242920 0.006216 0.017453 
0.087130 0.033470 0.046870 0.049530 0.039770 
0.088610 0.033620 0.036890 0.080480 0.085360 
0.014750 0.040430 0.050680 0.038260 0.040900 
0.069580 0.058540 0.064720 0.010490 0.029920 
40
0.479817 0.014473 0.046210 
0.462778 0.970428 0.462022 
0.057405 0.015099 0.491768 
0.063511 0.005515 0.042584 0.040794 0.020661 
0.046688 0.015199 0.033041 0.114600 0.047974 
0.008824 0.035685 0.273430 0.029227 0.039498 
0.068514 0.043612 0.042875 0.007342 0.020426 
0.087130 0.033470 0.046870 0.049530 0.039770 
0.088610 0.033620 0.036890 0.080480 0.085360 
0.014750 0.040430 0.050680 0.038260 0.040900 
0.069580 0.058540 0.064720 0.010490 0.029920 
41
0.479817 0.014473 0.046210 
0.462778 0.970428 0.462022 
0.057405 0.015099 0.491768 
0.073316 0.011622 0.014793 0.015753 0.039993 
0.043138 0.011612 0.246377 0.017982 0.128815 
0.138610 0.013789 0.013323 0.014808 0.019227 
0.020851 0.034014 0.105932 0.009854 0.026191 
0.087130 0.033470 0.046870 0.049530 0.039770 
0.088610 0.033620 0.036890 0.080480 0.085360 
0.014750 0.040430 0.050680 0.038260 0.040900 
0.069580 0.058540 0.064720 0.010490 0.029920 
42
0.479817 0.014473 0.046210 
0.462778 0.970428 0.462022 
0.057405 0.015099 0.491768 
0.064497 0.004241 0.064473 0.298112 0.016822 
0.038658 0.047343 0.021500 0.072341 0.038897 
0.011490 0.035620 0.023618 0.045081 0.045507 
0.047807 0.066763 0.029745 0.007624 0.019860 
0.087130 0.033470 0.046870 0.049530 0.039770 
0.088610 0.033620 0.036890 0.080480 0.085360 
0.014750 0.040430 0.050680 0.038260 0.040900 
0.069580 0.058540 0.064720 0.010490 0.029920 
43
0.479817 0.014473 0.046210 
0.462778 0.970428 0.462022 
0.057405 0.015099 0.491768 
0.102441 0.005664 0.135842 0.072664 0.022924 
0.056478 0.018428 0.047867 0.100016 0.057787 
0.015779 0.051631 0.033302 0.040055 0.048659 
0.052960 0.063860 0.040982 0.008943 0.023717 
0.087130 0.033470 0.046870 0.049530 0.039770 
0.088610 0.033620 0.036890 0.080480 0.085360 
0.014750 0.040430 0.050680 0.038260 0.040900 
0.069580 0.058540 0.064720 0.010490 0.029920 
44
0.479817 0.014473 0.046210 
0.462778 0.970428 0.462022 
0.057405 0.015099 0.491768 
0.020296 0.005023 0.010400 0.013068 0.069556 
0.015413 0.012236 0.022065 0.012728 0.046113 
0.010990 0.010764 0.009483 0.009650 0.016147 
0.016411 0.015493 0.023208 0.598913 0.062043 
0.087130 0.033470 0.046870 0.049530 0.039770 
0.088610 0.033620 0.036890 0.080480 0.085360 
0.014750 0.040430 0.050680 0.038260 0.040900 
0.069580 0.058540 0.064720 0.010490 0.029920 
45
0.479817 0.014473 0.046210 
0.462778 0.970428 0.462022 
0.057405 0.015099 0.491768 
0.064327 0.002609 0.198591 0.284745 0.014092 
0.035981 0.012818 0.014941 0.051706 0.035693 
0.009241 0.034104 0.019214 0.053344 0.032730 
0.058371 0.033212 0.022890 0.006546 0.014845 
0.087130 0.033470 0.046870 0.049530 0.039770 
0.088610 0.033620 0.036890 0.080480 0.085360 
0.014750 0.040430 0.050680 0.038260 0.040900 
0.069580 0.058540 0.064720 0.010490 0.029920 
46
0.479817 0.014473 0.046210 
0.462778 0.970428 0.462022 
0.057405 0.015099 0.491768 
0.123970 0.006128 0.058232 0.059063 0.022205 
0.100929 0.017784 0.035112 0.112536 0.054337 
0.015221 0.044427 0.035525 0.041284 0.047021 
0.069324 0.084529 0.040270 0.008732 0.023371 
0.087130 0.033470 0.046870 0.049530 0.039770 
0.088610 0.033620 0.036890 0.080480 0.085360 
0.014750 0.040430 0.050680 0.038260 0.040900 
0.069580 0.058540 0.064720 0.010490 0.029920 
47
0.479817 0.014473 0.046210 
0.462778 0.970428 0.462022 
0.057405 0.015099 0.491768 
0.046655 0.008914 0.020249 0.023135 0.124846 
0.036516 0.025312 0.041604 0.019569 0.067416 
0.017826 0.022513 0.016070 0.017979 0.024173 
0.032783 0.030034 0.053181 0.072404 0.298820 
0.087130 0.033470 0.046870 0.049530 0.039770 
0.088610 0.033620 0.036890 0.080480 0.085360 
0.014750 0.040430 0.050680 0.038260 0.040900 
0.069580 0.058540 0.064720 0.010490 0.029920 
48
0.479817 0.014473 0.046210 
0.462778 0.970428 0.462022 
0.057405 0.015099 0.491768 
0.054892 0.002607 0.295116 0.238229 0.012168 
0.034658 0.012199 0.013973 0.046128 0.027108 
0.008299 0.040655 0.018597 0.045220 0.029510 
0.044934 0.032329 0.025596 0.004647 0.013135 
0.087130 0.033470 0.046870 0.049530 0.039770 
0.088610 0.033620 0.036890 0.080480 0.085360 
0.014750 0.040430 0.050680 0.038260 0.040900 
0.069580 0.058540 0.064720 0.010490 0.029920 
49
0.479817 0.014473 0.046210 
0.462778 0.970428 0.462022 
0.057405 0.015099 0.491768 
0.055503 0.002351 0.243048 0.317107 0.011856 
0.032961 0.011298 0.012523 0.045100 0.026250 
0.007983 0.029075 0.017748 0.047534 0.028819 
0.042669 0.030338 0.020334 0.004669 0.012832 
0.087130 0.033470 0.046870 0.049530 0.039770 
0.088610 0.033620 0.036890 0.080480 0.085360 
0.014750 0.040430 0.050680 0.038260 0.040900 
0.069580 0.058540 0.064720 0.010490 0.029920 
50
0.479817 0.014473 0.046210 
0.462778 0.970428 0.462022 
0.057405 0.015099 0.491768 
0.048959 0.004972 0.030176 0.035279 0.010477 
0.032138 0.010850 0.016957 0.032009 0.029097 
0.006296 0.019994 0.571404 0.018760 0.023530 
0.041662 0.028172 0.025898 0.003392 0.009976 
0.087130 0.033470 0.046870 0.049530 0.039770 
0.088610 0.033620 0.036890 0.080480 0.085360 
0.014750 0.040430 0.050680 0.038260 0.040900 
0.069580 0.058540 0.064720 0.010490 0.029920 
51
0.479817 0.014473 0.046210 
0.462778 0.970428 0.462022 
0.057405 0.015099 0.491768 
0.031687 0.007441 0.010269 0.014383 0.281322 
0.019797 0.018343 0.033220 0.012528 0.057448 
0.013598 0.012237 0.010037 0.012319 0.014347 
0.022987 0.022516 0.043659 0.029583 0.332280 
0.087130 0.033470 0.046870 0.049530 0.039770 
0.088610 0.033620 0.036890 0.080480 0.085360 
0.014750 0.040430 0.050680 0.038260 0.040900 
0.069580 0.058540 0.064720 0.010490 0.029920 
52
0.479817 0.014473 0.046210 
0.462778 0.970428 0.462022 
0.057405 0.015099 0.491768 
0.059356 0.003943 0.041800 0.055732 0.014016 
0.033621 0.016507 0.022359 0.266580 0.039290 
0.011538 0.032492 0.022798 0.039135 0.209042 
0.040414 0.036521 0.029737 0.006844 0.018275 
0.087130 0.033470 0.046870 0.049530 0.039770 
0.088610 0.033620 0.036890 0.080480 0.085360 
0.014750 0.040430 0.050680 0.038260 0.040900 
0.069580 0.058540 0.064720 0.010490 0.029920 
53
0.479817 0.014473 0.046210 
0.462778 0.970428 0.462022 
0.057405 0.015099 0.491768 
0.087539 0.012483 0.029939 0.031013 0.043442 
0.043204 0.020218 0.091765 0.033381 0.179322 
0.030560 0.026131 0.022613 0.050261 0.034208 
0.035196 0.089319 0.091524 0.012884 0.034996 
0.087130 0.033470 0.046870 0.049530 0.039770 
0.088610 0.033620 0.036890 0.080480 0.085360 
0.014750 0.040430 0.050680 0.038260 0.040900 
0.069580 0.058540 0.064720 0.010490 0.029920 
54
0.479817 0.014473 0.046210 
0.462778 0.970428 0.462022 
0.057405 0.015099 0.491768 
0.042176 0.006020 0.031306 0.029575 0.014374 
0.029345 0.010684 0.022373 0.026685 0.022991 
0.007570 0.032975 0.020960 0.021825 0.019601 
0.207698 0.396480 0.036316 0.004871 0.016173 
0.087130 0.033470 0.046870 0.049530 0.039770 
0.088610 0.033620 0.036890 0.080480 0.085360 
0.014750 0.040430 0.050680 0.038260 0.040900 
0.069580 0.058540 0.064720 0.010490 0.029920 
55
0.479817 0.014473 0.046210 
0.462778 0.970428 0.462022 
0.057405 0.015099 0.491768 
0.053941 0.009604 0.019288 0.022325 0.093719 
0.034416 0.020725 0.052310 0.020737 0.082730 
0.052617 0.020270 0.015369 0.018028 0.023361 
0.030597 0.030945 0.062990 0.022865 0.313164 
0.087130 0.033470 0.046870 0.049530 0.039770 
0.088610 0.033620 0.036890 0.080480 0.085360 
0.014750 0.040430 0.050680 0.038260 0.040900 
0.069580 0.058540 0.064720 0.010490 0.029920 
56
0.479817 0.014473 0.046210 
0.462778 0.970428 0.462022 
0.057405 0.015099 0.491768 
0.054313 0.004789 0.177378 0.046864 0.017946 
0.046444 0.015472 0.023071 0.048726 0.038493 
0.009056 0.041595 0.241589 0.030156 0.055604 
0.049778 0.039272 0.033112 0.007211 0.019131 
0.087130 0.033470 0.046870 0.049530 0.039770 
0.088610 0.033620 0.036890 0.080480 0.085360 
0.014750 0.040430 0.050680 0.038260 0.040900 
0.069580 0.058540 0.064720 0.010490 0.029920 
57
0.479817 0.014473 0.046210 
0.462778 0.970428 0.462022 
0.057405 0.015099 0.491768 
0.176096 0.003732 0.079441 0.269310 0.014494 
0.036962 0.014534 0.018998 0.061525 0.035843 
0.010233 0.034216 0.020392 0.047233 0.041215 
0.051542 0.034628 0.027167 0.006105 0.016333 
0.087130 0.033470 0.046870 0.049530 0.039770 
0.088610 0.033620 0.036890 0.080480 0.085360 
0.014750 0.040430 0.050680 0.038260 0.040900 
0.069580 0.058540 0.064720 0.010490 0.029920 
58
0.479817 0.014473 0.046210 
0.462778 0.970428 0.462022 
0.057405 0.015099 0.491768 
0.028827 0.008871 0.015986 0.018441 0.101567 
0.018849 0.028143 0.030091 0.019221 0.056298 
0.014314 0.017937 0.013214 0.013857 0.019698 
0.023294 0.021437 0.033011 0.030404 0.486539 
0.087130 0.033470 0.046870 0.049530 0.039770 
0.088610 0.033620 0.036890 0.080480 0.085360 
0.014750 0.040430 0.050680 0.038260 0.040900 
0.069580 0.058540 0.064720 0.010490 0.029920 
59
0.479817 0.014473 0.046210 
0.462778 0.970428 0.462022 
0.057405 0.015099 0.491768 
0.064082 0.012334 0.016310 0.017749 0.039780 
0.029380 0.010923 0.114911 0.019603 0.100144 
0.022191 0.014778 0.017055 0.014630 0.018686 
0.026034 0.033183 0.367704 0.033538 0.026987 
0.087130 0.033470 0.046870 0.049530 0.039770 
0.088610 0.033620 0.036890 0.080480 0.085360 
0.014750 0.040430 0.050680 0.038260 0.040900 
0.069580 0.058540 0.064720 0.010490 0.029920 
60
0.479817 0.014473 0.046210 
0.462778 0.970428 0.462022 
0.057405 0.015099 0.491768 
0.070257 0.003897 0.048919 0.064140 0.014381 
0.038387 0.022347 0.022948 0.232936 0.040540 
0.013085 0.036412 0.025335 0.043325 0.101076 
0.130692 0.037064 0.029378 0.006706 0.018175 
0.087130 0.033470 0.046870 0.049530 0.039770 
0.088610 0.033620 0.036890 0.080480 0.085360 
0.014750 0.040430 0.050680 0.038260 0.040900 
0.069580 0.058540 0.064720 0.010490 0.029920 
61
0.479817 0.014473 0.046210 
0.462778 0.970428 0.462022 
0.057405 0.015099 0.491768 
0.069466 0.013695 0.018078 0.017740 0.057177 
0.041819 0.014454 0.203846 0.020681 0.102279 
0.024437 0.018839 0.018491 0.015617 0.022026 
0.025714 0.036256 0.207866 0.011718 0.059804 
0.087130 0.033470 0.046870 0.049530 0.039770 
0.088610 0.033620 0.036890 0.080480 0.085360 
0.014750 0.040430 0.050680 0.038260 0.040900 
0.069580 0.058540 0.064720 0.010490 0.029920 
62
0.479817 0.014473 0.046210 
0.462778 0.970428 0.462022 
0.057405 0.015099 0.491768 
0.048975 0.004764 0.038875 0.048178 0.015362 
0.035748 0.015418 0.021708 0.048942 0.038118 
0.010809 0.029765 0.022648 0.454210 0.038202 
0.037876 0.035936 0.030351 0.006566 0.017548 
0.087130 0.033470 0.046870 0.049530 0.039770 
0.088610 0.033620 0.036890 0.080480 0.085360 
0.014750 0.040430 0.050680 0.038260 0.040900 
0.069580 0.058540 0.064720 0.010490 0.029920 
63
0.479817 0.014473 0.046210 
0.462778 0.970428 0.462022 
0.057405 0.015099 0.491768 
0.160185 0.006233 0.040819 0.053345 0.021129 
0.074146 0.016715 0.034814 0.061353 0.056663 
0.016192 0.031182 0.023794 0.036203 0.191496 
0.058109 0.036253 0.048287 0.009147 0.023935 
0.087130 0.033470 0.046870 0.049530 0.039770 
0.088610 0.033620 0.036890 0.080480 0.085360 
0.014750 0.040430 0.050680 0.038260 0.040900 
0.069580 0.058540 0.064720 0.010490 0.029920 
64
0.479817 0.014473 0.046210 
0.462778 0.970428 0.462022 
0.057405 0.015099 0.491768 
0.047909 0.002945 0.072820 0.494188 0.011386 
0.039537 0.012193 0.013320 0.044034 0.026185 
0.008016 0.024487 0.018523 0.038666 0.031441 
0.037106 0.037476 0.021202 0.005024 0.013541 
0.087130 0.033470 0.046870 0.049530 0.039770 
0.088610 0.033620 0.036890 0.080480 0.085360 
0.014750 0.040430 0.050680 0.038260 0.040900 
0.069580 0.058540 0.064720 0.010490 0.029920 
65
0.479817 0.014473 0.046210 
0.462778 0.970428 0.462022 
0.057405 0.015099 0.491768 
0.047178 0.005141 0.044891 0.070743 0.011667 
0.035847 0.019258 0.018732 0.370575 0.033303 
0.010326 0.037008 0.028769 0.046857 0.090542 
0.045002 0.039058 0.026043 0.004705 0.014354 
0.087130 0.033470 0.046870 0.049530 0.039770 
0.088610 0.033620 0.036890 0.080480 0.085360 
0.014750 0.040430 0.050680 0.038260 0.040900 
0.069580 0.058540 0.064720 0.010490 0.029920 
66
0.479817 0.014473 0.046210 
0.462778 0.970428 0.462022 
0.057405 0.015099 0.491768 
0.054664 0.002493 0.274838 0.278682 0.011931 
0.033946 0.011692 0.013013 0.045162 0.026360 
0.008026 0.033626 0.018205 0.045813 0.029002 
0.043243 0.030974 0.020709 0.004662 0.012957 
0.087130 0.033470 0.046870 0.049530 0.039770 
0.088610 0.033620 0.036890 0.080480 0.085360 
0.014750 0.040430 0.050680 0.038260 0.040900 
0.069580 0.058540 0.064720 0.010490 0.029920 
67
0.479817 0.014473 0.046210 
0.462778 0.970428 0.462022 
0.057405 0.015099 0.491768 
0.175779 0.005670 0.055423 0.065493 0.021299 
0.050638 0.018362 0.034572 0.090212 0.057381 
0.015628 0.036885 0.029136 0.042927 0.096656 
0.086979 0.043587 0.040809 0.008941 0.023621 
0.087130 0.033470 0.046870 0.049530 0.039770 
0.088610 0.033620 0.036890 0.080480 0.085360 
0.014750 0.040430 0.050680 0.038260 0.040900 
0.069580 0.058540 0.064720 0.010490 0.029920 
68
0.479817 0.014473 0.046210 
0.462778 0.970428 0.462022 
0.057405 0.015099 0.491768 
0.066083 0.005226 0.041223 0.038718 0.015881 
0.369695 0.014677 0.023763 0.099924 0.032528 
0.012087 0.041916 0.025826 0.027360 0.037052 
0.055715 0.040379 0.025927 0.007082 0.018938 
0.087130 0.033470 0.046870 0.049530 0.039770 
0.088610 0.033620 0.036890 0.080480 0.085360 
0.014750 0.040430 0.050680 0.038260 0.040900 
0.069580 0.058540 0.064720 0.010490 0.029920 
69
0.479817 0.014473 0.046210 
0.462778 0.970428 0.462022 
0.057405 0.015099 0.491768 
0.195513 0.012674 0.016478 0.018207 0.042096 
0.030727 0.011960 0.079431 0.019336 0.263248 
0.026348 0.014712 0.014173 0.016567 0.020935 
0.026931 0.034763 0.120012 0.009648 0.026241 
0.087130 0.033470 0.046870 0.049530 0.039770 
0.088610 0.033620 0.036890 0.080480 0.085360 
0.014750 0.040430 0.050680 0.038260 0.040900 
0.069580 0.058540 0.064720 0.010490 0.029920 
70
0.479817 0.014473 0.046210 
0.462778 0.970428 0.462022 
0.057405 0.015099 0.491768 
0.028462 0.004813 0.016675 0.018730 0.059405 
0.031750 0.015795 0.019419 0.024404 0.034194 
0.008814 0.015057 0.012723 0.014579 0.019256 
0.022961 0.021586 0.029554 0.014774 0.587050 
0.087130 0.033470 0.046870 0.049530 0.039770 
0.088610 0.033620 0.036890 0.080480 0.085360 
0.014750 0.040430 0.050680 0.038260 0.040900 
0.069580 0.058540 0.064720 0.010490 0.029920 
71
0.479817 0.014473 0.046210 
0.462778 0.970428 0.462022 
0.057405 0.020080 0.486528 
0.282025 0.009808 0.029867 0.033789 0.020415 
0.049987 0.012474 0.028062 0.031786 0.043967 
0.012767 0.025112 0.020720 0.023175 0.026158 
0.234636 0.042518 0.046423 0.006823 0.019488 
0.087129 0.033470 0.046870 0.049530 0.039770 
0.088609 0.033620 0.036898 0.080479 0.085359 
0.014750 0.040430 0.050680 0.038260 0.040900 
0.069579 0.058539 0.064719 0.010490 0.029920 
72
0.479817 0.014473 0.045718 
0.462778 0.965447 0.467754 
0.057405 0.015099 0.491768 
0.041327 0.011824 0.006389 0.005679 0.032890 
0.012051 0.005619 0.299347 0.008870 0.085597 
0.015839 0.005933 0.010399 0.005675 0.007892 
0.013503 0.025462 0.382330 0.005581 0.017792 
0.087130 0.033470 0.046870 0.049530 0.039770 
0.088610 0.033620 0.036890 0.080480 0.085360 
0.014750 0.040430 0.050680 0.038260 0.040900 
0.069580 0.058540 0.064720 0.010490 0.029920 
73
0.479817 0.014473 0.046210 
0.462778 0.970428 0.462022 
0.057405 0.015099 0.491768 
0.085491 0.005365 0.046698 0.059608 0.027270 
0.039791 0.017169 0.071240 0.184687 0.088853 
0.020546 0.031081 0.030908 0.040110 0.073527 
0.045717 0.036798 0.056705 0.010559 0.027879 
0.087130 0.033470 0.046870 0.049530 0.039770 
0.088610 0.033620 0.036890 0.080480 0.085360 
0.014750 0.040430 0.050680 0.038260 0.040900 
0.069580 0.058540 0.064720 0.010490 0.029920 
74
0.479817 0.014473 0.046210 
0.462778 0.970428 0.462022 
0.057405 0.015099 0.491768 
0.209493 0.006635 0.137407 0.074894 0.021152 
0.054914 0.017926 0.029473 0.058412 0.049433 
0.013980 0.047495 0.026950 0.039871 0.042520 
0.060047 0.040473 0.038745 0.008217 0.021965 
0.087130 0.033470 0.046870 0.049530 0.039770 
0.088610 0.033620 0.036890 0.080480 0.085360 
0.014750 0.040430 0.050680 0.038260 0.040900 
0.069580 0.058540 0.064720 0.010490 0.029920 
75
0.479817 0.014473 0.046210 
0.462778 0.970428 0.462022 
0.057405 0.015099 0.491768 
0.458783 0.011020 0.024638 0.029641 0.023950 
0.047076 0.011456 0.031899 0.028303 0.050488 
0.014398 0.020236 0.017704 0.021105 0.024531 
0.065910 0.040140 0.052133 0.006844 0.019746 
0.087130 0.033470 0.046870 0.049530 0.039770 
0.088610 0.033620 0.036890 0.080480 0.085360 
0.014750 0.040430 0.050680 0.038260 0.040900 
0.069580 0.058540 0.064720 0.010490 0.029920 
76
0.479817 0.014473 0.046210 
0.462778 0.970428 0.462022 
0.057405 0.015099 0.491768 
0.064542 0.011942 0.015130 0.015814 0.136938 
0.026516 0.014664 0.107191 0.016000 0.291827 
0.032715 0.014876 0.013849 0.014957 0.017893 
0.021102 0.028688 0.110480 0.012605 0.032272 
0.087130 0.033470 0.046870 0.049530 0.039770 
0.088610 0.033620 0.036890 0.080480 0.085360 
0.014750 0.040430 0.050680 0.038260 0.040900 
0.069580 0.058540 0.064720 0.010490 0.029920 
77
0.479817 0.014473 0.046210 
0.462778 0.970428 0.462022 
0.057405 0.015099 0.491768 
0.157786 0.004304 0.073048 0.219583 0.017513 
0.039619 0.015862 0.024006 0.067063 0.043646 
0.012052 0.035696 0.021858 0.061383 0.045367 
0.060060 0.035772 0.039202 0.007227 0.018953 
0.087130 0.033470 0.046870 0.049530 0.039770 
0.088610 0.033620 0.036890 0.080480 0.085360 
0.014750 0.040430 0.050680 0.038260 0.040900 
0.069580 0.058540 0.064720 0.010490 0.029920 
78
0.479817 0.014473 0.046210 
0.462778 0.970428 0.462022 
0.057405 0.015099 0.491768 
0.060381 0.004440 0.043375 0.056970 0.015803 
0.036140 0.017557 0.024291 0.064087 0.042207 
0.012551 0.037247 0.023926 0.145759 0.273747 
0.042360 0.039068 0.032321 0.007593 0.020178 
0.087130 0.033470 0.046870 0.049530 0.039770 
0.088610 0.033620 0.036890 0.080480 0.085360 
0.014750 0.040430 0.050680 0.038260 0.040900 
0.069580 0.058540 0.064720 0.010490 0.029920 
79
0.479817 0.014473 0.046210 
0.462778 0.970428 0.462022 
0.057405 0.015099 0.491768 
0.078827 0.007345 0.088496 0.045161 0.020789 
0.077583 0.020313 0.020724 0.042460 0.034015 
0.010372 0.137071 0.033754 0.029795 0.032273 
0.200942 0.060509 0.029075 0.008556 0.021940 
0.087130 0.033470 0.046870 0.049530 0.039770 
0.088610 0.033620 0.036890 0.080480 0.085360 
0.014750 0.040430 0.050680 0.038260 0.040900 
0.069580 0.058540 0.064720 0.010490 0.029920 
80
0.479817 0.014473 0.046210 
0.462778 0.970428 0.462022 
0.057405 0.079896 0.431339 
0.083992 0.005527 0.063257 0.062591 0.021246 
0.090633 0.020174 0.030055 0.105850 0.050452 
0.014154 0.105159 0.030573 0.055598 0.094800 
0.062950 0.036271 0.033964 0.009276 0.023477 
0.087141 0.033466 0.046865 0.049524 0.039765 
0.088693 0.033616 0.036886 0.080471 0.085350 
0.014748 0.040425 0.050674 0.038256 0.040895 
0.069572 0.058533 0.064713 0.010489 0.029917 
81
0.479817 0.014473 0.040532 
0.462778 0.905630 0.528129 
0.057405 0.015099 0.491768 
0.099427 0.013977 0.034410 0.034272 0.057300 
0.067437 0.029866 0.095174 0.036405 0.123771 
0.053706 0.031050 0.021087 0.032213 0.041293 
0.035390 0.043409 0.087485 0.017174 0.045154 
0.087130 0.033470 0.046870 0.049530 0.039770 
0.088610 0.033620 0.036890 0.080480 0.085360 
0.014750 0.040430 0.050680 0.038260 0.040900 
0.069580 0.058540 0.064720 0.010490 0.029920 
82
0.479817 0.014473 0.046210 
0.462778 0.970428 0.462022 
0.057405 0.015099 0.491768 
0.062958 0.011444 0.020628 0.021322 0.172811 
0.036088 0.020296 0.064947 0.018123 0.171675 
0.028318 0.021114 0.015395 0.020247 0.021367 
0.027915 0.030457 0.084413 0.021962 0.128520 
0.087130 0.033470 0.046870 0.049530 0.039770 
0.088610 0.033620 0.036890 0.080480 0.085360 
0.014750 0.040430 0.050680 0.038260 0.040900 
0.069580 0.058540 0.064720 0.010490 0.029920 
83
0.479817 0.014473 0.046210 
0.462778 0.970428 0.462022 
0.057405 0.015099 0.491768 
0.066560 0.004051 0.119890 0.238154 0.017254 
0.056359 0.017917 0.020137 0.062945 0.036929 
0.010691 0.084108 0.023593 0.046491 0.040987 
0.052565 0.047825 0.027194 0.007463 0.018887 
0.087130 0.033470 0.046870 0.049530 0.039770 
0.088610 0.033620 0.036890 0.080480 0.085360 
0.014750 0.040430 0.050680 0.038260 0.040900 
