%  SAM: modelfromalign v3.5 (July 15, 2005) compiled 12/05/20_11:48:22
%  (c) 1992-2001 Regents of the University of California, Santa Cruz
%
%          Sequence Alignment and Modeling Software System
%         http://www.cse.ucsc.edu/research/compbio/sam.html
%
% ----------------- Citations (SAM, SAM-T2K, HMMs) --------------------
% R. Hughey, A. Krogh, Hidden Markov models for sequence analysis:
%  Extension and analysis of the basic method, CABIOS 12:95-107, 1996.
% K. Karplus, et al., What is the value added by human intervention in protein
%  structure prediction, Proteins: Stucture, Function, Genetics 45(S5):86--91, 2001.
% A. Krogh et al., Hidden Markov models in computational biology:
%  Applications to protein modeling, JMB 235:1501-1531, Feb 1994.
% ---------------------------------------------------------------------
%  last   Host: gauntlet    Thu Feb 11 16:21:37 2021
%  dgpinheiro   Dir:  /data/GitHub/sfFinder/example/output/subfamily/TEST1/flowerpower/fp-workspace/final
% ---------------------------------------------------------------------
% Prior File:  Internal (Name: recode3.20comp) 
%   20 priors on 20 characters.
%  Alignment weights from internal calc.  Total (1.57) Max (0.00) Min (0.00)
%  Weights from alignment method 1 (karplus), b=0.500000, e=0.500000
MODEL --  Model from alignment file last.a2m
alphabet protein
FREQAVE
0.000000 0.000000 0.000000 
0.000000 0.000000 0.000000 
0.000000 0.000000 0.000000 
0.073366 0.015731 0.056938 0.066613 0.049655 
0.061768 0.028683 0.052055 0.058198 0.085039 
0.025996 0.041873 0.045380 0.042494 0.052400 
0.059160 0.053814 0.060939 0.022990 0.046909 
0.073366 0.015731 0.056938 0.066613 0.049655 
0.061768 0.028683 0.052055 0.058198 0.085039 
0.025996 0.041873 0.045380 0.042494 0.052400 
0.059160 0.053814 0.060939 0.022990 0.046909 
Begin
0.000000 0.000000 0.000000 
0.000000 0.000000 0.000000 
0.000000 0.102655 0.805442 
0.000000 0.000000 0.000000 0.000000 0.000000 
0.000000 0.000000 0.000000 0.000000 0.000000 
0.000000 0.000000 0.000000 0.000000 0.000000 
0.000000 0.000000 0.000000 0.000000 0.000000 
0.087135 0.033412 0.046877 0.049460 0.039687 
0.088502 0.033556 0.036842 0.080764 0.085459 
0.014906 0.040443 0.050641 0.038240 0.040935 
0.069509 0.058601 0.064641 0.010468 0.029922 
1
0.000000 0.014473 0.062158 
0.000000 0.882872 0.132400 
0.042026 0.016442 0.491768 
0.075727 0.009263 0.040103 0.047183 0.034755 
0.051308 0.019670 0.057502 0.076631 0.086011 
0.167521 0.033233 0.024915 0.034321 0.044623 
0.042621 0.044236 0.065936 0.012647 0.031796 
0.087130 0.033470 0.046870 0.049530 0.039770 
0.088610 0.033620 0.036890 0.080480 0.085360 
0.014750 0.040430 0.050680 0.038260 0.040900 
0.069580 0.058540 0.064720 0.010490 0.029920 
2
0.618666 0.015761 0.046210 
0.339307 0.967797 0.462022 
0.042048 0.016440 0.491768 
0.201753 0.007929 0.050624 0.060372 0.025920 
0.060775 0.019734 0.042037 0.082251 0.064152 
0.017904 0.038176 0.042707 0.040598 0.055604 
0.052850 0.045386 0.053860 0.010094 0.027274 
0.087130 0.033470 0.046870 0.049530 0.039770 
0.088610 0.033620 0.036890 0.080480 0.085360 
0.014750 0.040430 0.050680 0.038260 0.040900 
0.069580 0.058540 0.064720 0.010490 0.029920 
3
0.617844 0.015758 0.046210 
0.340108 0.967802 0.462022 
0.042095 0.016433 0.491768 
0.072483 0.011015 0.026050 0.030588 0.042318 
0.034011 0.015420 0.076228 0.043192 0.319050 
0.035667 0.022662 0.020634 0.024145 0.031126 
0.030923 0.035966 0.085233 0.012640 0.030650 
0.087130 0.033470 0.046870 0.049530 0.039770 
0.088610 0.033620 0.036890 0.080480 0.085360 
0.014750 0.040430 0.050680 0.038260 0.040900 
0.069580 0.058540 0.064720 0.010490 0.029920 
4
0.618547 0.015752 0.046210 
0.339357 0.967814 0.462022 
0.042095 0.016433 0.491768 
0.078661 0.010632 0.033057 0.037104 0.037725 
0.054704 0.018731 0.062573 0.038785 0.281358 
0.023905 0.038806 0.024953 0.028060 0.035514 
0.039339 0.039546 0.072876 0.012419 0.031251 
0.087130 0.033470 0.046870 0.049530 0.039770 
0.088610 0.033620 0.036890 0.080480 0.085360 
0.014750 0.040430 0.050680 0.038260 0.040900 
0.069580 0.058540 0.064720 0.010490 0.029920 
5
0.618547 0.015752 0.046210 
0.339357 0.967814 0.462022 
0.042095 0.016433 0.491768 
0.089633 0.008185 0.068821 0.053796 0.028520 
0.069831 0.023189 0.034933 0.052061 0.073415 
0.016583 0.168943 0.033813 0.041113 0.042016 
0.063188 0.047522 0.043774 0.011573 0.029089 
0.087130 0.033470 0.046870 0.049530 0.039770 
0.088610 0.033620 0.036890 0.080480 0.085360 
0.014750 0.040430 0.050680 0.038260 0.040900 
0.069580 0.058540 0.064720 0.010490 0.029920 
6
0.460775 0.015752 0.046210 
0.497129 0.967814 0.462022 
0.049981 0.015617 0.491768 
0.067574 0.004754 0.046812 0.061141 0.017613 
0.040137 0.018746 0.028563 0.147634 0.048674 
0.014298 0.036645 0.026742 0.042748 0.242714 
0.046025 0.041563 0.036635 0.008496 0.022484 
0.087130 0.033470 0.046870 0.049530 0.039770 
0.088610 0.033620 0.036890 0.080480 0.085360 
0.014750 0.040430 0.050680 0.038260 0.040900 
0.069580 0.058540 0.064720 0.010490 0.029920 
7
0.547091 0.014970 0.046210 
0.402928 0.969413 0.462022 
0.049981 0.015617 0.491768 
0.063660 0.004112 0.256453 0.152565 0.016432 
0.045967 0.016866 0.020152 0.056241 0.035676 
0.010687 0.054808 0.024901 0.044481 0.043289 
0.060722 0.039982 0.028266 0.006700 0.018040 
0.087130 0.033470 0.046870 0.049530 0.039770 
0.088610 0.033620 0.036890 0.080480 0.085360 
0.014750 0.040430 0.050680 0.038260 0.040900 
0.069580 0.058540 0.064720 0.010490 0.029920 
8
0.547091 0.014970 0.046210 
0.402928 0.969413 0.462022 
0.049981 0.015617 0.491768 
0.064488 0.004623 0.258913 0.074625 0.016340 
0.049626 0.018235 0.022486 0.101000 0.037944 
0.011289 0.068424 0.028229 0.040634 0.050998 
0.054624 0.041755 0.030059 0.006840 0.018868 
0.087130 0.033470 0.046870 0.049530 0.039770 
0.088610 0.033620 0.036890 0.080480 0.085360 
0.014750 0.040430 0.050680 0.038260 0.040900 
0.069580 0.058540 0.064720 0.010490 0.029920 
9
0.547091 0.014970 0.046210 
0.402928 0.969413 0.462022 
0.049981 0.015617 0.491768 
0.042586 0.007995 0.020045 0.023650 0.075289 
0.033605 0.017003 0.037538 0.019816 0.069273 
0.017696 0.020153 0.015441 0.016014 0.023683 
0.028057 0.025295 0.045769 0.334913 0.126180 
0.087130 0.033470 0.046870 0.049530 0.039770 
0.088610 0.033620 0.036890 0.080480 0.085360 
0.014750 0.040430 0.050680 0.038260 0.040900 
0.069580 0.058540 0.064720 0.010490 0.029920 
10
0.545869 0.014970 0.046210 
0.404150 0.969413 0.462022 
0.050042 0.015612 0.491768 
0.091748 0.009204 0.032043 0.036699 0.058713 
0.046766 0.023470 0.044370 0.035967 0.066999 
0.018846 0.030060 0.023026 0.028659 0.044388 
0.042387 0.043905 0.063518 0.018867 0.240365 
0.087130 0.033470 0.046870 0.049530 0.039770 
0.088610 0.033620 0.036890 0.080480 0.085360 
0.014750 0.040430 0.050680 0.038260 0.040900 
0.069580 0.058540 0.064720 0.010490 0.029920 
11
0.546537 0.014965 0.046210 
0.403421 0.969423 0.462022 
0.050042 0.015612 0.491768 
0.065279 0.005792 0.242969 0.074181 0.021369 
0.053852 0.022271 0.027739 0.062165 0.064970 
0.013740 0.062014 0.029713 0.038560 0.045775 
0.058041 0.042965 0.035184 0.008716 0.024706 
0.087130 0.033470 0.046870 0.049530 0.039770 
0.088610 0.033620 0.036890 0.080480 0.085360 
0.014750 0.040430 0.050680 0.038260 0.040900 
0.069580 0.058540 0.064720 0.010490 0.029920 
12
0.419517 0.014965 0.046210 
0.530441 0.969423 0.462022 
0.057323 0.015104 0.491768 
0.066755 0.012122 0.015198 0.016406 0.046595 
0.027263 0.012150 0.204094 0.018811 0.254491 
0.054391 0.014111 0.013560 0.015569 0.020422 
0.020317 0.039651 0.109476 0.010742 0.027876 
0.087130 0.033470 0.046870 0.049530 0.039770 
0.088610 0.033620 0.036890 0.080480 0.085360 
0.014750 0.040430 0.050680 0.038260 0.040900 
0.069580 0.058540 0.064720 0.010490 0.029920 
13
0.480557 0.014478 0.046210 
0.462119 0.970418 0.462022 
0.057323 0.015104 0.491768 
0.230113 0.011661 0.035446 0.039772 0.029011 
0.056011 0.016000 0.044983 0.038043 0.066110 
0.021714 0.029459 0.025651 0.028309 0.032487 
0.063493 0.132716 0.063379 0.009283 0.026361 
0.087130 0.033470 0.046870 0.049530 0.039770 
0.088610 0.033620 0.036890 0.080480 0.085360 
0.014750 0.040430 0.050680 0.038260 0.040900 
0.069580 0.058540 0.064720 0.010490 0.029920 
14
0.479840 0.014478 0.046210 
0.462837 0.970418 0.462022 
0.057365 0.015101 0.491768 
0.053880 0.004922 0.039336 0.048729 0.016322 
0.037342 0.016645 0.024253 0.054672 0.041853 
0.012091 0.031977 0.024035 0.034764 0.410154 
0.039846 0.049122 0.033025 0.007416 0.019617 
0.087130 0.033470 0.046870 0.049530 0.039770 
0.088610 0.033620 0.036890 0.080480 0.085360 
0.014750 0.040430 0.050680 0.038260 0.040900 
0.069580 0.058540 0.064720 0.010490 0.029920 
15
0.480184 0.014476 0.046210 
0.462451 0.970423 0.462022 
0.057365 0.015101 0.491768 
0.051167 0.004553 0.318095 0.062198 0.014749 
0.125110 0.016262 0.018237 0.044099 0.029384 
0.009178 0.078050 0.024472 0.032193 0.032388 
0.054562 0.038920 0.024612 0.005714 0.016058 
0.087130 0.033470 0.046870 0.049530 0.039770 
0.088610 0.033620 0.036890 0.080480 0.085360 
0.014750 0.040430 0.050680 0.038260 0.040900 
0.069580 0.058540 0.064720 0.010490 0.029920 
16
0.480184 0.014476 0.046210 
0.462451 0.970423 0.462022 
0.057365 0.015101 0.491768 
0.052450 0.010199 0.010245 0.011735 0.037541 
0.018016 0.008243 0.078596 0.012684 0.394843 
0.029886 0.010166 0.011115 0.011251 0.013310 
0.016527 0.034463 0.208585 0.008609 0.021538 
0.087130 0.033470 0.046870 0.049530 0.039770 
0.088610 0.033620 0.036890 0.080480 0.085360 
0.014750 0.040430 0.050680 0.038260 0.040900 
0.069580 0.058540 0.064720 0.010490 0.029920 
17
0.479479 0.014476 0.046210 
0.463157 0.970423 0.462022 
0.057405 0.015099 0.491768 
0.075654 0.005661 0.247580 0.061669 0.019021 
0.122365 0.020492 0.021829 0.044623 0.035034 
0.010710 0.090699 0.027923 0.030815 0.031317 
0.062301 0.037807 0.027558 0.007432 0.019510 
0.087130 0.033470 0.046870 0.049530 0.039770 
0.088610 0.033620 0.036890 0.080480 0.085360 
0.014750 0.040430 0.050680 0.038260 0.040900 
0.069580 0.058540 0.064720 0.010490 0.029920 
18
0.479817 0.014473 0.046210 
0.462778 0.970428 0.462022 
0.057405 0.015099 0.491768 
0.019677 0.005060 0.009777 0.011820 0.035874 
0.018679 0.006571 0.019241 0.010185 0.045956 
0.010976 0.008008 0.008748 0.006801 0.014218 
0.012708 0.011447 0.024828 0.688837 0.030588 
0.087130 0.033470 0.046870 0.049530 0.039770 
0.088610 0.033620 0.036890 0.080480 0.085360 
0.014750 0.040430 0.050680 0.038260 0.040900 
0.069580 0.058540 0.064720 0.010490 0.029920 
19
0.479817 0.014473 0.046210 
0.462778 0.970428 0.462022 
0.057405 0.015099 0.491768 
0.082792 0.006375 0.090925 0.118836 0.022218 
0.048750 0.018585 0.029577 0.050867 0.044832 
0.013462 0.042275 0.030168 0.039586 0.039113 
0.078220 0.171058 0.039572 0.009007 0.023783 
0.087130 0.033470 0.046870 0.049530 0.039770 
0.088610 0.033620 0.036890 0.080480 0.085360 
0.014750 0.040430 0.050680 0.038260 0.040900 
0.069580 0.058540 0.064720 0.010490 0.029920 
20
0.479817 0.014473 0.046210 
0.462778 0.970428 0.462022 
0.057405 0.015099 0.491768 
0.083682 0.012172 0.031330 0.032239 0.060779 
0.048158 0.019851 0.075350 0.032527 0.196710 
0.026487 0.028081 0.043564 0.025187 0.032476 
0.039924 0.073967 0.086267 0.014226 0.037022 
0.087130 0.033470 0.046870 0.049530 0.039770 
0.088610 0.033620 0.036890 0.080480 0.085360 
0.014750 0.040430 0.050680 0.038260 0.040900 
0.069580 0.058540 0.064720 0.010490 0.029920 
21
0.479817 0.014473 0.046210 
0.462778 0.970428 0.462022 
0.057405 0.015099 0.491768 
0.058512 0.007368 0.042048 0.039665 0.018750 
0.055786 0.014869 0.025500 0.037150 0.032635 
0.010265 0.042245 0.027233 0.027692 0.028022 
0.299467 0.165129 0.040169 0.006943 0.020553 
0.087130 0.033470 0.046870 0.049530 0.039770 
0.088610 0.033620 0.036890 0.080480 0.085360 
0.014750 0.040430 0.050680 0.038260 0.040900 
0.069580 0.058540 0.064720 0.010490 0.029920 
22
0.479817 0.014473 0.046210 
0.462778 0.970428 0.462022 
0.057405 0.015099 0.491768 
0.033133 0.005849 0.017827 0.019065 0.059971 
0.026968 0.015612 0.027732 0.019278 0.045912 
0.011218 0.015718 0.014240 0.014652 0.019202 
0.024108 0.023296 0.036701 0.014880 0.554639 
0.087130 0.033470 0.046870 0.049530 0.039770 
0.088610 0.033620 0.036890 0.080480 0.085360 
0.014750 0.040430 0.050680 0.038260 0.040900 
0.069580 0.058540 0.064720 0.010490 0.029920 
23
0.479817 0.014473 0.046210 
0.462778 0.970428 0.462022 
0.057405 0.015099 0.491768 
0.075534 0.009450 0.037241 0.052758 0.030531 
0.043551 0.018210 0.066190 0.046190 0.072227 
0.019459 0.030244 0.027414 0.063453 0.044178 
0.042895 0.045080 0.235955 0.010415 0.029026 
0.087130 0.033470 0.046870 0.049530 0.039770 
0.088610 0.033620 0.036890 0.080480 0.085360 
0.014750 0.040430 0.050680 0.038260 0.040900 
0.069580 0.058540 0.064720 0.010490 0.029920 
24
0.479817 0.014473 0.046210 
0.462778 0.970428 0.462022 
0.057405 0.015099 0.491768 
0.061246 0.005635 0.216183 0.067045 0.020479 
0.060695 0.019547 0.024668 0.057804 0.040068 
0.011416 0.068569 0.075750 0.035590 0.041273 
0.082219 0.049926 0.032173 0.008252 0.021460 
0.087130 0.033470 0.046870 0.049530 0.039770 
0.088610 0.033620 0.036890 0.080480 0.085360 
0.014750 0.040430 0.050680 0.038260 0.040900 
0.069580 0.058540 0.064720 0.010490 0.029920 
25
0.479817 0.014473 0.046210 
0.462778 0.970428 0.462022 
0.057405 0.015099 0.491768 
0.084141 0.005909 0.048189 0.084765 0.027561 
0.047523 0.020975 0.051226 0.080617 0.076107 
0.035428 0.035645 0.030141 0.040747 0.150738 
0.043762 0.039158 0.052082 0.012807 0.032478 
0.087130 0.033470 0.046870 0.049530 0.039770 
0.088610 0.033620 0.036890 0.080480 0.085360 
0.014750 0.040430 0.050680 0.038260 0.040900 
0.069580 0.058540 0.064720 0.010490 0.029920 
26
0.479817 0.014473 0.046210 
0.462778 0.970428 0.462022 
0.057405 0.015099 0.491768 
0.165960 0.005998 0.120268 0.100775 0.022440 
0.055221 0.019073 0.031657 0.069082 0.053693 
0.014948 0.042053 0.028880 0.051577 0.047384 
0.058943 0.040799 0.038894 0.008941 0.023413 
0.087130 0.033470 0.046870 0.049530 0.039770 
0.088610 0.033620 0.036890 0.080480 0.085360 
0.014750 0.040430 0.050680 0.038260 0.040900 
0.069580 0.058540 0.064720 0.010490 0.029920 
27
0.479817 0.014473 0.046210 
0.462778 0.970428 0.462022 
0.057405 0.015099 0.491768 
0.076045 0.007834 0.062866 0.076242 0.028906 
0.047894 0.020068 0.054468 0.082112 0.068997 
0.019510 0.035747 0.034327 0.037151 0.049444 
0.046727 0.047022 0.163608 0.011195 0.029838 
0.087130 0.033470 0.046870 0.049530 0.039770 
0.088610 0.033620 0.036890 0.080480 0.085360 
0.014750 0.040430 0.050680 0.038260 0.040900 
0.069580 0.058540 0.064720 0.010490 0.029920 
28
0.479817 0.014473 0.046210 
0.462778 0.970428 0.462022 
0.057405 0.015099 0.491768 
0.203122 0.014494 0.018193 0.019831 0.039134 
0.039102 0.012107 0.123366 0.020512 0.105506 
0.024788 0.015966 0.018148 0.016703 0.021608 
0.034336 0.035900 0.199723 0.009791 0.027669 
0.087130 0.033470 0.046870 0.049530 0.039770 
0.088610 0.033620 0.036890 0.080480 0.085360 
0.014750 0.040430 0.050680 0.038260 0.040900 
0.069580 0.058540 0.064720 0.010490 0.029920 
29
0.479817 0.014473 0.046210 
0.462778 0.970428 0.462022 
0.057405 0.015099 0.491768 
0.035909 0.007971 0.012159 0.015558 0.529875 
0.020506 0.009227 0.044240 0.013710 0.073568 
0.015929 0.010987 0.012007 0.011681 0.011194 
0.019834 0.021796 0.047916 0.021358 0.064576 
0.087130 0.033470 0.046870 0.049530 0.039770 
0.088610 0.033620 0.036890 0.080480 0.085360 
0.014750 0.040430 0.050680 0.038260 0.040900 
0.069580 0.058540 0.064720 0.010490 0.029920 
30
0.479817 0.014473 0.046210 
0.462778 0.970428 0.462022 
0.057405 0.015099 0.491768 
0.053447 0.004330 0.035450 0.035566 0.017380 
0.038252 0.011792 0.024880 0.051953 0.041081 
0.007487 0.028055 0.447558 0.025221 0.036646 
0.043544 0.037231 0.036672 0.006176 0.017277 
0.087130 0.033470 0.046870 0.049530 0.039770 
0.088610 0.033620 0.036890 0.080480 0.085360 
0.014750 0.040430 0.050680 0.038260 0.040900 
0.069580 0.058540 0.064720 0.010490 0.029920 
31
0.479817 0.088601 0.046210 
0.462778 0.896300 0.462022 
0.043096 0.016308 0.491768 
0.085887 0.004596 0.077861 0.230471 0.019729 
0.043788 0.030210 0.025366 0.069306 0.045823 
0.013115 0.037808 0.025508 0.084980 0.049151 
0.052047 0.040251 0.033200 0.008602 0.022301 
0.087130 0.033470 0.046870 0.049530 0.039770 
0.088610 0.033620 0.036890 0.080480 0.085360 
0.014750 0.040430 0.050680 0.038260 0.040900 
0.069580 0.058540 0.064720 0.010490 0.029920 
32
0.609479 0.029218 0.046210 
0.347425 0.954474 0.462022 
0.041347 0.016532 0.491768 
0.074031 0.007807 0.062576 0.242123 0.023301 
0.049843 0.020362 0.032943 0.064298 0.052320 
0.015076 0.041387 0.029609 0.044159 0.049912 
0.063873 0.047713 0.042996 0.010017 0.025656 
0.087130 0.033470 0.046870 0.049530 0.039770 
0.088610 0.033620 0.036890 0.080480 0.085360 
0.014750 0.040430 0.050680 0.038260 0.040900 
0.069580 0.058540 0.064720 0.010490 0.029920 
33
0.386180 0.016358 0.046210 
0.572472 0.967110 0.462022 
0.054236 0.015299 0.491768 
0.052875 0.009763 0.024226 0.026190 0.091890 
0.044053 0.022642 0.048413 0.019587 0.092519 
0.023288 0.025804 0.018215 0.017828 0.026060 
0.033033 0.031639 0.055892 0.221267 0.114816 
0.087130 0.033470 0.046870 0.049530 0.039770 
0.088610 0.033620 0.036890 0.080480 0.085360 
0.014750 0.040430 0.050680 0.038260 0.040900 
0.069580 0.058540 0.064720 0.010490 0.029920 
34
0.455302 0.014665 0.046210 
0.490462 0.970037 0.462022 
0.057286 0.015106 0.491768 
0.088117 0.004331 0.124983 0.094245 0.017631 
0.046241 0.017511 0.029521 0.156785 0.047734 
0.012846 0.044650 0.030704 0.046484 0.052881 
0.070044 0.049215 0.038615 0.007423 0.020037 
0.087130 0.033470 0.046870 0.049530 0.039770 
0.088610 0.033620 0.036890 0.080480 0.085360 
0.014750 0.040430 0.050680 0.038260 0.040900 
0.069580 0.058540 0.064720 0.010490 0.029920 
35
0.478817 0.014480 0.046210 
0.463897 0.970414 0.462022 
0.057405 0.015099 0.491768 
0.084276 0.006671 0.050563 0.039142 0.022220 
0.327988 0.018792 0.031369 0.052564 0.039322 
0.014761 0.052156 0.029944 0.027259 0.035692 
0.058379 0.044328 0.031405 0.009325 0.023846 
0.087130 0.033470 0.046870 0.049530 0.039770 
0.088610 0.033620 0.036890 0.080480 0.085360 
0.014750 0.040430 0.050680 0.038260 0.040900 
0.069580 0.058540 0.064720 0.010490 0.029920 
36
0.479817 0.014473 0.046210 
0.462778 0.970428 0.462022 
0.057405 0.015099 0.491768 
0.088330 0.008019 0.062254 0.148350 0.056324 
0.054616 0.023327 0.042313 0.051410 0.068000 
0.019246 0.039869 0.030385 0.039102 0.045207 
0.058661 0.047881 0.050554 0.015067 0.051084 
0.087130 0.033470 0.046870 0.049530 0.039770 
0.088610 0.033620 0.036890 0.080480 0.085360 
0.014750 0.040430 0.050680 0.038260 0.040900 
0.069580 0.058540 0.064720 0.010490 0.029920 
37
0.479817 0.014473 0.046210 
0.462778 0.970428 0.462022 
0.057405 0.015099 0.491768 
0.070851 0.003638 0.062008 0.230127 0.017325 
0.052134 0.016552 0.021220 0.184032 0.038909 
0.011061 0.034577 0.023470 0.047788 0.050353 
0.046574 0.036748 0.028476 0.006545 0.017611 
0.087130 0.033470 0.046870 0.049530 0.039770 
0.088610 0.033620 0.036890 0.080480 0.085360 
0.014750 0.040430 0.050680 0.038260 0.040900 
0.069580 0.058540 0.064720 0.010490 0.029920 
38
0.479817 0.014473 0.046210 
0.462778 0.970428 0.462022 
0.057405 0.015099 0.491768 
0.055160 0.005342 0.185393 0.040282 0.015865 
0.326384 0.015246 0.018661 0.036443 0.029021 
0.009762 0.047982 0.025226 0.024589 0.033843 
0.050694 0.032129 0.023146 0.006924 0.017906 
0.087130 0.033470 0.046870 0.049530 0.039770 
0.088610 0.033620 0.036890 0.080480 0.085360 
0.014750 0.040430 0.050680 0.038260 0.040900 
0.069580 0.058540 0.064720 0.010490 0.029920 
39
0.479817 0.014473 0.046210 
0.462778 0.970428 0.462022 
0.057405 0.015099 0.491768 
0.044610 0.010442 0.008178 0.009076 0.035944 
0.015573 0.006730 0.450939 0.010687 0.114797 
0.022137 0.008233 0.010770 0.008719 0.010519 
0.014728 0.024133 0.166755 0.007459 0.019568 
0.087130 0.033470 0.046870 0.049530 0.039770 
0.088610 0.033620 0.036890 0.080480 0.085360 
0.014750 0.040430 0.050680 0.038260 0.040900 
0.069580 0.058540 0.064720 0.010490 0.029920 
40
0.479817 0.014473 0.046210 
0.462778 0.970428 0.462022 
0.057405 0.015099 0.491768 
0.079667 0.108308 0.041738 0.040599 0.036244 
0.062253 0.023670 0.066289 0.076002 0.076036 
0.021537 0.039341 0.037794 0.031605 0.039648 
0.050840 0.048633 0.073354 0.012655 0.033788 
0.087130 0.033470 0.046870 0.049530 0.039770 
0.088610 0.033620 0.036890 0.080480 0.085360 
0.014750 0.040430 0.050680 0.038260 0.040900 
0.069580 0.058540 0.064720 0.010490 0.029920 
41
0.479817 0.014473 0.046210 
0.462778 0.970428 0.462022 
0.057405 0.015099 0.491768 
0.090261 0.011826 0.032539 0.029218 0.038360 
0.227833 0.018616 0.107259 0.029225 0.069977 
0.023998 0.031546 0.029000 0.022048 0.028213 
0.044888 0.048140 0.070534 0.012969 0.033551 
0.087130 0.033470 0.046870 0.049530 0.039770 
0.088610 0.033620 0.036890 0.080480 0.085360 
0.014750 0.040430 0.050680 0.038260 0.040900 
0.069580 0.058540 0.064720 0.010490 0.029920 
42
0.479817 0.014473 0.046210 
0.462778 0.970428 0.462022 
0.057405 0.015099 0.491768 
0.063977 0.007084 0.050342 0.084981 0.024564 
0.050334 0.047376 0.033249 0.059388 0.048284 
0.014810 0.042074 0.030370 0.036743 0.042144 
0.067555 0.216235 0.043445 0.009994 0.027052 
0.087130 0.033470 0.046870 0.049530 0.039770 
0.088610 0.033620 0.036890 0.080480 0.085360 
0.014750 0.040430 0.050680 0.038260 0.040900 
0.069580 0.058540 0.064720 0.010490 0.029920 
43
0.479817 0.014473 0.046210 
0.462778 0.970428 0.462022 
0.057405 0.015099 0.491768 
0.184542 0.006868 0.141107 0.076298 0.022564 
0.068008 0.018692 0.031430 0.058660 0.051785 
0.014712 0.046561 0.028585 0.040165 0.042985 
0.053117 0.041525 0.040327 0.008800 0.023268 
0.087130 0.033470 0.046870 0.049530 0.039770 
0.088610 0.033620 0.036890 0.080480 0.085360 
0.014750 0.040430 0.050680 0.038260 0.040900 
0.069580 0.058540 0.064720 0.010490 0.029920 
44
0.479817 0.014473 0.046210 
0.462778 0.970428 0.462022 
0.057405 0.015099 0.491768 
0.020296 0.005023 0.010400 0.013068 0.069556 
0.015413 0.012236 0.022065 0.012728 0.046113 
0.010990 0.010764 0.009483 0.009650 0.016147 
0.016411 0.015493 0.023208 0.598913 0.062043 
0.087130 0.033470 0.046870 0.049530 0.039770 
0.088610 0.033620 0.036890 0.080480 0.085360 
0.014750 0.040430 0.050680 0.038260 0.040900 
0.069580 0.058540 0.064720 0.010490 0.029920 
45
0.479817 0.014473 0.046210 
0.462778 0.970428 0.462022 
0.057405 0.015099 0.491768 
0.053104 0.003855 0.345602 0.105657 0.014080 
0.043305 0.015454 0.017796 0.048308 0.035267 
0.009294 0.066470 0.022921 0.037170 0.032824 
0.063673 0.037990 0.025173 0.006518 0.015537 
0.087130 0.033470 0.046870 0.049530 0.039770 
0.088610 0.033620 0.036890 0.080480 0.085360 
0.014750 0.040430 0.050680 0.038260 0.040900 
0.069580 0.058540 0.064720 0.010490 0.029920 
46
0.479817 0.014473 0.046210 
0.462778 0.970428 0.462022 
0.057405 0.015099 0.491768 
0.106919 0.004641 0.174881 0.079802 0.017656 
0.071280 0.017797 0.025577 0.113236 0.043616 
0.012054 0.058635 0.029251 0.047142 0.046641 
0.055384 0.037986 0.031048 0.007144 0.019309 
0.087130 0.033470 0.046870 0.049530 0.039770 
0.088610 0.033620 0.036890 0.080480 0.085360 
0.014750 0.040430 0.050680 0.038260 0.040900 
0.069580 0.058540 0.064720 0.010490 0.029920 
47
0.479817 0.014473 0.046210 
0.462778 0.970428 0.462022 
0.057405 0.015099 0.491768 
0.019729 0.004987 0.006795 0.011288 0.049605 
0.014265 0.006325 0.022216 0.009644 0.055092 
0.013257 0.006643 0.006596 0.006496 0.015243 
0.011523 0.010673 0.028044 0.660970 0.040609 
0.087130 0.033470 0.046870 0.049530 0.039770 
0.088610 0.033620 0.036890 0.080480 0.085360 
0.014750 0.040430 0.050680 0.038260 0.040900 
0.069580 0.058540 0.064720 0.010490 0.029920 
48
0.479817 0.014473 0.046210 
0.462778 0.970428 0.462022 
0.057405 0.015099 0.491768 
0.059560 0.002905 0.252606 0.246616 0.013532 
0.036768 0.013311 0.015486 0.050296 0.030115 
0.009099 0.039414 0.020020 0.048088 0.032704 
0.047339 0.034224 0.027915 0.005349 0.014653 
0.087130 0.033470 0.046870 0.049530 0.039770 
0.088610 0.033620 0.036890 0.080480 0.085360 
0.014750 0.040430 0.050680 0.038260 0.040900 
0.069580 0.058540 0.064720 0.010490 0.029920 
49
0.479817 0.014473 0.046210 
0.462778 0.970428 0.462022 
0.057405 0.015099 0.491768 
0.058328 0.002812 0.247393 0.272516 0.013052 
0.036277 0.012871 0.014532 0.049105 0.028945 
0.008735 0.035282 0.019678 0.047569 0.032021 
0.045743 0.033111 0.022536 0.005221 0.014273 
0.087130 0.033470 0.046870 0.049530 0.039770 
0.088610 0.033620 0.036890 0.080480 0.085360 
0.014750 0.040430 0.050680 0.038260 0.040900 
0.069580 0.058540 0.064720 0.010490 0.029920 
50
0.479817 0.014473 0.046210 
0.462778 0.970428 0.462022 
0.057405 0.015099 0.491768 
0.048959 0.004972 0.030176 0.035279 0.010477 
0.032138 0.010850 0.016957 0.032009 0.029097 
0.006296 0.019994 0.571404 0.018760 0.023530 
0.041662 0.028172 0.025898 0.003392 0.009976 
0.087130 0.033470 0.046870 0.049530 0.039770 
0.088610 0.033620 0.036890 0.080480 0.085360 
0.014750 0.040430 0.050680 0.038260 0.040900 
0.069580 0.058540 0.064720 0.010490 0.029920 
51
0.479817 0.014473 0.046210 
0.462778 0.970428 0.462022 
0.057405 0.015099 0.491768 
0.034370 0.008144 0.010749 0.015035 0.509539 
0.019340 0.009634 0.040969 0.012403 0.070465 
0.015163 0.010210 0.011199 0.011237 0.009758 
0.020042 0.021393 0.045760 0.026419 0.098171 
0.087130 0.033470 0.046870 0.049530 0.039770 
0.088610 0.033620 0.036890 0.080480 0.085360 
0.014750 0.040430 0.050680 0.038260 0.040900 
0.069580 0.058540 0.064720 0.010490 0.029920 
52
0.479817 0.014473 0.046210 
0.462778 0.970428 0.462022 
0.057405 0.015099 0.491768 
0.057201 0.004540 0.042085 0.054127 0.015581 
0.036636 0.017572 0.023721 0.094428 0.041157 
0.012355 0.034253 0.024624 0.038646 0.361325 
0.041992 0.039821 0.032333 0.007557 0.020046 
0.087130 0.033470 0.046870 0.049530 0.039770 
0.088610 0.033620 0.036890 0.080480 0.085360 
0.014750 0.040430 0.050680 0.038260 0.040900 
0.069580 0.058540 0.064720 0.010490 0.029920 
53
0.479817 0.014473 0.046210 
0.462778 0.970428 0.462022 
0.057405 0.015099 0.491768 
0.051690 0.010432 0.009314 0.010525 0.038433 
0.017213 0.007944 0.097741 0.011527 0.368746 
0.031433 0.009406 0.010772 0.010798 0.012444 
0.015529 0.024413 0.231364 0.008643 0.021633 
0.087130 0.033470 0.046870 0.049530 0.039770 
0.088610 0.033620 0.036890 0.080480 0.085360 
0.014750 0.040430 0.050680 0.038260 0.040900 
0.069580 0.058540 0.064720 0.010490 0.029920 
54
0.479817 0.014473 0.046210 
0.462778 0.970428 0.462022 
0.057405 0.015099 0.491768 
0.053468 0.007200 0.037775 0.036084 0.018147 
0.038008 0.013338 0.026978 0.032820 0.030808 
0.009787 0.038186 0.025487 0.026058 0.024760 
0.230098 0.282403 0.042427 0.006328 0.019839 
0.087130 0.033470 0.046870 0.049530 0.039770 
0.088610 0.033620 0.036890 0.080480 0.085360 
0.014750 0.040430 0.050680 0.038260 0.040900 
0.069580 0.058540 0.064720 0.010490 0.029920 
55
0.479817 0.014473 0.046210 
0.462778 0.970428 0.462022 
0.057405 0.015099 0.491768 
0.069661 0.012426 0.024705 0.025473 0.183772 
0.048941 0.021220 0.071171 0.021548 0.103459 
0.062781 0.024957 0.019197 0.020052 0.024506 
0.033838 0.035547 0.078839 0.024568 0.093338 
0.087130 0.033470 0.046870 0.049530 0.039770 
0.088610 0.033620 0.036890 0.080480 0.085360 
0.014750 0.040430 0.050680 0.038260 0.040900 
0.069580 0.058540 0.064720 0.010490 0.029920 
56
0.479817 0.014473 0.046210 
0.462778 0.970428 0.462022 
0.057405 0.015099 0.491768 
0.060896 0.004733 0.194286 0.060593 0.016872 
0.042563 0.018121 0.023814 0.061327 0.041144 
0.012147 0.039740 0.030252 0.039008 0.209241 
0.045938 0.039192 0.031779 0.007852 0.020502 
0.087130 0.033470 0.046870 0.049530 0.039770 
0.088610 0.033620 0.036890 0.080480 0.085360 
0.014750 0.040430 0.050680 0.038260 0.040900 
0.069580 0.058540 0.064720 0.010490 0.029920 
57
0.479817 0.014473 0.046210 
0.462778 0.970428 0.462022 
0.057405 0.015099 0.491768 
0.184047 0.004539 0.076292 0.219105 0.016881 
0.041765 0.016037 0.023080 0.064921 0.041756 
0.011784 0.036993 0.022540 0.046962 0.044737 
0.054280 0.037010 0.031489 0.007065 0.018719 
0.087130 0.033470 0.046870 0.049530 0.039770 
0.088610 0.033620 0.036890 0.080480 0.085360 
0.014750 0.040430 0.050680 0.038260 0.040900 
0.069580 0.058540 0.064720 0.010490 0.029920 
58
0.479817 0.014473 0.046210 
0.462778 0.970428 0.462022 
0.057405 0.015099 0.491768 
0.028827 0.008871 0.015986 0.018441 0.101567 
0.018849 0.028143 0.030091 0.019221 0.056298 
0.014314 0.017937 0.013214 0.013857 0.019698 
0.023294 0.021437 0.033011 0.030404 0.486539 
0.087130 0.033470 0.046870 0.049530 0.039770 
0.088610 0.033620 0.036890 0.080480 0.085360 
0.014750 0.040430 0.050680 0.038260 0.040900 
0.069580 0.058540 0.064720 0.010490 0.029920 
59
0.479817 0.014473 0.046210 
0.462778 0.970428 0.462022 
0.057405 0.015099 0.491768 
0.071622 0.012927 0.019811 0.021650 0.043726 
0.036002 0.013247 0.109932 0.023263 0.104121 
0.024068 0.017945 0.020074 0.017434 0.022740 
0.030203 0.036531 0.305916 0.036934 0.031853 
0.087130 0.033470 0.046870 0.049530 0.039770 
0.088610 0.033620 0.036890 0.080480 0.085360 
0.014750 0.040430 0.050680 0.038260 0.040900 
0.069580 0.058540 0.064720 0.010490 0.029920 
60
0.479817 0.014473 0.046210 
0.462778 0.970428 0.462022 
0.057405 0.015099 0.491768 
0.075370 0.007017 0.043394 0.053327 0.027360 
0.049112 0.024070 0.047264 0.135124 0.071976 
0.129078 0.034443 0.025284 0.037821 0.059350 
0.043008 0.042179 0.053508 0.011442 0.029877 
0.087130 0.033470 0.046870 0.049530 0.039770 
0.088610 0.033620 0.036890 0.080480 0.085360 
0.014750 0.040430 0.050680 0.038260 0.040900 
0.069580 0.058540 0.064720 0.010490 0.029920 
61
0.479817 0.014473 0.046210 
0.462778 0.970428 0.462022 
0.057405 0.015099 0.491768 
0.078090 0.013648 0.022868 0.022775 0.062288 
0.046958 0.017573 0.125154 0.023756 0.101108 
0.025187 0.024772 0.022691 0.018702 0.025729 
0.032983 0.039365 0.206816 0.014572 0.074964 
0.087130 0.033470 0.046870 0.049530 0.039770 
0.088610 0.033620 0.036890 0.080480 0.085360 
0.014750 0.040430 0.050680 0.038260 0.040900 
0.069580 0.058540 0.064720 0.010490 0.029920 
62
0.479817 0.014473 0.046210 
0.462778 0.970428 0.462022 
0.057405 0.015099 0.491768 
0.055318 0.005262 0.043447 0.054555 0.017299 
0.038861 0.016880 0.024555 0.054261 0.042844 
0.012140 0.032721 0.024569 0.392610 0.042093 
0.042090 0.039710 0.033920 0.007300 0.019566 
0.087130 0.033470 0.046870 0.049530 0.039770 
0.088610 0.033620 0.036890 0.080480 0.085360 
0.014750 0.040430 0.050680 0.038260 0.040900 
0.069580 0.058540 0.064720 0.010490 0.029920 
63
0.479817 0.014473 0.046210 
0.462778 0.970428 0.462022 
0.057405 0.015099 0.491768 
0.162790 0.007124 0.043326 0.054943 0.024052 
0.079845 0.017859 0.038757 0.062086 0.061974 
0.017632 0.033258 0.026251 0.036980 0.146408 
0.060072 0.037910 0.052386 0.010084 0.026263 
0.087130 0.033470 0.046870 0.049530 0.039770 
0.088610 0.033620 0.036890 0.080480 0.085360 
0.014750 0.040430 0.050680 0.038260 0.040900 
0.069580 0.058540 0.064720 0.010490 0.029920 
64
0.479817 0.014473 0.046210 
0.462778 0.970428 0.462022 
0.057405 0.015099 0.491768 
0.062712 0.002825 0.204770 0.279707 0.013893 
0.045135 0.013283 0.015327 0.052076 0.030753 
0.009214 0.034910 0.019931 0.050793 0.033533 
0.047974 0.039300 0.023335 0.005571 0.014957 
0.087130 0.033470 0.046870 0.049530 0.039770 
0.088610 0.033620 0.036890 0.080480 0.085360 
0.014750 0.040430 0.050680 0.038260 0.040900 
0.069580 0.058540 0.064720 0.010490 0.029920 
65
0.479817 0.014473 0.046210 
0.462778 0.970428 0.462022 
0.057405 0.015099 0.491768 
0.047178 0.005141 0.044891 0.070743 0.011667 
0.035847 0.019258 0.018732 0.370575 0.033303 
0.010326 0.037008 0.028769 0.046857 0.090542 
0.045002 0.039058 0.026043 0.004705 0.014354 
0.087130 0.033470 0.046870 0.049530 0.039770 
0.088610 0.033620 0.036890 0.080480 0.085360 
0.014750 0.040430 0.050680 0.038260 0.040900 
0.069580 0.058540 0.064720 0.010490 0.029920 
66
0.479817 0.014473 0.046210 
0.462778 0.970428 0.462022 
0.057405 0.015099 0.491768 
0.052303 0.003033 0.103329 0.451046 0.012254 
0.033685 0.012749 0.013981 0.046775 0.027839 
0.008439 0.025921 0.019587 0.042370 0.032780 
0.040113 0.031928 0.022257 0.005312 0.014300 
0.087130 0.033470 0.046870 0.049530 0.039770 
0.088610 0.033620 0.036890 0.080480 0.085360 
0.014750 0.040430 0.050680 0.038260 0.040900 
0.069580 0.058540 0.064720 0.010490 0.029920 
67
0.479817 0.014473 0.046210 
0.462778 0.970428 0.462022 
0.057405 0.015099 0.491768 
0.179793 0.005941 0.055121 0.065006 0.022641 
0.050410 0.019007 0.038172 0.091882 0.062136 
0.017250 0.036400 0.029306 0.043235 0.104530 
0.054609 0.044720 0.044740 0.009612 0.025491 
0.087130 0.033470 0.046870 0.049530 0.039770 
0.088610 0.033620 0.036890 0.080480 0.085360 
0.014750 0.040430 0.050680 0.038260 0.040900 
0.069580 0.058540 0.064720 0.010490 0.029920 
68
0.479817 0.014473 0.046210 
0.462778 0.970428 0.462022 
0.057405 0.015099 0.491768 
0.068106 0.005408 0.055751 0.059388 0.017701 
0.087994 0.018289 0.024528 0.153011 0.040646 
0.011781 0.047520 0.034041 0.039507 0.052659 
0.166582 0.056121 0.032537 0.007688 0.020741 
0.087130 0.033470 0.046870 0.049530 0.039770 
0.088610 0.033620 0.036890 0.080480 0.085360 
0.014750 0.040430 0.050680 0.038260 0.040900 
0.069580 0.058540 0.064720 0.010490 0.029920 
69
0.479817 0.014473 0.046210 
0.462778 0.970428 0.462022 
0.057405 0.015099 0.491768 
0.059654 0.010602 0.009875 0.010971 0.043471 
0.018165 0.008270 0.098019 0.012048 0.354422 
0.025163 0.009793 0.011104 0.010815 0.012937 
0.016346 0.030049 0.227829 0.008581 0.021886 
0.087130 0.033470 0.046870 0.049530 0.039770 
0.088610 0.033620 0.036890 0.080480 0.085360 
0.014750 0.040430 0.050680 0.038260 0.040900 
0.069580 0.058540 0.064720 0.010490 0.029920 
70
0.479817 0.014473 0.046210 
0.462778 0.970428 0.462022 
0.057405 0.015099 0.491768 
0.071194 0.009609 0.041318 0.037770 0.038106 
0.223958 0.022307 0.045263 0.040329 0.056823 
0.019172 0.041460 0.031024 0.026541 0.033342 
0.051100 0.043018 0.050580 0.014647 0.102438 
0.087130 0.033470 0.046870 0.049530 0.039770 
0.088610 0.033620 0.036890 0.080480 0.085360 
0.014750 0.040430 0.050680 0.038260 0.040900 
0.069580 0.058540 0.064720 0.010490 0.029920 
71
0.479817 0.014473 0.046210 
0.462778 0.970428 0.462022 
0.057405 0.020080 0.486528 
0.482756 0.009900 0.025773 0.029821 0.020820 
0.046182 0.011636 0.029915 0.028748 0.047885 
0.013410 0.020609 0.018442 0.020922 0.024695 
0.062645 0.032464 0.047716 0.006679 0.018983 
0.087129 0.033470 0.046870 0.049530 0.039770 
0.088609 0.033620 0.036898 0.080479 0.085359 
0.014750 0.040430 0.050680 0.038260 0.040900 
0.069579 0.058539 0.064719 0.010490 0.029920 
72
0.479817 0.014473 0.045718 
0.462778 0.965447 0.467754 
0.057405 0.015099 0.491768 
0.045394 0.011719 0.007739 0.007660 0.035434 
0.015175 0.006521 0.355511 0.010298 0.096892 
0.019187 0.007414 0.011161 0.007455 0.009690 
0.014996 0.026177 0.285420 0.006670 0.019486 
0.087130 0.033470 0.046870 0.049530 0.039770 
0.088610 0.033620 0.036890 0.080480 0.085360 
0.014750 0.040430 0.050680 0.038260 0.040900 
0.069580 0.058540 0.064720 0.010490 0.029920 
73
0.479817 0.014473 0.046210 
0.462778 0.970428 0.462022 
0.057405 0.015099 0.491768 
0.090521 0.007012 0.042085 0.053354 0.035533 
0.045949 0.019486 0.083259 0.074443 0.104764 
0.026251 0.030094 0.028125 0.036335 0.123145 
0.041689 0.037258 0.070146 0.014308 0.036242 
0.087130 0.033470 0.046870 0.049530 0.039770 
0.088610 0.033620 0.036890 0.080480 0.085360 
0.014750 0.040430 0.050680 0.038260 0.040900 
0.069580 0.058540 0.064720 0.010490 0.029920 
74
0.479817 0.014473 0.046210 
0.462778 0.970428 0.462022 
0.057405 0.015099 0.491768 
0.068395 0.003261 0.235711 0.206420 0.014770 
0.041452 0.014744 0.017109 0.053901 0.031974 
0.009478 0.057515 0.021519 0.047357 0.034418 
0.060153 0.035938 0.024435 0.005775 0.015674 
0.087130 0.033470 0.046870 0.049530 0.039770 
0.088610 0.033620 0.036890 0.080480 0.085360 
0.014750 0.040430 0.050680 0.038260 0.040900 
0.069580 0.058540 0.064720 0.010490 0.029920 
75
0.479817 0.014473 0.046210 
0.462778 0.970428 0.462022 
0.057405 0.015099 0.491768 
0.413175 0.011605 0.027343 0.033007 0.025873 
0.050920 0.012512 0.034898 0.031531 0.054958 
0.015613 0.022185 0.019380 0.023306 0.027022 
0.068944 0.043040 0.055804 0.007441 0.021444 
0.087130 0.033470 0.046870 0.049530 0.039770 
0.088610 0.033620 0.036890 0.080480 0.085360 
0.014750 0.040430 0.050680 0.038260 0.040900 
0.069580 0.058540 0.064720 0.010490 0.029920 
76
0.479817 0.014473 0.046210 
0.462778 0.970428 0.462022 
0.057405 0.015099 0.491768 
0.074577 0.012978 0.020482 0.020793 0.119711 
0.042410 0.018692 0.102777 0.020667 0.146318 
0.121808 0.019816 0.016179 0.018585 0.023664 
0.026524 0.033726 0.106340 0.015162 0.038788 
0.087130 0.033470 0.046870 0.049530 0.039770 
0.088610 0.033620 0.036890 0.080480 0.085360 
0.014750 0.040430 0.050680 0.038260 0.040900 
0.069580 0.058540 0.064720 0.010490 0.029920 
77
0.479817 0.014473 0.046210 
0.462778 0.970428 0.462022 
0.057405 0.015099 0.491768 
0.188904 0.013284 0.029823 0.035649 0.033504 
0.049187 0.015987 0.066588 0.033865 0.078589 
0.021360 0.026854 0.024830 0.030954 0.032132 
0.054061 0.043169 0.182047 0.010097 0.029116 
0.087130 0.033470 0.046870 0.049530 0.039770 
0.088610 0.033620 0.036890 0.080480 0.085360 
0.014750 0.040430 0.050680 0.038260 0.040900 
0.069580 0.058540 0.064720 0.010490 0.029920 
78
0.479817 0.014473 0.046210 
0.462778 0.970428 0.462022 
0.057405 0.015099 0.491768 
0.066877 0.004862 0.047274 0.061886 0.017856 
0.039835 0.018832 0.027481 0.068756 0.047230 
0.013883 0.039657 0.025732 0.145903 0.220750 
0.045587 0.041255 0.035587 0.008429 0.022328 
0.087130 0.033470 0.046870 0.049530 0.039770 
0.088610 0.033620 0.036890 0.080480 0.085360 
0.014750 0.040430 0.050680 0.038260 0.040900 
0.069580 0.058540 0.064720 0.010490 0.029920 
79
0.479817 0.014473 0.046210 
0.462778 0.970428 0.462022 
0.057405 0.015099 0.491768 
0.183236 0.009061 0.054281 0.051419 0.026527 
0.071820 0.019921 0.035249 0.050786 0.055981 
0.016024 0.095346 0.031386 0.034653 0.039848 
0.091914 0.048639 0.047262 0.010067 0.026579 
0.087130 0.033470 0.046870 0.049530 0.039770 
0.088610 0.033620 0.036890 0.080480 0.085360 
0.014750 0.040430 0.050680 0.038260 0.040900 
0.069580 0.058540 0.064720 0.010490 0.029920 
80
0.479817 0.014473 0.046210 
0.462778 0.970428 0.462022 
0.057405 0.079896 0.431339 
0.078604 0.005164 0.063477 0.061411 0.017618 
0.069463 0.019120 0.025128 0.179611 0.042795 
0.012387 0.134708 0.031528 0.041806 0.050594 
0.063364 0.042189 0.032327 0.007799 0.020904 
0.087141 0.033466 0.046865 0.049524 0.039765 
0.088693 0.033616 0.036886 0.080471 0.085350 
0.014748 0.040425 0.050674 0.038256 0.040895 
0.069572 0.058533 0.064713 0.010489 0.029917 
81
0.479817 0.014473 0.040532 
0.462778 0.905630 0.528129 
0.057405 0.015099 0.491768 
0.164693 0.011118 0.045818 0.050819 0.036556 
0.072866 0.032087 0.054652 0.051325 0.094917 
0.023638 0.036287 0.028451 0.047019 0.044230 
0.049425 0.045493 0.063699 0.012767 0.034140 
0.087130 0.033470 0.046870 0.049530 0.039770 
0.088610 0.033620 0.036890 0.080480 0.085360 
0.014750 0.040430 0.050680 0.038260 0.040900 
0.069580 0.058540 0.064720 0.010490 0.029920 
82
0.479817 0.014473 0.046210 
0.462778 0.970428 0.462022 
0.057405 0.015099 0.491768 
0.066761 0.011067 0.023436 0.025293 0.090174 
0.039357 0.021897 0.064120 0.023324 0.168788 
0.028591 0.023406 0.017900 0.023334 0.027035 
0.031529 0.032632 0.072689 0.021500 0.187166 
0.087130 0.033470 0.046870 0.049530 0.039770 
0.088610 0.033620 0.036890 0.080480 0.085360 
0.014750 0.040430 0.050680 0.038260 0.040900 
0.069580 0.058540 0.064720 0.010490 0.029920 
83
0.479817 0.014473 0.046210 
0.462778 0.970428 0.462022 
0.057405 0.015099 0.491768 
0.068890 0.005048 0.090806 0.205546 0.020325 
0.065786 0.020341 0.024243 0.064640 0.042525 
0.012396 0.090845 0.027112 0.044741 0.044635 
0.055741 0.053414 0.031646 0.008978 0.022342 
0.087130 0.033470 0.046870 0.049530 0.039770 
0.088610 0.033620 0.036890 0.080480 0.085360 
0.014750 0.040430 0.050680 0.038260 0.040900 
