%  SAM: modelfromalign v3.5 (July 15, 2005) compiled 12/05/20_11:48:22
%  (c) 1992-2001 Regents of the University of California, Santa Cruz
%
%          Sequence Alignment and Modeling Software System
%         http://www.cse.ucsc.edu/research/compbio/sam.html
%
% ----------------- Citations (SAM, SAM-T2K, HMMs) --------------------
% R. Hughey, A. Krogh, Hidden Markov models for sequence analysis:
%  Extension and analysis of the basic method, CABIOS 12:95-107, 1996.
% K. Karplus, et al., What is the value added by human intervention in protein
%  structure prediction, Proteins: Stucture, Function, Genetics 45(S5):86--91, 2001.
% A. Krogh et al., Hidden Markov models in computational biology:
%  Applications to protein modeling, JMB 235:1501-1531, Feb 1994.
% ---------------------------------------------------------------------
%  last   Host: gauntlet    Thu Feb 11 16:21:37 2021
%  dgpinheiro   Dir:  /data/GitHub/sfFinder/example/output/subfamily/TEST1/flowerpower/fp-workspace/final
% ---------------------------------------------------------------------
% Prior File:  Internal (Name: recode3.20comp) 
%   20 priors on 20 characters.
%  Alignment weights from internal calc.  Total (1.57) Max (0.00) Min (0.00)
%  Weights from alignment method 1 (karplus), b=0.500000, e=0.500000
MODEL --  Model from alignment file last.a2m
alphabet protein
FREQAVE
0.000000 0.000000 0.000000 
0.000000 0.000000 0.000000 
0.000000 0.000000 0.000000 
0.073366 0.015731 0.056938 0.066613 0.049655 
0.061768 0.028683 0.052055 0.058198 0.085039 
0.025996 0.041873 0.045380 0.042494 0.052400 
0.059160 0.053814 0.060939 0.022990 0.046909 
0.073366 0.015731 0.056938 0.066613 0.049655 
0.061768 0.028683 0.052055 0.058198 0.085039 
0.025996 0.041873 0.045380 0.042494 0.052400 
0.059160 0.053814 0.060939 0.022990 0.046909 
Begin
0.000000 0.000000 0.000000 
0.000000 0.000000 0.000000 
0.000000 0.102655 0.805442 
0.000000 0.000000 0.000000 0.000000 0.000000 
0.000000 0.000000 0.000000 0.000000 0.000000 
0.000000 0.000000 0.000000 0.000000 0.000000 
0.000000 0.000000 0.000000 0.000000 0.000000 
0.087135 0.033412 0.046877 0.049460 0.039687 
0.088502 0.033556 0.036842 0.080764 0.085459 
0.014906 0.040443 0.050641 0.038240 0.040935 
0.069509 0.058601 0.064641 0.010468 0.029922 
1
0.000000 0.014473 0.062158 
0.000000 0.882872 0.132400 
0.042026 0.016442 0.491768 
0.073849 0.011341 0.055382 0.077859 0.031255 
0.050288 0.025736 0.049513 0.089142 0.078273 
0.026549 0.045530 0.043371 0.049018 0.065838 
0.064217 0.059435 0.061456 0.010921 0.031030 
0.087130 0.033470 0.046870 0.049530 0.039770 
0.088610 0.033620 0.036890 0.080480 0.085360 
0.014750 0.040430 0.050680 0.038260 0.040900 
0.069580 0.058540 0.064720 0.010490 0.029920 
2
0.618666 0.015761 0.046210 
0.339307 0.967797 0.462022 
0.042048 0.016440 0.491768 
0.074739 0.010126 0.063498 0.084080 0.026698 
0.060192 0.025813 0.038238 0.088947 0.061874 
0.018736 0.050333 0.054556 0.049766 0.074188 
0.069149 0.060331 0.050480 0.009851 0.028406 
0.087130 0.033470 0.046870 0.049530 0.039770 
0.088610 0.033620 0.036890 0.080480 0.085360 
0.014750 0.040430 0.050680 0.038260 0.040900 
0.069580 0.058540 0.064720 0.010490 0.029920 
3
0.617844 0.015758 0.046210 
0.340108 0.967802 0.462022 
0.042095 0.016433 0.491768 
0.075283 0.013325 0.039952 0.058160 0.039798 
0.039698 0.021959 0.079821 0.058221 0.137312 
0.030767 0.034545 0.039807 0.038387 0.050279 
0.053063 0.053742 0.090968 0.012015 0.032897 
0.087130 0.033470 0.046870 0.049530 0.039770 
0.088610 0.033620 0.036890 0.080480 0.085360 
0.014750 0.040430 0.050680 0.038260 0.040900 
0.069580 0.058540 0.064720 0.010490 0.029920 
4
0.618547 0.015752 0.046210 
0.339357 0.967814 0.462022 
0.042095 0.016433 0.491768 
0.074470 0.011193 0.066467 0.075944 0.029588 
0.077857 0.027171 0.039441 0.070181 0.067469 
0.019285 0.061384 0.047580 0.045919 0.059332 
0.071320 0.060815 0.051646 0.010886 0.032052 
0.087130 0.033470 0.046870 0.049530 0.039770 
0.088610 0.033620 0.036890 0.080480 0.085360 
0.014750 0.040430 0.050680 0.038260 0.040900 
0.069580 0.058540 0.064720 0.010490 0.029920 
5
0.618547 0.015752 0.046210 
0.339357 0.967814 0.462022 
0.042095 0.016433 0.491768 
0.077863 0.012022 0.054511 0.075319 0.033208 
0.050080 0.024899 0.051036 0.071051 0.092181 
0.023279 0.045847 0.049439 0.046073 0.060199 
0.064166 0.060179 0.064689 0.011180 0.032780 
0.087130 0.033470 0.046870 0.049530 0.039770 
0.088610 0.033620 0.036890 0.080480 0.085360 
0.014750 0.040430 0.050680 0.038260 0.040900 
0.069580 0.058540 0.064720 0.010490 0.029920 
6
0.460775 0.015752 0.046210 
0.497129 0.967814 0.462022 
0.049981 0.015617 0.491768 
0.064283 0.004272 0.045993 0.060735 0.015065 
0.037241 0.017748 0.023695 0.307753 0.041600 
0.012146 0.035408 0.025412 0.042349 0.123427 
0.044933 0.039462 0.031715 0.007268 0.019495 
0.087130 0.033470 0.046870 0.049530 0.039770 
0.088610 0.033620 0.036890 0.080480 0.085360 
0.014750 0.040430 0.050680 0.038260 0.040900 
0.069580 0.058540 0.064720 0.010490 0.029920 
7
0.547091 0.014970 0.046210 
0.402928 0.969413 0.462022 
0.049981 0.015617 0.491768 
0.066435 0.003157 0.138986 0.315511 0.014552 
0.037139 0.014588 0.017035 0.058186 0.033668 
0.010064 0.032284 0.021302 0.051853 0.045026 
0.055240 0.036565 0.025802 0.006193 0.016413 
0.087130 0.033470 0.046870 0.049530 0.039770 
0.088610 0.033620 0.036890 0.080480 0.085360 
0.014750 0.040430 0.050680 0.038260 0.040900 
0.069580 0.058540 0.064720 0.010490 0.029920 
8
0.547091 0.014970 0.046210 
0.402928 0.969413 0.462022 
0.049981 0.015617 0.491768 
0.072037 0.005089 0.105391 0.063462 0.018466 
0.054754 0.019551 0.026095 0.125965 0.044794 
0.012744 0.128508 0.030040 0.041438 0.094435 
0.056628 0.039103 0.032014 0.008163 0.021325 
0.087130 0.033470 0.046870 0.049530 0.039770 
0.088610 0.033620 0.036890 0.080480 0.085360 
0.014750 0.040430 0.050680 0.038260 0.040900 
0.069580 0.058540 0.064720 0.010490 0.029920 
9
0.547091 0.014970 0.046210 
0.402928 0.969413 0.462022 
0.049981 0.015617 0.491768 
0.040186 0.007328 0.017442 0.021002 0.094055 
0.027506 0.020890 0.034049 0.020812 0.057307 
0.014489 0.017911 0.014098 0.017125 0.022367 
0.028687 0.027692 0.046772 0.032253 0.438031 
0.087130 0.033470 0.046870 0.049530 0.039770 
0.088610 0.033620 0.036890 0.080480 0.085360 
0.014750 0.040430 0.050680 0.038260 0.040900 
0.069580 0.058540 0.064720 0.010490 0.029920 
10
0.545869 0.014970 0.046210 
0.404150 0.969413 0.462022 
0.050042 0.015612 0.491768 
0.219024 0.010961 0.039822 0.047231 0.032136 
0.058788 0.019091 0.050196 0.048742 0.076625 
0.021463 0.031284 0.027596 0.040382 0.052403 
0.050517 0.046622 0.069095 0.011291 0.046732 
0.087130 0.033470 0.046870 0.049530 0.039770 
0.088610 0.033620 0.036890 0.080480 0.085360 
0.014750 0.040430 0.050680 0.038260 0.040900 
0.069580 0.058540 0.064720 0.010490 0.029920 
11
0.546537 0.014965 0.046210 
0.403421 0.969423 0.462022 
0.050042 0.015612 0.491768 
0.094224 0.011221 0.046894 0.043537 0.043221 
0.055413 0.026383 0.071552 0.053898 0.131600 
0.068477 0.032808 0.022419 0.033246 0.052960 
0.038518 0.041079 0.074178 0.015862 0.042509 
0.087130 0.033470 0.046870 0.049530 0.039770 
0.088610 0.033620 0.036890 0.080480 0.085360 
0.014750 0.040430 0.050680 0.038260 0.040900 
0.069580 0.058540 0.064720 0.010490 0.029920 
12
0.419517 0.014965 0.046210 
0.530441 0.969423 0.462022 
0.057323 0.015104 0.491768 
0.039772 0.008319 0.006782 0.007819 0.044591 
0.012527 0.006208 0.082215 0.008302 0.448590 
0.171562 0.007230 0.008054 0.008196 0.009222 
0.011285 0.027758 0.066777 0.007257 0.017535 
0.087130 0.033470 0.046870 0.049530 0.039770 
0.088610 0.033620 0.036890 0.080480 0.085360 
0.014750 0.040430 0.050680 0.038260 0.040900 
0.069580 0.058540 0.064720 0.010490 0.029920 
13
0.480557 0.014478 0.046210 
0.462119 0.970418 0.462022 
0.057323 0.015104 0.491768 
0.070655 0.005529 0.028852 0.031670 0.014804 
0.027212 0.011205 0.023586 0.032001 0.031859 
0.011461 0.028148 0.018770 0.023499 0.024531 
0.082169 0.478420 0.034796 0.005223 0.015610 
0.087130 0.033470 0.046870 0.049530 0.039770 
0.088610 0.033620 0.036890 0.080480 0.085360 
0.014750 0.040430 0.050680 0.038260 0.040900 
0.069580 0.058540 0.064720 0.010490 0.029920 
14
0.479840 0.014478 0.046210 
0.462837 0.970418 0.462022 
0.057365 0.015101 0.491768 
0.037173 0.003689 0.029474 0.034929 0.011465 
0.029533 0.012467 0.015862 0.038655 0.028034 
0.008093 0.023862 0.018603 0.024943 0.574093 
0.029434 0.037910 0.022782 0.005190 0.013807 
0.087130 0.033470 0.046870 0.049530 0.039770 
0.088610 0.033620 0.036890 0.080480 0.085360 
0.014750 0.040430 0.050680 0.038260 0.040900 
0.069580 0.058540 0.064720 0.010490 0.029920 
15
0.480184 0.014476 0.046210 
0.462451 0.970423 0.462022 
0.057365 0.015101 0.491768 
0.063290 0.003492 0.111579 0.027687 0.008439 
0.505610 0.009053 0.012508 0.030230 0.020391 
0.008005 0.039986 0.017669 0.019129 0.021756 
0.046492 0.026185 0.012404 0.004298 0.011800 
0.087130 0.033470 0.046870 0.049530 0.039770 
0.088610 0.033620 0.036890 0.080480 0.085360 
0.014750 0.040430 0.050680 0.038260 0.040900 
0.069580 0.058540 0.064720 0.010490 0.029920 
16
0.480184 0.014476 0.046210 
0.462451 0.970423 0.462022 
0.057365 0.015101 0.491768 
0.031012 0.006813 0.005710 0.007039 0.027456 
0.010104 0.004850 0.053333 0.007442 0.670896 
0.024716 0.006181 0.007324 0.006903 0.007713 
0.009722 0.024159 0.068234 0.006077 0.014316 
0.087130 0.033470 0.046870 0.049530 0.039770 
0.088610 0.033620 0.036890 0.080480 0.085360 
0.014750 0.040430 0.050680 0.038260 0.040900 
0.069580 0.058540 0.064720 0.010490 0.029920 
17
0.479479 0.014476 0.046210 
0.463157 0.970423 0.462022 
0.057405 0.015099 0.491768 
0.101323 0.003492 0.059392 0.022990 0.007756 
0.538446 0.008587 0.012587 0.027904 0.020015 
0.008386 0.042214 0.017007 0.015966 0.017970 
0.045661 0.024195 0.010602 0.004097 0.011409 
0.087130 0.033470 0.046870 0.049530 0.039770 
0.088610 0.033620 0.036890 0.080480 0.085360 
0.014750 0.040430 0.050680 0.038260 0.040900 
0.069580 0.058540 0.064720 0.010490 0.029920 
18
0.479817 0.014473 0.046210 
0.462778 0.970428 0.462022 
0.057405 0.015099 0.491768 
0.014613 0.004799 0.006753 0.008737 0.033300 
0.014722 0.005196 0.015068 0.006968 0.039256 
0.009411 0.005615 0.006483 0.004561 0.011598 
0.009505 0.008169 0.019874 0.746735 0.028635 
0.087130 0.033470 0.046870 0.049530 0.039770 
0.088610 0.033620 0.036890 0.080480 0.085360 
0.014750 0.040430 0.050680 0.038260 0.040900 
0.069580 0.058540 0.064720 0.010490 0.029920 
19
0.479817 0.014473 0.046210 
0.462778 0.970428 0.462022 
0.057405 0.015099 0.491768 
0.066681 0.001113 0.192158 0.396131 0.010295 
0.026721 0.007806 0.008886 0.040499 0.022494 
0.006973 0.019406 0.013384 0.060441 0.021967 
0.044776 0.030311 0.016279 0.003632 0.010049 
0.087130 0.033470 0.046870 0.049530 0.039770 
0.088610 0.033620 0.036890 0.080480 0.085360 
0.014750 0.040430 0.050680 0.038260 0.040900 
0.069580 0.058540 0.064720 0.010490 0.029920 
20
0.479817 0.014473 0.046210 
0.462778 0.970428 0.462022 
0.057405 0.015099 0.491768 
0.045098 0.005997 0.030252 0.031338 0.024376 
0.029093 0.011370 0.025518 0.030538 0.042159 
0.009432 0.030503 0.060389 0.023287 0.023129 
0.093713 0.423585 0.037902 0.005463 0.016857 
0.087130 0.033470 0.046870 0.049530 0.039770 
0.088610 0.033620 0.036890 0.080480 0.085360 
0.014750 0.040430 0.050680 0.038260 0.040900 
0.069580 0.058540 0.064720 0.010490 0.029920 
21
0.479817 0.014473 0.046210 
0.462778 0.970428 0.462022 
0.057405 0.015099 0.491768 
0.036164 0.005524 0.028256 0.025441 0.012550 
0.028964 0.008968 0.020149 0.022131 0.017405 
0.006157 0.031369 0.018732 0.018819 0.015117 
0.290775 0.361369 0.033692 0.004056 0.014365 
0.087130 0.033470 0.046870 0.049530 0.039770 
0.088610 0.033620 0.036890 0.080480 0.085360 
0.014750 0.040430 0.050680 0.038260 0.040900 
0.069580 0.058540 0.064720 0.010490 0.029920 
22
0.479817 0.014473 0.046210 
0.462778 0.970428 0.462022 
0.057405 0.015099 0.491768 
0.018857 0.003657 0.011945 0.010838 0.038094 
0.020255 0.010316 0.016134 0.010414 0.025957 
0.006195 0.009693 0.010065 0.007999 0.011152 
0.014987 0.013890 0.021498 0.009501 0.728553 
0.087130 0.033470 0.046870 0.049530 0.039770 
0.088610 0.033620 0.036890 0.080480 0.085360 
0.014750 0.040430 0.050680 0.038260 0.040900 
0.069580 0.058540 0.064720 0.010490 0.029920 
23
0.479817 0.014473 0.046210 
0.462778 0.970428 0.462022 
0.057405 0.015099 0.491768 
0.047360 0.003767 0.038967 0.084885 0.012256 
0.029839 0.014688 0.017234 0.050830 0.030856 
0.009468 0.029088 0.020375 0.417584 0.047404 
0.036770 0.034650 0.052563 0.005807 0.015609 
0.087130 0.033470 0.046870 0.049530 0.039770 
0.088610 0.033620 0.036890 0.080480 0.085360 
0.014750 0.040430 0.050680 0.038260 0.040900 
0.069580 0.058540 0.064720 0.010490 0.029920 
24
0.479817 0.014473 0.046210 
0.462778 0.970428 0.462022 
0.057405 0.015099 0.491768 
0.070825 0.003925 0.045400 0.030010 0.020017 
0.038462 0.008705 0.029650 0.060002 0.047363 
0.005273 0.027669 0.370486 0.021256 0.028592 
0.081459 0.043361 0.044225 0.005923 0.017398 
0.087130 0.033470 0.046870 0.049530 0.039770 
0.088610 0.033620 0.036890 0.080480 0.085360 
0.014750 0.040430 0.050680 0.038260 0.040900 
0.069580 0.058540 0.064720 0.010490 0.029920 
25
0.479817 0.014473 0.046210 
0.462778 0.970428 0.462022 
0.057405 0.015099 0.491768 
0.057062 0.005538 0.036432 0.075963 0.019389 
0.036788 0.017552 0.037519 0.069821 0.048802 
0.299222 0.030016 0.024842 0.033098 0.060223 
0.037139 0.037003 0.043048 0.008261 0.022282 
0.087130 0.033470 0.046870 0.049530 0.039770 
0.088610 0.033620 0.036890 0.080480 0.085360 
0.014750 0.040430 0.050680 0.038260 0.040900 
0.069580 0.058540 0.064720 0.010490 0.029920 
26
0.479817 0.014473 0.046210 
0.462778 0.970428 0.462022 
0.057405 0.015099 0.491768 
0.045635 0.002554 0.449743 0.099847 0.009255 
0.033499 0.011661 0.013748 0.042436 0.021312 
0.006799 0.069892 0.017119 0.035162 0.023995 
0.053837 0.031182 0.019325 0.002889 0.010110 
0.087130 0.033470 0.046870 0.049530 0.039770 
0.088610 0.033620 0.036890 0.080480 0.085360 
0.014750 0.040430 0.050680 0.038260 0.040900 
0.069580 0.058540 0.064720 0.010490 0.029920 
27
0.479817 0.014473 0.046210 
0.462778 0.970428 0.462022 
0.057405 0.015099 0.491768 
0.093145 0.001914 0.168624 0.192028 0.009594 
0.030411 0.012993 0.013518 0.176555 0.028375 
0.006921 0.032959 0.016519 0.053834 0.044711 
0.045853 0.036677 0.020655 0.003770 0.010945 
0.087130 0.033470 0.046870 0.049530 0.039770 
0.088610 0.033620 0.036890 0.080480 0.085360 
0.014750 0.040430 0.050680 0.038260 0.040900 
0.069580 0.058540 0.064720 0.010490 0.029920 
28
0.479817 0.014473 0.046210 
0.462778 0.970428 0.462022 
0.057405 0.015099 0.491768 
0.048682 0.011235 0.005649 0.004846 0.030354 
0.010628 0.005053 0.230097 0.007990 0.080724 
0.014034 0.005199 0.009604 0.004885 0.006977 
0.012509 0.024417 0.465785 0.004976 0.016357 
0.087130 0.033470 0.046870 0.049530 0.039770 
0.088610 0.033620 0.036890 0.080480 0.085360 
0.014750 0.040430 0.050680 0.038260 0.040900 
0.069580 0.058540 0.064720 0.010490 0.029920 
29
0.479817 0.014473 0.046210 
0.462778 0.970428 0.462022 
0.057405 0.015099 0.491768 
0.022501 0.006406 0.005914 0.010268 0.641114 
0.011827 0.006192 0.032138 0.007720 0.054805 
0.011172 0.005636 0.007561 0.007475 0.004648 
0.013745 0.015032 0.033011 0.025168 0.077664 
0.087130 0.033470 0.046870 0.049530 0.039770 
0.088610 0.033620 0.036890 0.080480 0.085360 
0.014750 0.040430 0.050680 0.038260 0.040900 
0.069580 0.058540 0.064720 0.010490 0.029920 
30
0.479817 0.014473 0.046210 
0.462778 0.970428 0.462022 
0.057405 0.015099 0.491768 
0.034909 0.003155 0.024922 0.023674 0.011703 
0.029504 0.008500 0.015691 0.034751 0.026408 
0.004859 0.018855 0.627740 0.016342 0.025599 
0.029178 0.024342 0.023674 0.004282 0.011914 
0.087130 0.033470 0.046870 0.049530 0.039770 
0.088610 0.033620 0.036890 0.080480 0.085360 
0.014750 0.040430 0.050680 0.038260 0.040900 
0.069580 0.058540 0.064720 0.010490 0.029920 
31
0.479817 0.088601 0.046210 
0.462778 0.896300 0.462022 
0.043096 0.016308 0.491768 
0.090470 0.007849 0.062515 0.091699 0.032329 
0.058027 0.060545 0.040378 0.063437 0.066011 
0.018912 0.046065 0.029901 0.084763 0.051106 
0.055204 0.044596 0.046799 0.013440 0.035953 
0.087130 0.033470 0.046870 0.049530 0.039770 
0.088610 0.033620 0.036890 0.080480 0.085360 
0.014750 0.040430 0.050680 0.038260 0.040900 
0.069580 0.058540 0.064720 0.010490 0.029920 
32
0.609479 0.029218 0.046210 
0.347425 0.954474 0.462022 
0.041347 0.016532 0.491768 
0.091328 0.014288 0.055402 0.070191 0.039718 
0.072689 0.023208 0.059234 0.054151 0.077505 
0.021600 0.045797 0.038125 0.037217 0.046481 
0.069882 0.057175 0.071875 0.015449 0.038684 
0.087130 0.033470 0.046870 0.049530 0.039770 
0.088610 0.033620 0.036890 0.080480 0.085360 
0.014750 0.040430 0.050680 0.038260 0.040900 
0.069580 0.058540 0.064720 0.010490 0.029920 
33
0.386180 0.016358 0.046210 
0.572472 0.967110 0.462022 
0.054236 0.015299 0.491768 
0.025093 0.006153 0.006977 0.011032 0.176538 
0.014680 0.022148 0.025033 0.010990 0.055591 
0.012841 0.010707 0.007281 0.011424 0.015655 
0.021369 0.022409 0.039275 0.031782 0.473021 
0.087130 0.033470 0.046870 0.049530 0.039770 
0.088610 0.033620 0.036890 0.080480 0.085360 
0.014750 0.040430 0.050680 0.038260 0.040900 
0.069580 0.058540 0.064720 0.010490 0.029920 
34
0.455302 0.014665 0.046210 
0.490462 0.970037 0.462022 
0.057286 0.015106 0.491768 
0.058455 0.002782 0.418819 0.084178 0.009700 
0.036761 0.012224 0.015560 0.043029 0.021804 
0.006953 0.081061 0.018069 0.027803 0.023348 
0.058851 0.044482 0.023119 0.002769 0.010231 
0.087130 0.033470 0.046870 0.049530 0.039770 
0.088610 0.033620 0.036890 0.080480 0.085360 
0.014750 0.040430 0.050680 0.038260 0.040900 
0.069580 0.058540 0.064720 0.010490 0.029920 
35
0.478817 0.014480 0.046210 
0.463897 0.970414 0.462022 
0.057405 0.015099 0.491768 
0.120518 0.002801 0.065046 0.096736 0.015668 
0.042639 0.018214 0.032266 0.157280 0.057311 
0.013586 0.035360 0.019606 0.070712 0.100202 
0.051888 0.041917 0.032897 0.006868 0.018482 
0.087130 0.033470 0.046870 0.049530 0.039770 
0.088610 0.033620 0.036890 0.080480 0.085360 
0.014750 0.040430 0.050680 0.038260 0.040900 
0.069580 0.058540 0.064720 0.010490 0.029920 
36
0.479817 0.014473 0.046210 
0.462778 0.970428 0.462022 
0.057405 0.015099 0.491768 
0.023983 0.006836 0.004348 0.012247 0.568446 
0.010207 0.007282 0.026627 0.007285 0.049906 
0.009896 0.004870 0.006747 0.007808 0.003320 
0.017111 0.017326 0.029422 0.034969 0.151367 
0.087130 0.033470 0.046870 0.049530 0.039770 
0.088610 0.033620 0.036890 0.080480 0.085360 
0.014750 0.040430 0.050680 0.038260 0.040900 
0.069580 0.058540 0.064720 0.010490 0.029920 
37
0.479817 0.014473 0.046210 
0.462778 0.970428 0.462022 
0.057405 0.015099 0.491768 
0.042552 0.002650 0.054489 0.539817 0.013003 
0.044800 0.011118 0.012269 0.048054 0.023982 
0.007433 0.022245 0.016653 0.034924 0.029012 
0.033117 0.027676 0.019409 0.004547 0.012251 
0.087130 0.033470 0.046870 0.049530 0.039770 
0.088610 0.033620 0.036890 0.080480 0.085360 
0.014750 0.040430 0.050680 0.038260 0.040900 
0.069580 0.058540 0.064720 0.010490 0.029920 
38
0.479817 0.014473 0.046210 
0.462778 0.970428 0.462022 
0.057405 0.015099 0.491768 
0.040044 0.002611 0.037918 0.015105 0.005936 
0.731688 0.006059 0.007268 0.016620 0.012438 
0.004473 0.019985 0.013477 0.009693 0.015518 
0.026140 0.015575 0.008295 0.002962 0.008195 
0.087130 0.033470 0.046870 0.049530 0.039770 
0.088610 0.033620 0.036890 0.080480 0.085360 
0.014750 0.040430 0.050680 0.038260 0.040900 
0.069580 0.058540 0.064720 0.010490 0.029920 
39
0.479817 0.014473 0.046210 
0.462778 0.970428 0.462022 
0.057405 0.015099 0.491768 
0.033657 0.007983 0.005798 0.006677 0.029325 
0.010776 0.005040 0.571071 0.007574 0.099300 
0.018896 0.006131 0.008070 0.006625 0.007694 
0.010580 0.017964 0.125357 0.006137 0.015345 
0.087130 0.033470 0.046870 0.049530 0.039770 
0.088610 0.033620 0.036890 0.080480 0.085360 
0.014750 0.040430 0.050680 0.038260 0.040900 
0.069580 0.058540 0.064720 0.010490 0.029920 
40
0.479817 0.014473 0.046210 
0.462778 0.970428 0.462022 
0.057405 0.015099 0.491768 
0.052966 0.004409 0.036563 0.048485 0.012935 
0.029234 0.025230 0.030515 0.408819 0.036330 
0.010544 0.028623 0.032031 0.035032 0.053992 
0.036358 0.033064 0.062235 0.006137 0.016498 
0.087130 0.033470 0.046870 0.049530 0.039770 
0.088610 0.033620 0.036890 0.080480 0.085360 
0.014750 0.040430 0.050680 0.038260 0.040900 
0.069580 0.058540 0.064720 0.010490 0.029920 
41
0.479817 0.014473 0.046210 
0.462778 0.970428 0.462022 
0.057405 0.015099 0.491768 
0.043457 0.009840 0.006202 0.006285 0.029937 
0.016167 0.005286 0.463491 0.008413 0.083356 
0.017933 0.006051 0.009169 0.006139 0.007844 
0.012407 0.024796 0.221475 0.005589 0.016162 
0.087130 0.033470 0.046870 0.049530 0.039770 
0.088610 0.033620 0.036890 0.080480 0.085360 
0.014750 0.040430 0.050680 0.038260 0.040900 
0.069580 0.058540 0.064720 0.010490 0.029920 
42
0.479817 0.014473 0.046210 
0.462778 0.970428 0.462022 
0.057405 0.015099 0.491768 
0.047122 0.004507 0.038260 0.091758 0.015932 
0.034357 0.321571 0.019105 0.066341 0.033454 
0.010439 0.032888 0.021965 0.033160 0.045397 
0.039895 0.089424 0.027201 0.007637 0.019588 
0.087130 0.033470 0.046870 0.049530 0.039770 
0.088610 0.033620 0.036890 0.080480 0.085360 
0.014750 0.040430 0.050680 0.038260 0.040900 
0.069580 0.058540 0.064720 0.010490 0.029920 
43
0.479817 0.014473 0.046210 
0.462778 0.970428 0.462022 
0.057405 0.015099 0.491768 
0.045150 0.002638 0.520114 0.058583 0.008394 
0.038189 0.011322 0.013485 0.035297 0.019307 
0.006132 0.082405 0.016546 0.022189 0.022009 
0.038561 0.029518 0.018288 0.002536 0.009335 
0.087130 0.033470 0.046870 0.049530 0.039770 
0.088610 0.033620 0.036890 0.080480 0.085360 
0.014750 0.040430 0.050680 0.038260 0.040900 
0.069580 0.058540 0.064720 0.010490 0.029920 
44
0.479817 0.014473 0.046210 
0.462778 0.970428 0.462022 
0.057405 0.015099 0.491768 
0.020296 0.005023 0.010400 0.013068 0.069556 
0.015413 0.012236 0.022065 0.012728 0.046113 
0.010990 0.010764 0.009483 0.009650 0.016147 
0.016411 0.015493 0.023208 0.598913 0.062043 
0.087130 0.033470 0.046870 0.049530 0.039770 
0.088610 0.033620 0.036890 0.080480 0.085360 
0.014750 0.040430 0.050680 0.038260 0.040900 
0.069580 0.058540 0.064720 0.010490 0.029920 
45
0.479817 0.014473 0.046210 
0.462778 0.970428 0.462022 
0.057405 0.015099 0.491768 
0.037177 0.002556 0.458642 0.083101 0.008575 
0.036426 0.011465 0.013881 0.035547 0.021553 
0.006219 0.095912 0.016806 0.023822 0.020807 
0.066336 0.031006 0.018617 0.002581 0.008972 
0.087130 0.033470 0.046870 0.049530 0.039770 
0.088610 0.033620 0.036890 0.080480 0.085360 
0.014750 0.040430 0.050680 0.038260 0.040900 
0.069580 0.058540 0.064720 0.010490 0.029920 
46
0.479817 0.014473 0.046210 
0.462778 0.970428 0.462022 
0.057405 0.015099 0.491768 
0.133327 0.002685 0.056668 0.079313 0.011202 
0.080477 0.015098 0.019849 0.249527 0.037214 
0.009060 0.035838 0.019569 0.065035 0.068632 
0.044971 0.029202 0.023400 0.005008 0.013925 
0.087130 0.033470 0.046870 0.049530 0.039770 
0.088610 0.033620 0.036890 0.080480 0.085360 
0.014750 0.040430 0.050680 0.038260 0.040900 
0.069580 0.058540 0.064720 0.010490 0.029920 
47
0.479817 0.014473 0.046210 
0.462778 0.970428 0.462022 
0.057405 0.015099 0.491768 
0.014805 0.004266 0.004373 0.008584 0.048615 
0.011385 0.005129 0.017672 0.006750 0.048054 
0.011623 0.004575 0.004806 0.004406 0.012989 
0.008715 0.007621 0.022870 0.715184 0.037577 
0.087130 0.033470 0.046870 0.049530 0.039770 
0.088610 0.033620 0.036890 0.080480 0.085360 
0.014750 0.040430 0.050680 0.038260 0.040900 
0.069580 0.058540 0.064720 0.010490 0.029920 
48
0.479817 0.014473 0.046210 
0.462778 0.970428 0.462022 
0.057405 0.015099 0.491768 
0.048627 0.001870 0.119220 0.488226 0.010152 
0.026255 0.009555 0.010595 0.039680 0.023194 
0.007273 0.019833 0.015008 0.054362 0.025917 
0.036571 0.026856 0.021453 0.004128 0.011226 
0.087130 0.033470 0.046870 0.049530 0.039770 
0.088610 0.033620 0.036890 0.080480 0.085360 
0.014750 0.040430 0.050680 0.038260 0.040900 
0.069580 0.058540 0.064720 0.010490 0.029920 
49
0.479817 0.014473 0.046210 
0.462778 0.970428 0.462022 
0.057405 0.015099 0.491768 
0.029598 0.002575 0.603301 0.080515 0.007933 
0.029542 0.009697 0.010350 0.028139 0.016796 
0.005074 0.042045 0.015392 0.019350 0.019594 
0.029250 0.023155 0.015445 0.002997 0.009251 
0.087130 0.033470 0.046870 0.049530 0.039770 
0.088610 0.033620 0.036890 0.080480 0.085360 
0.014750 0.040430 0.050680 0.038260 0.040900 
0.069580 0.058540 0.064720 0.010490 0.029920 
50
0.479817 0.014473 0.046210 
0.462778 0.970428 0.462022 
0.057405 0.015099 0.491768 
0.048959 0.004972 0.030176 0.035279 0.010477 
0.032138 0.010850 0.016957 0.032009 0.029097 
0.006296 0.019994 0.571404 0.018760 0.023530 
0.041662 0.028172 0.025898 0.003392 0.009976 
0.087130 0.033470 0.046870 0.049530 0.039770 
0.088610 0.033620 0.036890 0.080480 0.085360 
0.014750 0.040430 0.050680 0.038260 0.040900 
0.069580 0.058540 0.064720 0.010490 0.029920 
51
0.479817 0.014473 0.046210 
0.462778 0.970428 0.462022 
0.057405 0.015099 0.491768 
0.020740 0.005918 0.006467 0.009803 0.663295 
0.013049 0.005869 0.027069 0.007192 0.048576 
0.009847 0.005660 0.007811 0.006879 0.004440 
0.013303 0.014056 0.029452 0.023282 0.077292 
0.087130 0.033470 0.046870 0.049530 0.039770 
0.088610 0.033620 0.036890 0.080480 0.085360 
0.014750 0.040430 0.050680 0.038260 0.040900 
0.069580 0.058540 0.064720 0.010490 0.029920 
52
0.479817 0.014473 0.046210 
0.462778 0.970428 0.462022 
0.057405 0.015099 0.491768 
0.041650 0.003590 0.032877 0.041436 0.011397 
0.029022 0.013957 0.016183 0.075393 0.028788 
0.008819 0.027337 0.019661 0.030013 0.510899 
0.033152 0.031848 0.023607 0.005551 0.014820 
0.087130 0.033470 0.046870 0.049530 0.039770 
0.088610 0.033620 0.036890 0.080480 0.085360 
0.014750 0.040430 0.050680 0.038260 0.040900 
0.069580 0.058540 0.064720 0.010490 0.029920 
53
0.479817 0.014473 0.046210 
0.462778 0.970428 0.462022 
0.057405 0.015099 0.491768 
0.030105 0.006846 0.004578 0.005603 0.027758 
0.009191 0.004437 0.067125 0.005826 0.657338 
0.029549 0.005269 0.006744 0.006115 0.006501 
0.008623 0.015318 0.082927 0.006025 0.014123 
0.087130 0.033470 0.046870 0.049530 0.039770 
0.088610 0.033620 0.036890 0.080480 0.085360 
0.014750 0.040430 0.050680 0.038260 0.040900 
0.069580 0.058540 0.064720 0.010490 0.029920 
54
0.479817 0.014473 0.046210 
0.462778 0.970428 0.462022 
0.057405 0.015099 0.491768 
0.033182 0.004406 0.025634 0.025598 0.011560 
0.027121 0.009670 0.016770 0.025155 0.022290 
0.006575 0.023645 0.017318 0.018338 0.019569 
0.086242 0.583837 0.025890 0.004313 0.012886 
0.087130 0.033470 0.046870 0.049530 0.039770 
0.088610 0.033620 0.036890 0.080480 0.085360 
0.014750 0.040430 0.050680 0.038260 0.040900 
0.069580 0.058540 0.064720 0.010490 0.029920 
55
0.479817 0.014473 0.046210 
0.462778 0.970428 0.462022 
0.057405 0.015099 0.491768 
0.048496 0.008928 0.012913 0.015846 0.042147 
0.019812 0.008439 0.062833 0.016729 0.103049 
0.437860 0.012389 0.012109 0.013446 0.015588 
0.019217 0.024821 0.077739 0.008413 0.039227 
0.087130 0.033470 0.046870 0.049530 0.039770 
0.088610 0.033620 0.036890 0.080480 0.085360 
0.014750 0.040430 0.050680 0.038260 0.040900 
0.069580 0.058540 0.064720 0.010490 0.029920 
56
0.479817 0.014473 0.046210 
0.462778 0.970428 0.462022 
0.057405 0.015099 0.491768 
0.031670 0.002742 0.590437 0.042756 0.008383 
0.029395 0.010666 0.011627 0.032257 0.018791 
0.005781 0.044302 0.020557 0.020939 0.042872 
0.030968 0.025473 0.017015 0.003304 0.010063 
0.087130 0.033470 0.046870 0.049530 0.039770 
0.088610 0.033620 0.036890 0.080480 0.085360 
0.014750 0.040430 0.050680 0.038260 0.040900 
0.069580 0.058540 0.064720 0.010490 0.029920 
57
0.479817 0.014473 0.046210 
0.462778 0.970428 0.462022 
0.057405 0.015099 0.491768 
0.494213 0.006888 0.034230 0.058387 0.014946 
0.037129 0.012120 0.020858 0.037160 0.034538 
0.010473 0.029574 0.017560 0.025357 0.029663 
0.048637 0.032148 0.034426 0.005670 0.016023 
0.087130 0.033470 0.046870 0.049530 0.039770 
0.088610 0.033620 0.036890 0.080480 0.085360 
0.014750 0.040430 0.050680 0.038260 0.040900 
0.069580 0.058540 0.064720 0.010490 0.029920 
58
0.479817 0.014473 0.046210 
0.462778 0.970428 0.462022 
0.057405 0.015099 0.491768 
0.028827 0.008871 0.015986 0.018441 0.101567 
0.018849 0.028143 0.030091 0.019221 0.056298 
0.014314 0.017937 0.013214 0.013857 0.019698 
0.023294 0.021437 0.033011 0.030404 0.486539 
0.087130 0.033470 0.046870 0.049530 0.039770 
0.088610 0.033620 0.036890 0.080480 0.085360 
0.014750 0.040430 0.050680 0.038260 0.040900 
0.069580 0.058540 0.064720 0.010490 0.029920 
59
0.479817 0.014473 0.046210 
0.462778 0.970428 0.462022 
0.057405 0.015099 0.491768 
0.015683 0.004214 0.005342 0.008910 0.038383 
0.012224 0.005191 0.018363 0.007314 0.046822 
0.011229 0.005160 0.005463 0.004863 0.012594 
0.009196 0.008365 0.038647 0.709587 0.032450 
0.087130 0.033470 0.046870 0.049530 0.039770 
0.088610 0.033620 0.036890 0.080480 0.085360 
0.014750 0.040430 0.050680 0.038260 0.040900 
0.069580 0.058540 0.064720 0.010490 0.029920 
60
0.479817 0.014473 0.046210 
0.462778 0.970428 0.462022 
0.057405 0.015099 0.491768 
0.043736 0.003467 0.034132 0.044223 0.011070 
0.028201 0.021083 0.015881 0.520183 0.028505 
0.010816 0.028156 0.019581 0.031930 0.047420 
0.035917 0.032443 0.023262 0.005428 0.014566 
0.087130 0.033470 0.046870 0.049530 0.039770 
0.088610 0.033620 0.036890 0.080480 0.085360 
0.014750 0.040430 0.050680 0.038260 0.040900 
0.069580 0.058540 0.064720 0.010490 0.029920 
61
0.479817 0.014473 0.046210 
0.462778 0.970428 0.462022 
0.057405 0.015099 0.491768 
0.021456 0.005388 0.005732 0.009717 0.228393 
0.012214 0.019953 0.025277 0.009913 0.039104 
0.009766 0.010802 0.006287 0.010068 0.013848 
0.018923 0.018216 0.038022 0.026308 0.470612 
0.087130 0.033470 0.046870 0.049530 0.039770 
0.088610 0.033620 0.036890 0.080480 0.085360 
0.014750 0.040430 0.050680 0.038260 0.040900 
0.069580 0.058540 0.064720 0.010490 0.029920 
62
0.479817 0.014473 0.046210 
0.462778 0.970428 0.462022 
0.057405 0.015099 0.491768 
0.037675 0.003879 0.030504 0.036169 0.012122 
0.030436 0.012484 0.016715 0.037966 0.029530 
0.008327 0.023818 0.018884 0.570221 0.030064 
0.029847 0.028333 0.023778 0.005258 0.013988 
0.087130 0.033470 0.046870 0.049530 0.039770 
0.088610 0.033620 0.036890 0.080480 0.085360 
0.014750 0.040430 0.050680 0.038260 0.040900 
0.069580 0.058540 0.064720 0.010490 0.029920 
63
0.479817 0.014473 0.046210 
0.462778 0.970428 0.462022 
0.057405 0.015099 0.491768 
0.153558 0.005753 0.028658 0.022855 0.011247 
0.457802 0.008277 0.016762 0.026012 0.026097 
0.009832 0.032781 0.017028 0.016050 0.022424 
0.077103 0.026524 0.022890 0.004794 0.013553 
0.087130 0.033470 0.046870 0.049530 0.039770 
0.088610 0.033620 0.036890 0.080480 0.085360 
0.014750 0.040430 0.050680 0.038260 0.040900 
0.069580 0.058540 0.064720 0.010490 0.029920 
64
0.479817 0.014473 0.046210 
0.462778 0.970428 0.462022 
0.057405 0.015099 0.491768 
0.038813 0.002526 0.061289 0.578427 0.009479 
0.036202 0.010236 0.010827 0.035608 0.021368 
0.006545 0.020259 0.015912 0.031434 0.025786 
0.030533 0.031656 0.017526 0.004211 0.011363 
0.087130 0.033470 0.046870 0.049530 0.039770 
0.088610 0.033620 0.036890 0.080480 0.085360 
0.014750 0.040430 0.050680 0.038260 0.040900 
0.069580 0.058540 0.064720 0.010490 0.029920 
65
0.479817 0.014473 0.046210 
0.462778 0.970428 0.462022 
0.057405 0.015099 0.491768 
0.047178 0.005141 0.044891 0.070743 0.011667 
0.035847 0.019258 0.018732 0.370575 0.033303 
0.010326 0.037008 0.028769 0.046857 0.090542 
0.045002 0.039058 0.026043 0.004705 0.014354 
0.087130 0.033470 0.046870 0.049530 0.039770 
0.088610 0.033620 0.036890 0.080480 0.085360 
0.014750 0.040430 0.050680 0.038260 0.040900 
0.069580 0.058540 0.064720 0.010490 0.029920 
66
0.479817 0.014473 0.046210 
0.462778 0.970428 0.462022 
0.057405 0.015099 0.491768 
0.037581 0.002376 0.085426 0.587332 0.009172 
0.027127 0.009544 0.009880 0.032841 0.019974 
0.006058 0.018804 0.015394 0.030773 0.023470 
0.029547 0.023561 0.016372 0.003990 0.010780 
0.087130 0.033470 0.046870 0.049530 0.039770 
0.088610 0.033620 0.036890 0.080480 0.085360 
0.014750 0.040430 0.050680 0.038260 0.040900 
0.069580 0.058540 0.064720 0.010490 0.029920 
67
0.479817 0.014473 0.046210 
0.462778 0.970428 0.462022 
0.057405 0.015099 0.491768 
0.063000 0.003436 0.042848 0.047349 0.012120 
0.028622 0.014452 0.019335 0.172979 0.033909 
0.010184 0.028271 0.019593 0.033599 0.339795 
0.043306 0.039135 0.025967 0.006035 0.016066 
0.087130 0.033470 0.046870 0.049530 0.039770 
0.088610 0.033620 0.036890 0.080480 0.085360 
0.014750 0.040430 0.050680 0.038260 0.040900 
0.069580 0.058540 0.064720 0.010490 0.029920 
68
0.479817 0.014473 0.046210 
0.462778 0.970428 0.462022 
0.057405 0.015099 0.491768 
0.043990 0.003357 0.034215 0.044362 0.010654 
0.053409 0.013948 0.015146 0.494033 0.027311 
0.008394 0.027820 0.019416 0.031772 0.048905 
0.042218 0.039226 0.022364 0.005272 0.014187 
0.087130 0.033470 0.046870 0.049530 0.039770 
0.088610 0.033620 0.036890 0.080480 0.085360 
0.014750 0.040430 0.050680 0.038260 0.040900 
0.069580 0.058540 0.064720 0.010490 0.029920 
69
0.479817 0.014473 0.046210 
0.462778 0.970428 0.462022 
0.057405 0.015099 0.491768 
0.034987 0.006805 0.004773 0.005840 0.033555 
0.009389 0.004490 0.065349 0.006081 0.654887 
0.018930 0.005411 0.006808 0.006061 0.006683 
0.008845 0.019641 0.081417 0.005984 0.014064 
0.087130 0.033470 0.046870 0.049530 0.039770 
0.088610 0.033620 0.036890 0.080480 0.085360 
0.014750 0.040430 0.050680 0.038260 0.040900 
0.069580 0.058540 0.064720 0.010490 0.029920 
70
0.479817 0.014473 0.046210 
0.462778 0.970428 0.462022 
0.057405 0.015099 0.491768 
0.019652 0.003570 0.012782 0.012690 0.043042 
0.028963 0.011706 0.013129 0.016696 0.023409 
0.005903 0.010815 0.010235 0.009576 0.013147 
0.016612 0.015172 0.020742 0.010762 0.701397 
0.087130 0.033470 0.046870 0.049530 0.039770 
0.088610 0.033620 0.036890 0.080480 0.085360 
0.014750 0.040430 0.050680 0.038260 0.040900 
0.069580 0.058540 0.064720 0.010490 0.029920 
71
0.479817 0.014473 0.046210 
0.462778 0.970428 0.462022 
0.057405 0.020080 0.486528 
0.622917 0.007236 0.018721 0.020263 0.014697 
0.034631 0.008506 0.020147 0.019357 0.032581 
0.009129 0.014881 0.013985 0.014172 0.017126 
0.056636 0.023072 0.033529 0.004805 0.013609 
0.087129 0.033470 0.046870 0.049530 0.039770 
0.088609 0.033620 0.036898 0.080479 0.085359 
0.014750 0.040430 0.050680 0.038260 0.040900 
0.069579 0.058539 0.064719 0.010490 0.029920 
72
0.479817 0.014473 0.045718 
0.462778 0.965447 0.467754 
0.057405 0.015099 0.491768 
0.035057 0.010006 0.005374 0.004908 0.029042 
0.010041 0.004819 0.400761 0.007415 0.078043 
0.014677 0.005119 0.008855 0.004972 0.006736 
0.011252 0.021448 0.320949 0.005059 0.015467 
0.087130 0.033470 0.046870 0.049530 0.039770 
0.088610 0.033620 0.036890 0.080480 0.085360 
0.014750 0.040430 0.050680 0.038260 0.040900 
0.069580 0.058540 0.064720 0.010490 0.029920 
73
0.479817 0.014473 0.046210 
0.462778 0.970428 0.462022 
0.057405 0.015099 0.491768 
0.043848 0.010702 0.008503 0.007883 0.042532 
0.015334 0.006669 0.387740 0.013069 0.161010 
0.020235 0.007487 0.010240 0.007843 0.013350 
0.015954 0.024080 0.178230 0.006526 0.018764 
0.087130 0.033470 0.046870 0.049530 0.039770 
0.088610 0.033620 0.036890 0.080480 0.085360 
0.014750 0.040430 0.050680 0.038260 0.040900 
0.069580 0.058540 0.064720 0.010490 0.029920 
74
0.479817 0.014473 0.046210 
0.462778 0.970428 0.462022 
0.057405 0.015099 0.491768 
0.040143 0.002691 0.511451 0.063544 0.008627 
0.033159 0.011580 0.013616 0.035943 0.019852 
0.006309 0.082346 0.016917 0.023123 0.022756 
0.046946 0.030001 0.018711 0.002655 0.009633 
0.087130 0.033470 0.046870 0.049530 0.039770 
0.088610 0.033620 0.036890 0.080480 0.085360 
0.014750 0.040430 0.050680 0.038260 0.040900 
0.069580 0.058540 0.064720 0.010490 0.029920 
75
0.479817 0.014473 0.046210 
0.462778 0.970428 0.462022 
0.057405 0.015099 0.491768 
0.495590 0.010163 0.019662 0.023404 0.020231 
0.041621 0.009351 0.025874 0.021777 0.040645 
0.011946 0.016495 0.014636 0.016764 0.019435 
0.109340 0.035072 0.045527 0.005718 0.016749 
0.087130 0.033470 0.046870 0.049530 0.039770 
0.088610 0.033620 0.036890 0.080480 0.085360 
0.014750 0.040430 0.050680 0.038260 0.040900 
0.069580 0.058540 0.064720 0.010490 0.029920 
76
0.479817 0.014473 0.046210 
0.462778 0.970428 0.462022 
0.057405 0.015099 0.491768 
0.026826 0.007258 0.004616 0.008892 0.579966 
0.010245 0.007287 0.052842 0.006836 0.089605 
0.016988 0.005200 0.007082 0.007197 0.004701 
0.012802 0.015937 0.053426 0.022652 0.059644 
0.087130 0.033470 0.046870 0.049530 0.039770 
0.088610 0.033620 0.036890 0.080480 0.085360 
0.014750 0.040430 0.050680 0.038260 0.040900 
0.069580 0.058540 0.064720 0.010490 0.029920 
77
0.479817 0.014473 0.046210 
0.462778 0.970428 0.462022 
0.057405 0.015099 0.491768 
0.252043 0.005417 0.041388 0.063258 0.015365 
0.034868 0.014436 0.022736 0.055451 0.039345 
0.011152 0.032347 0.019123 0.196298 0.039345 
0.058695 0.033992 0.041881 0.006035 0.016824 
0.087130 0.033470 0.046870 0.049530 0.039770 
0.088610 0.033620 0.036890 0.080480 0.085360 
0.014750 0.040430 0.050680 0.038260 0.040900 
0.069580 0.058540 0.064720 0.010490 0.029920 
78
0.479817 0.014473 0.046210 
0.462778 0.970428 0.462022 
0.057405 0.015099 0.491768 
0.044472 0.003733 0.035917 0.046282 0.011846 
0.029947 0.014661 0.016626 0.049902 0.029766 
0.009164 0.032013 0.020438 0.461103 0.079051 
0.035561 0.033913 0.024531 0.005721 0.015354 
0.087130 0.033470 0.046870 0.049530 0.039770 
0.088610 0.033620 0.036890 0.080480 0.085360 
0.014750 0.040430 0.050680 0.038260 0.040900 
0.069580 0.058540 0.064720 0.010490 0.029920 
79
0.479817 0.014473 0.046210 
0.462778 0.970428 0.462022 
0.057405 0.015099 0.491768 
0.049673 0.004475 0.047907 0.036338 0.012370 
0.043857 0.014310 0.014465 0.038686 0.025727 
0.007817 0.453944 0.022243 0.025345 0.030256 
0.098051 0.032901 0.021437 0.005479 0.014717 
0.087130 0.033470 0.046870 0.049530 0.039770 
0.088610 0.033620 0.036890 0.080480 0.085360 
0.014750 0.040430 0.050680 0.038260 0.040900 
0.069580 0.058540 0.064720 0.010490 0.029920 
80
0.479817 0.014473 0.046210 
0.462778 0.970428 0.462022 
0.057405 0.079896 0.431339 
0.051784 0.004502 0.055223 0.042635 0.012855 
0.058843 0.016132 0.015227 0.055135 0.027517 
0.008706 0.407196 0.023814 0.045751 0.036299 
0.059279 0.035038 0.022258 0.005942 0.015865 
0.087141 0.033466 0.046865 0.049524 0.039765 
0.088693 0.033616 0.036886 0.080471 0.085350 
0.014748 0.040425 0.050674 0.038256 0.040895 
0.069572 0.058533 0.064713 0.010489 0.029917 
81
0.479817 0.014473 0.040532 
0.462778 0.905630 0.528129 
0.057405 0.015099 0.491768 
0.066089 0.004674 0.041252 0.053362 0.015880 
0.052088 0.063841 0.021640 0.054517 0.051618 
0.011325 0.031661 0.021408 0.330178 0.041188 
0.040339 0.043821 0.029521 0.006934 0.018665 
0.087130 0.033470 0.046870 0.049530 0.039770 
0.088610 0.033620 0.036890 0.080480 0.085360 
0.014750 0.040430 0.050680 0.038260 0.040900 
0.069580 0.058540 0.064720 0.010490 0.029920 
82
0.479817 0.014473 0.046210 
0.462778 0.970428 0.462022 
0.057405 0.015099 0.491768 
0.048808 0.009554 0.011846 0.012738 0.230781 
0.019665 0.011152 0.060361 0.011603 0.318526 
0.038142 0.012114 0.010075 0.019391 0.012460 
0.017275 0.022753 0.064364 0.013248 0.055145 
0.087130 0.033470 0.046870 0.049530 0.039770 
0.088610 0.033620 0.036890 0.080480 0.085360 
0.014750 0.040430 0.050680 0.038260 0.040900 
0.069580 0.058540 0.064720 0.010490 0.029920 
83
0.479817 0.014473 0.046210 
0.462778 0.970428 0.462022 
0.057405 0.015099 0.491768 
0.044095 0.005769 0.092627 0.059399 0.015685 
0.117657 0.019524 0.014724 0.048018 0.027175 
0.008636 0.293637 0.029008 0.027887 0.031515 
0.072587 0.047675 0.020118 0.006759 0.017507 
0.087130 0.033470 0.046870 0.049530 0.039770 
0.088610 0.033620 0.036890 0.080480 0.085360 
0.014750 0.040430 0.050680 0.038260 0.040900 
