%  SAM: modelfromalign v3.5 (July 15, 2005) compiled 12/05/20_11:48:22
%  (c) 1992-2001 Regents of the University of California, Santa Cruz
%
%          Sequence Alignment and Modeling Software System
%         http://www.cse.ucsc.edu/research/compbio/sam.html
%
% ----------------- Citations (SAM, SAM-T2K, HMMs) --------------------
% R. Hughey, A. Krogh, Hidden Markov models for sequence analysis:
%  Extension and analysis of the basic method, CABIOS 12:95-107, 1996.
% K. Karplus, et al., What is the value added by human intervention in protein
%  structure prediction, Proteins: Stucture, Function, Genetics 45(S5):86--91, 2001.
% A. Krogh et al., Hidden Markov models in computational biology:
%  Applications to protein modeling, JMB 235:1501-1531, Feb 1994.
% ---------------------------------------------------------------------
%  last   Host: gauntlet    Thu Feb 11 16:21:37 2021
%  dgpinheiro   Dir:  /data/GitHub/sfFinder/example/output/subfamily/TEST1/flowerpower/fp-workspace/final
% ---------------------------------------------------------------------
% Prior File:  Internal (Name: recode3.20comp) 
%   20 priors on 20 characters.
%  Alignment weights from internal calc.  Total (1.57) Max (0.00) Min (0.00)
%  Weights from alignment method 1 (karplus), b=0.500000, e=0.500000
MODEL --  Model from alignment file last.a2m
alphabet protein
FREQAVE
0.000000 0.000000 0.000000 
0.000000 0.000000 0.000000 
0.000000 0.000000 0.000000 
0.073366 0.015731 0.056938 0.066613 0.049655 
0.061768 0.028683 0.052055 0.058198 0.085039 
0.025996 0.041873 0.045380 0.042494 0.052400 
0.059160 0.053814 0.060939 0.022990 0.046909 
0.073366 0.015731 0.056938 0.066613 0.049655 
0.061768 0.028683 0.052055 0.058198 0.085039 
0.025996 0.041873 0.045380 0.042494 0.052400 
0.059160 0.053814 0.060939 0.022990 0.046909 
Begin
0.000000 0.000000 0.000000 
0.000000 0.000000 0.000000 
0.000000 0.102655 0.805442 
0.000000 0.000000 0.000000 0.000000 0.000000 
0.000000 0.000000 0.000000 0.000000 0.000000 
0.000000 0.000000 0.000000 0.000000 0.000000 
0.000000 0.000000 0.000000 0.000000 0.000000 
0.087135 0.033412 0.046877 0.049460 0.039687 
0.088502 0.033556 0.036842 0.080764 0.085459 
0.014906 0.040443 0.050641 0.038240 0.040935 
0.069509 0.058601 0.064641 0.010468 0.029922 
1
0.000000 0.014473 0.062158 
0.000000 0.882872 0.132400 
0.042026 0.016442 0.491768 
0.073849 0.011341 0.055382 0.077859 0.031255 
0.050288 0.025736 0.049513 0.089142 0.078273 
0.026549 0.045530 0.043371 0.049018 0.065838 
0.064217 0.059435 0.061456 0.010921 0.031030 
0.087130 0.033470 0.046870 0.049530 0.039770 
0.088610 0.033620 0.036890 0.080480 0.085360 
0.014750 0.040430 0.050680 0.038260 0.040900 
0.069580 0.058540 0.064720 0.010490 0.029920 
2
0.618666 0.015761 0.046210 
0.339307 0.967797 0.462022 
0.042048 0.016440 0.491768 
0.074739 0.010126 0.063498 0.084080 0.026698 
0.060192 0.025813 0.038238 0.088947 0.061874 
0.018736 0.050333 0.054556 0.049766 0.074188 
0.069149 0.060331 0.050480 0.009851 0.028406 
0.087130 0.033470 0.046870 0.049530 0.039770 
0.088610 0.033620 0.036890 0.080480 0.085360 
0.014750 0.040430 0.050680 0.038260 0.040900 
0.069580 0.058540 0.064720 0.010490 0.029920 
3
0.617844 0.015758 0.046210 
0.340108 0.967802 0.462022 
0.042095 0.016433 0.491768 
0.075283 0.013325 0.039952 0.058160 0.039798 
0.039698 0.021959 0.079821 0.058221 0.137312 
0.030767 0.034545 0.039807 0.038387 0.050279 
0.053063 0.053742 0.090968 0.012015 0.032897 
0.087130 0.033470 0.046870 0.049530 0.039770 
0.088610 0.033620 0.036890 0.080480 0.085360 
0.014750 0.040430 0.050680 0.038260 0.040900 
0.069580 0.058540 0.064720 0.010490 0.029920 
4
0.618547 0.015752 0.046210 
0.339357 0.967814 0.462022 
0.042095 0.016433 0.491768 
0.074470 0.011193 0.066467 0.075944 0.029588 
0.077857 0.027171 0.039441 0.070181 0.067469 
0.019285 0.061384 0.047580 0.045919 0.059332 
0.071320 0.060815 0.051646 0.010886 0.032052 
0.087130 0.033470 0.046870 0.049530 0.039770 
0.088610 0.033620 0.036890 0.080480 0.085360 
0.014750 0.040430 0.050680 0.038260 0.040900 
0.069580 0.058540 0.064720 0.010490 0.029920 
5
0.618547 0.015752 0.046210 
0.339357 0.967814 0.462022 
0.042095 0.016433 0.491768 
0.077863 0.012022 0.054511 0.075319 0.033208 
0.050080 0.024899 0.051036 0.071051 0.092181 
0.023279 0.045847 0.049439 0.046073 0.060199 
0.064166 0.060179 0.064689 0.011180 0.032780 
0.087130 0.033470 0.046870 0.049530 0.039770 
0.088610 0.033620 0.036890 0.080480 0.085360 
0.014750 0.040430 0.050680 0.038260 0.040900 
0.069580 0.058540 0.064720 0.010490 0.029920 
6
0.460775 0.015752 0.046210 
0.497129 0.967814 0.462022 
0.049981 0.015617 0.491768 
0.064070 0.004567 0.044867 0.058731 0.016633 
0.038143 0.018155 0.026739 0.145789 0.045906 
0.013570 0.035429 0.025590 0.041306 0.271359 
0.044418 0.040458 0.034798 0.008075 0.021398 
0.087130 0.033470 0.046870 0.049530 0.039770 
0.088610 0.033620 0.036890 0.080480 0.085360 
0.014750 0.040430 0.050680 0.038260 0.040900 
0.069580 0.058540 0.064720 0.010490 0.029920 
7
0.547091 0.014970 0.046210 
0.402928 0.969413 0.462022 
0.049981 0.015617 0.491768 
0.066956 0.003321 0.130882 0.313287 0.014923 
0.037904 0.015048 0.017718 0.059212 0.034604 
0.010334 0.032925 0.021907 0.051580 0.046277 
0.055834 0.037357 0.026577 0.006410 0.016943 
0.087130 0.033470 0.046870 0.049530 0.039770 
0.088610 0.033620 0.036890 0.080480 0.085360 
0.014750 0.040430 0.050680 0.038260 0.040900 
0.069580 0.058540 0.064720 0.010490 0.029920 
8
0.547091 0.014970 0.046210 
0.402928 0.969413 0.462022 
0.049981 0.015617 0.491768 
0.072136 0.004281 0.090166 0.067456 0.015421 
0.041236 0.018144 0.024284 0.274047 0.042519 
0.012187 0.047047 0.027736 0.045050 0.066352 
0.048079 0.045070 0.031958 0.007242 0.019588 
0.087130 0.033470 0.046870 0.049530 0.039770 
0.088610 0.033620 0.036890 0.080480 0.085360 
0.014750 0.040430 0.050680 0.038260 0.040900 
0.069580 0.058540 0.064720 0.010490 0.029920 
9
0.547091 0.014970 0.046210 
0.402928 0.969413 0.462022 
0.049981 0.015617 0.491768 
0.040982 0.007434 0.017821 0.021396 0.094133 
0.028119 0.021009 0.034659 0.021131 0.058140 
0.014719 0.018263 0.014363 0.017372 0.022659 
0.029105 0.028075 0.047381 0.032446 0.430792 
0.087130 0.033470 0.046870 0.049530 0.039770 
0.088610 0.033620 0.036890 0.080480 0.085360 
0.014750 0.040430 0.050680 0.038260 0.040900 
0.069580 0.058540 0.064720 0.010490 0.029920 
10
0.545869 0.014970 0.046210 
0.404150 0.969413 0.462022 
0.050042 0.015612 0.491768 
0.239818 0.011739 0.036719 0.043351 0.032401 
0.056215 0.017970 0.051175 0.044340 0.076886 
0.021362 0.029443 0.026491 0.032703 0.048913 
0.048942 0.047203 0.074291 0.011014 0.049022 
0.087130 0.033470 0.046870 0.049530 0.039770 
0.088610 0.033620 0.036890 0.080480 0.085360 
0.014750 0.040430 0.050680 0.038260 0.040900 
0.069580 0.058540 0.064720 0.010490 0.029920 
11
0.546537 0.014965 0.046210 
0.403421 0.969423 0.462022 
0.050042 0.015612 0.491768 
0.072938 0.008638 0.081577 0.052361 0.031464 
0.068528 0.024947 0.038708 0.051372 0.072481 
0.017045 0.055666 0.040452 0.033505 0.044309 
0.126583 0.086393 0.046971 0.012689 0.033371 
0.087130 0.033470 0.046870 0.049530 0.039770 
0.088610 0.033620 0.036890 0.080480 0.085360 
0.014750 0.040430 0.050680 0.038260 0.040900 
0.069580 0.058540 0.064720 0.010490 0.029920 
12
0.419517 0.014965 0.046210 
0.530441 0.969423 0.462022 
0.057323 0.015104 0.491768 
0.057553 0.010665 0.012381 0.014071 0.043663 
0.021884 0.009899 0.091817 0.015109 0.277445 
0.220218 0.012076 0.011617 0.013280 0.016235 
0.018091 0.038224 0.081666 0.009860 0.024245 
0.087130 0.033470 0.046870 0.049530 0.039770 
0.088610 0.033620 0.036890 0.080480 0.085360 
0.014750 0.040430 0.050680 0.038260 0.040900 
0.069580 0.058540 0.064720 0.010490 0.029920 
13
0.480557 0.014478 0.046210 
0.462119 0.970418 0.462022 
0.057323 0.015104 0.491768 
0.087040 0.006980 0.033370 0.036327 0.018565 
0.034211 0.013123 0.029285 0.035963 0.039376 
0.014304 0.032018 0.022239 0.026731 0.027912 
0.090964 0.383212 0.042927 0.006397 0.019055 
0.087130 0.033470 0.046870 0.049530 0.039770 
0.088610 0.033620 0.036890 0.080480 0.085360 
0.014750 0.040430 0.050680 0.038260 0.040900 
0.069580 0.058540 0.064720 0.010490 0.029920 
14
0.479840 0.014478 0.046210 
0.462837 0.970418 0.462022 
0.057365 0.015101 0.491768 
0.048938 0.004566 0.036611 0.044966 0.014828 
0.034987 0.015517 0.021649 0.050325 0.037693 
0.010907 0.029820 0.022524 0.032166 0.456633 
0.037003 0.046299 0.029982 0.006731 0.017854 
0.087130 0.033470 0.046870 0.049530 0.039770 
0.088610 0.033620 0.036890 0.080480 0.085360 
0.014750 0.040430 0.050680 0.038260 0.040900 
0.069580 0.058540 0.064720 0.010490 0.029920 
15
0.480184 0.014476 0.046210 
0.462451 0.970423 0.462022 
0.057365 0.015101 0.491768 
0.046239 0.003956 0.365709 0.059438 0.012542 
0.117533 0.014724 0.016394 0.041613 0.025957 
0.008136 0.078343 0.022081 0.029800 0.029819 
0.049993 0.036719 0.022532 0.004636 0.013833 
0.087130 0.033470 0.046870 0.049530 0.039770 
0.088610 0.033620 0.036890 0.080480 0.085360 
0.014750 0.040430 0.050680 0.038260 0.040900 
0.069580 0.058540 0.064720 0.010490 0.029920 
16
0.480184 0.014476 0.046210 
0.462451 0.970423 0.462022 
0.057365 0.015101 0.491768 
0.038137 0.008022 0.007603 0.009309 0.031837 
0.012836 0.006092 0.061469 0.009882 0.607373 
0.027895 0.007946 0.008949 0.008861 0.010013 
0.012418 0.028884 0.078242 0.007175 0.017057 
0.087130 0.033470 0.046870 0.049530 0.039770 
0.088610 0.033620 0.036890 0.080480 0.085360 
0.014750 0.040430 0.050680 0.038260 0.040900 
0.069580 0.058540 0.064720 0.010490 0.029920 
17
0.479479 0.014476 0.046210 
0.463157 0.970423 0.462022 
0.057405 0.015099 0.491768 
0.155135 0.007218 0.060414 0.035350 0.019507 
0.318670 0.016088 0.025704 0.035383 0.038543 
0.013102 0.049735 0.024737 0.023691 0.026972 
0.056467 0.033930 0.030681 0.007983 0.020690 
0.087130 0.033470 0.046870 0.049530 0.039770 
0.088610 0.033620 0.036890 0.080480 0.085360 
0.014750 0.040430 0.050680 0.038260 0.040900 
0.069580 0.058540 0.064720 0.010490 0.029920 
18
0.479817 0.014473 0.046210 
0.462778 0.970428 0.462022 
0.057405 0.015099 0.491768 
0.017255 0.004857 0.008423 0.010386 0.034661 
0.016989 0.005941 0.017188 0.008667 0.042730 
0.010221 0.006903 0.007748 0.005731 0.013012 
0.011226 0.009898 0.022428 0.716032 0.029704 
0.087130 0.033470 0.046870 0.049530 0.039770 
0.088610 0.033620 0.036890 0.080480 0.085360 
0.014750 0.040430 0.050680 0.038260 0.040900 
0.069580 0.058540 0.064720 0.010490 0.029920 
19
0.479817 0.014473 0.046210 
0.462778 0.970428 0.462022 
0.057405 0.015099 0.491768 
0.078086 0.002083 0.152092 0.346208 0.012514 
0.032313 0.011320 0.012990 0.051323 0.028505 
0.008531 0.025520 0.017315 0.060947 0.031372 
0.051680 0.038199 0.020931 0.004881 0.013191 
0.087130 0.033470 0.046870 0.049530 0.039770 
0.088610 0.033620 0.036890 0.080480 0.085360 
0.014750 0.040430 0.050680 0.038260 0.040900 
0.069580 0.058540 0.064720 0.010490 0.029920 
20
0.479817 0.014473 0.046210 
0.462778 0.970428 0.462022 
0.057405 0.015099 0.491768 
0.059077 0.008012 0.034894 0.035471 0.035397 
0.040860 0.014558 0.038275 0.034374 0.064323 
0.013940 0.033464 0.057532 0.026101 0.027397 
0.083202 0.310211 0.051675 0.008024 0.023212 
0.087130 0.033470 0.046870 0.049530 0.039770 
0.088610 0.033620 0.036890 0.080480 0.085360 
0.014750 0.040430 0.050680 0.038260 0.040900 
0.069580 0.058540 0.064720 0.010490 0.029920 
21
0.479817 0.014473 0.046210 
0.462778 0.970428 0.462022 
0.057405 0.015099 0.491768 
0.047949 0.006705 0.034977 0.032992 0.016010 
0.039342 0.011835 0.024508 0.029774 0.025043 
0.008392 0.036800 0.023305 0.023994 0.021426 
0.233318 0.320279 0.039896 0.005466 0.017989 
0.087130 0.033470 0.046870 0.049530 0.039770 
0.088610 0.033620 0.036890 0.080480 0.085360 
0.014750 0.040430 0.050680 0.038260 0.040900 
0.069580 0.058540 0.064720 0.010490 0.029920 
22
0.479817 0.014473 0.046210 
0.462778 0.970428 0.462022 
0.057405 0.015099 0.491768 
0.027157 0.005000 0.015304 0.015602 0.053324 
0.024157 0.013844 0.023132 0.015628 0.038178 
0.009249 0.013216 0.012527 0.011960 0.016037 
0.020464 0.019554 0.030909 0.013139 0.621619 
0.087130 0.033470 0.046870 0.049530 0.039770 
0.088610 0.033620 0.036890 0.080480 0.085360 
0.014750 0.040430 0.050680 0.038260 0.040900 
0.069580 0.058540 0.064720 0.010490 0.029920 
23
0.479817 0.014473 0.046210 
0.462778 0.970428 0.462022 
0.057405 0.015099 0.491768 
0.068554 0.003694 0.073364 0.254372 0.015911 
0.035873 0.015794 0.021054 0.062396 0.039214 
0.011401 0.031442 0.021873 0.137023 0.050293 
0.046433 0.036726 0.049313 0.006965 0.018305 
0.087130 0.033470 0.046870 0.049530 0.039770 
0.088610 0.033620 0.036890 0.080480 0.085360 
0.014750 0.040430 0.050680 0.038260 0.040900 
0.069580 0.058540 0.064720 0.010490 0.029920 
24
0.479817 0.014473 0.046210 
0.462778 0.970428 0.462022 
0.057405 0.015099 0.491768 
0.062676 0.004564 0.057073 0.037526 0.020491 
0.043517 0.012005 0.029309 0.054797 0.047014 
0.007291 0.033176 0.342451 0.026363 0.035487 
0.068326 0.048501 0.043207 0.006864 0.019364 
0.087130 0.033470 0.046870 0.049530 0.039770 
0.088610 0.033620 0.036890 0.080480 0.085360 
0.014750 0.040430 0.050680 0.038260 0.040900 
0.069580 0.058540 0.064720 0.010490 0.029920 
25
0.479817 0.014473 0.046210 
0.462778 0.970428 0.462022 
0.057405 0.015099 0.491768 
0.075361 0.008134 0.041494 0.067655 0.030493 
0.051821 0.021592 0.056771 0.064072 0.073003 
0.172357 0.033872 0.026936 0.035495 0.056941 
0.041834 0.042551 0.055304 0.012298 0.032018 
0.087130 0.033470 0.046870 0.049530 0.039770 
0.088610 0.033620 0.036890 0.080480 0.085360 
0.014750 0.040430 0.050680 0.038260 0.040900 
0.069580 0.058540 0.064720 0.010490 0.029920 
26
0.479817 0.014473 0.046210 
0.462778 0.970428 0.462022 
0.057405 0.015099 0.491768 
0.056369 0.003105 0.371597 0.114560 0.011738 
0.038652 0.013727 0.015785 0.050568 0.026400 
0.008240 0.065745 0.020283 0.043632 0.029891 
0.054671 0.035338 0.022538 0.004204 0.012956 
0.087130 0.033470 0.046870 0.049530 0.039770 
0.088610 0.033620 0.036890 0.080480 0.085360 
0.014750 0.040430 0.050680 0.038260 0.040900 
0.069580 0.058540 0.064720 0.010490 0.029920 
27
0.479817 0.014473 0.046210 
0.462778 0.970428 0.462022 
0.057405 0.015099 0.491768 
0.072719 0.003326 0.088225 0.136976 0.012824 
0.034402 0.016225 0.020245 0.269698 0.037338 
0.010202 0.034303 0.022386 0.054979 0.052407 
0.045232 0.034842 0.031489 0.005950 0.016233 
0.087130 0.033470 0.046870 0.049530 0.039770 
0.088610 0.033620 0.036890 0.080480 0.085360 
0.014750 0.040430 0.050680 0.038260 0.040900 
0.069580 0.058540 0.064720 0.010490 0.029920 
28
0.479817 0.014473 0.046210 
0.462778 0.970428 0.462022 
0.057405 0.015099 0.491768 
0.060852 0.012343 0.007155 0.006599 0.033959 
0.014153 0.006098 0.218991 0.009651 0.091675 
0.016663 0.006646 0.011020 0.006438 0.008755 
0.015366 0.027383 0.421565 0.005925 0.018764 
0.087130 0.033470 0.046870 0.049530 0.039770 
0.088610 0.033620 0.036890 0.080480 0.085360 
0.014750 0.040430 0.050680 0.038260 0.040900 
0.069580 0.058540 0.064720 0.010490 0.029920 
29
0.479817 0.014473 0.046210 
0.462778 0.970428 0.462022 
0.057405 0.015099 0.491768 
0.028787 0.007197 0.008644 0.012687 0.586397 
0.015555 0.007550 0.038178 0.010524 0.064709 
0.013595 0.008001 0.009565 0.009447 0.007652 
0.016506 0.018229 0.040451 0.023658 0.072667 
0.087130 0.033470 0.046870 0.049530 0.039770 
0.088610 0.033620 0.036890 0.080480 0.085360 
0.014750 0.040430 0.050680 0.038260 0.040900 
0.069580 0.058540 0.064720 0.010490 0.029920 
30
0.479817 0.014473 0.046210 
0.462778 0.970428 0.462022 
0.057405 0.015099 0.491768 
0.048377 0.003954 0.032324 0.032007 0.015777 
0.035400 0.010709 0.022375 0.047280 0.037149 
0.006642 0.025245 0.499229 0.022610 0.033395 
0.039519 0.033551 0.033186 0.005594 0.015678 
0.087130 0.033470 0.046870 0.049530 0.039770 
0.088610 0.033620 0.036890 0.080480 0.085360 
0.014750 0.040430 0.050680 0.038260 0.040900 
0.069580 0.058540 0.064720 0.010490 0.029920 
31
0.479817 0.088601 0.046210 
0.462778 0.896300 0.462022 
0.043096 0.016308 0.491768 
0.094973 0.007902 0.066443 0.093779 0.031102 
0.063803 0.035648 0.041359 0.066391 0.065376 
0.018878 0.047177 0.034550 0.074919 0.053023 
0.058858 0.049756 0.049931 0.012716 0.033417 
0.087130 0.033470 0.046870 0.049530 0.039770 
0.088610 0.033620 0.036890 0.080480 0.085360 
0.014750 0.040430 0.050680 0.038260 0.040900 
0.069580 0.058540 0.064720 0.010490 0.029920 
32
0.609479 0.029218 0.046210 
0.347425 0.954474 0.462022 
0.041347 0.016532 0.491768 
0.082188 0.013475 0.057580 0.073912 0.033124 
0.060636 0.024168 0.050771 0.065768 0.077766 
0.021534 0.045473 0.053527 0.042807 0.056268 
0.068477 0.062461 0.065866 0.011358 0.032840 
0.087130 0.033470 0.046870 0.049530 0.039770 
0.088610 0.033620 0.036890 0.080480 0.085360 
0.014750 0.040430 0.050680 0.038260 0.040900 
0.069580 0.058540 0.064720 0.010490 0.029920 
33
0.386180 0.016358 0.046210 
0.572472 0.967110 0.462022 
0.054236 0.015299 0.491768 
0.040015 0.008865 0.014610 0.017694 0.234893 
0.028972 0.022285 0.040091 0.013592 0.078773 
0.018569 0.017401 0.012559 0.014559 0.017207 
0.027434 0.028296 0.050258 0.036169 0.277758 
0.087130 0.033470 0.046870 0.049530 0.039770 
0.088610 0.033620 0.036890 0.080480 0.085360 
0.014750 0.040430 0.050680 0.038260 0.040900 
0.069580 0.058540 0.064720 0.010490 0.029920 
34
0.455302 0.014665 0.046210 
0.490462 0.970037 0.462022 
0.057286 0.015106 0.491768 
0.059754 0.003540 0.344864 0.096534 0.012894 
0.042702 0.014519 0.018443 0.050396 0.027666 
0.008536 0.074968 0.021869 0.034036 0.029039 
0.068092 0.046303 0.027700 0.004445 0.013697 
0.087130 0.033470 0.046870 0.049530 0.039770 
0.088610 0.033620 0.036890 0.080480 0.085360 
0.014750 0.040430 0.050680 0.038260 0.040900 
0.069580 0.058540 0.064720 0.010490 0.029920 
35
0.478817 0.014480 0.046210 
0.463897 0.970414 0.462022 
0.057405 0.015099 0.491768 
0.102521 0.003928 0.060906 0.076302 0.016193 
0.069040 0.019423 0.028183 0.214657 0.048599 
0.012913 0.041190 0.027159 0.056127 0.068362 
0.050050 0.044975 0.032788 0.007212 0.019472 
0.087130 0.033470 0.046870 0.049530 0.039770 
0.088610 0.033620 0.036890 0.080480 0.085360 
0.014750 0.040430 0.050680 0.038260 0.040900 
0.069580 0.058540 0.064720 0.010490 0.029920 
36
0.479817 0.014473 0.046210 
0.462778 0.970428 0.462022 
0.057405 0.015099 0.491768 
0.041881 0.007545 0.013817 0.020078 0.182771 
0.025133 0.023912 0.031104 0.015589 0.054694 
0.013760 0.016633 0.011582 0.015065 0.019664 
0.031094 0.028719 0.044686 0.029022 0.373252 
0.087130 0.033470 0.046870 0.049530 0.039770 
0.088610 0.033620 0.036890 0.080480 0.085360 
0.014750 0.040430 0.050680 0.038260 0.040900 
0.069580 0.058540 0.064720 0.010490 0.029920 
37
0.479817 0.014473 0.046210 
0.462778 0.970428 0.462022 
0.057405 0.015099 0.491768 
0.052564 0.003133 0.065564 0.448580 0.015534 
0.048058 0.013301 0.015118 0.058688 0.029343 
0.009045 0.026952 0.019531 0.042372 0.035340 
0.040095 0.033163 0.023444 0.005473 0.014700 
0.087130 0.033470 0.046870 0.049530 0.039770 
0.088610 0.033620 0.036890 0.080480 0.085360 
0.014750 0.040430 0.050680 0.038260 0.040900 
0.069580 0.058540 0.064720 0.010490 0.029920 
38
0.479817 0.014473 0.046210 
0.462778 0.970428 0.462022 
0.057405 0.015099 0.491768 
0.048959 0.003184 0.040779 0.018907 0.007514 
0.671909 0.007411 0.009975 0.021174 0.016007 
0.005920 0.024557 0.015828 0.012497 0.019312 
0.031813 0.019472 0.010983 0.003669 0.010131 
0.087130 0.033470 0.046870 0.049530 0.039770 
0.088610 0.033620 0.036890 0.080480 0.085360 
0.014750 0.040430 0.050680 0.038260 0.040900 
0.069580 0.058540 0.064720 0.010490 0.029920 
39
0.479817 0.014473 0.046210 
0.462778 0.970428 0.462022 
0.057405 0.015099 0.491768 
0.041116 0.009747 0.007318 0.008188 0.034016 
0.013803 0.006148 0.485231 0.009595 0.110543 
0.021143 0.007482 0.009896 0.007962 0.009499 
0.013353 0.022247 0.157454 0.007027 0.018233 
0.087130 0.033470 0.046870 0.049530 0.039770 
0.088610 0.033620 0.036890 0.080480 0.085360 
0.014750 0.040430 0.050680 0.038260 0.040900 
0.069580 0.058540 0.064720 0.010490 0.029920 
40
0.479817 0.014473 0.046210 
0.462778 0.970428 0.462022 
0.057405 0.015099 0.491768 
0.070127 0.004689 0.044929 0.061014 0.015735 
0.035129 0.019540 0.031496 0.276423 0.047182 
0.013275 0.033158 0.035507 0.042802 0.124791 
0.042560 0.036280 0.037792 0.007514 0.020057 
0.087130 0.033470 0.046870 0.049530 0.039770 
0.088610 0.033620 0.036890 0.080480 0.085360 
0.014750 0.040430 0.050680 0.038260 0.040900 
0.069580 0.058540 0.064720 0.010490 0.029920 
41
0.479817 0.014473 0.046210 
0.462778 0.970428 0.462022 
0.057405 0.015099 0.491768 
0.058060 0.010308 0.011533 0.013092 0.033430 
0.029922 0.007962 0.442493 0.015137 0.094731 
0.022572 0.010861 0.012338 0.011418 0.013946 
0.018785 0.031689 0.134596 0.007314 0.019815 
0.087130 0.033470 0.046870 0.049530 0.039770 
0.088610 0.033620 0.036890 0.080480 0.085360 
0.014750 0.040430 0.050680 0.038260 0.040900 
0.069580 0.058540 0.064720 0.010490 0.029920 
42
0.479817 0.014473 0.046210 
0.462778 0.970428 0.462022 
0.057405 0.015099 0.491768 
0.059863 0.006476 0.053315 0.098492 0.025219 
0.047546 0.208118 0.027844 0.062465 0.046939 
0.014280 0.041966 0.026698 0.037477 0.044224 
0.049936 0.073046 0.036384 0.011435 0.028276 
0.087130 0.033470 0.046870 0.049530 0.039770 
0.088610 0.033620 0.036890 0.080480 0.085360 
0.014750 0.040430 0.050680 0.038260 0.040900 
0.069580 0.058540 0.064720 0.010490 0.029920 
43
0.479817 0.014473 0.046210 
0.462778 0.970428 0.462022 
0.057405 0.015099 0.491768 
0.057145 0.003239 0.436713 0.072840 0.010717 
0.045925 0.013376 0.015730 0.042409 0.024184 
0.007592 0.077199 0.019704 0.028914 0.027409 
0.045009 0.034387 0.021843 0.003674 0.011994 
0.087130 0.033470 0.046870 0.049530 0.039770 
0.088610 0.033620 0.036890 0.080480 0.085360 
0.014750 0.040430 0.050680 0.038260 0.040900 
0.069580 0.058540 0.064720 0.010490 0.029920 
44
0.479817 0.014473 0.046210 
0.462778 0.970428 0.462022 
0.057405 0.015099 0.491768 
0.020296 0.005023 0.010400 0.013068 0.069556 
0.015413 0.012236 0.022065 0.012728 0.046113 
0.010990 0.010764 0.009483 0.009650 0.016147 
0.016411 0.015493 0.023208 0.598913 0.062043 
0.087130 0.033470 0.046870 0.049530 0.039770 
0.088610 0.033620 0.036890 0.080480 0.085360 
0.014750 0.040430 0.050680 0.038260 0.040900 
0.069580 0.058540 0.064720 0.010490 0.029920 
45
0.479817 0.014473 0.046210 
0.462778 0.970428 0.462022 
0.057405 0.015099 0.491768 
0.046933 0.003352 0.390865 0.095397 0.011794 
0.040146 0.014052 0.016099 0.044173 0.029901 
0.008100 0.080950 0.020650 0.032411 0.028817 
0.060107 0.035659 0.022578 0.005022 0.012996 
0.087130 0.033470 0.046870 0.049530 0.039770 
0.088610 0.033620 0.036890 0.080480 0.085360 
0.014750 0.040430 0.050680 0.038260 0.040900 
0.069580 0.058540 0.064720 0.010490 0.029920 
46
0.479817 0.014473 0.046210 
0.462778 0.970428 0.462022 
0.057405 0.015099 0.491768 
0.121359 0.003596 0.057066 0.069099 0.013577 
0.049885 0.016510 0.022540 0.281558 0.040410 
0.010949 0.039574 0.023898 0.059099 0.057783 
0.045347 0.035751 0.028558 0.006289 0.017151 
0.087130 0.033470 0.046870 0.049530 0.039770 
0.088610 0.033620 0.036890 0.080480 0.085360 
0.014750 0.040430 0.050680 0.038260 0.040900 
0.069580 0.058540 0.064720 0.010490 0.029920 
47
0.479817 0.014473 0.046210 
0.462778 0.970428 0.462022 
0.057405 0.015099 0.491768 
0.017004 0.004582 0.005603 0.009869 0.047367 
0.012892 0.005685 0.019610 0.008130 0.051027 
0.012309 0.005569 0.005718 0.005378 0.014051 
0.010034 0.009030 0.025100 0.692152 0.038891 
0.087130 0.033470 0.046870 0.049530 0.039770 
0.088610 0.033620 0.036890 0.080480 0.085360 
0.014750 0.040430 0.050680 0.038260 0.040900 
0.069580 0.058540 0.064720 0.010490 0.029920 
48
0.479817 0.014473 0.046210 
0.462778 0.970428 0.462022 
0.057405 0.015099 0.491768 
0.054637 0.002621 0.125150 0.425181 0.012051 
0.031562 0.011983 0.013484 0.047109 0.027737 
0.008489 0.025000 0.018298 0.046665 0.031800 
0.041199 0.031524 0.026790 0.005061 0.013659 
0.087130 0.033470 0.046870 0.049530 0.039770 
0.088610 0.033620 0.036890 0.080480 0.085360 
0.014750 0.040430 0.050680 0.038260 0.040900 
0.069580 0.058540 0.064720 0.010490 0.029920 
49
0.479817 0.014473 0.046210 
0.462778 0.970428 0.462022 
0.057405 0.015099 0.491768 
0.039915 0.003017 0.483586 0.108052 0.010107 
0.034947 0.012069 0.013405 0.037690 0.022241 
0.006837 0.052550 0.018531 0.027905 0.025617 
0.038446 0.029949 0.019761 0.003785 0.011590 
0.087130 0.033470 0.046870 0.049530 0.039770 
0.088610 0.033620 0.036890 0.080480 0.085360 
0.014750 0.040430 0.050680 0.038260 0.040900 
0.069580 0.058540 0.064720 0.010490 0.029920 
50
0.479817 0.014473 0.046210 
0.462778 0.970428 0.462022 
0.057405 0.015099 0.491768 
0.048959 0.004972 0.030176 0.035279 0.010477 
0.032138 0.010850 0.016957 0.032009 0.029097 
0.006296 0.019994 0.571404 0.018760 0.023530 
0.041662 0.028172 0.025898 0.003392 0.009976 
0.087130 0.033470 0.046870 0.049530 0.039770 
0.088610 0.033620 0.036890 0.080480 0.085360 
0.014750 0.040430 0.050680 0.038260 0.040900 
0.069580 0.058540 0.064720 0.010490 0.029920 
51
0.479817 0.014473 0.046210 
0.462778 0.970428 0.462022 
0.057405 0.015099 0.491768 
0.028779 0.007381 0.008679 0.012942 0.565868 
0.016238 0.007999 0.035949 0.010313 0.063146 
0.013230 0.008084 0.009725 0.009510 0.007371 
0.017291 0.018531 0.039645 0.026247 0.093073 
0.087130 0.033470 0.046870 0.049530 0.039770 
0.088610 0.033620 0.036890 0.080480 0.085360 
0.014750 0.040430 0.050680 0.038260 0.040900 
0.069580 0.058540 0.064720 0.010490 0.029920 
52
0.479817 0.014473 0.046210 
0.462778 0.970428 0.462022 
0.057405 0.015099 0.491768 
0.052508 0.004267 0.039494 0.050607 0.014265 
0.034314 0.016603 0.021297 0.090257 0.037290 
0.011281 0.032423 0.023220 0.036346 0.403363 
0.039596 0.037784 0.029685 0.006939 0.018458 
0.087130 0.033470 0.046870 0.049530 0.039770 
0.088610 0.033620 0.036890 0.080480 0.085360 
0.014750 0.040430 0.050680 0.038260 0.040900 
0.069580 0.058540 0.064720 0.010490 0.029920 
53
0.479817 0.014473 0.046210 
0.462778 0.970428 0.462022 
0.057405 0.015099 0.491768 
0.043659 0.008973 0.007685 0.008937 0.035014 
0.014051 0.006834 0.079457 0.009563 0.410884 
0.181616 0.008059 0.008874 0.009478 0.010534 
0.012607 0.020852 0.095973 0.007891 0.019059 
0.087130 0.033470 0.046870 0.049530 0.039770 
0.088610 0.033620 0.036890 0.080480 0.085360 
0.014750 0.040430 0.050680 0.038260 0.040900 
0.069580 0.058540 0.064720 0.010490 0.029920 
54
0.479817 0.014473 0.046210 
0.462778 0.970428 0.462022 
0.057405 0.015099 0.491768 
0.043849 0.005671 0.031802 0.032752 0.014978 
0.032356 0.012036 0.022407 0.032243 0.029357 
0.008775 0.029959 0.021227 0.023709 0.024898 
0.103659 0.474198 0.034171 0.005472 0.016480 
0.087130 0.033470 0.046870 0.049530 0.039770 
0.088610 0.033620 0.036890 0.080480 0.085360 
0.014750 0.040430 0.050680 0.038260 0.040900 
0.069580 0.058540 0.064720 0.010490 0.029920 
55
0.479817 0.014473 0.046210 
0.462778 0.970428 0.462022 
0.057405 0.015099 0.491768 
0.065913 0.010888 0.020585 0.024188 0.049474 
0.033031 0.012870 0.071071 0.025001 0.112555 
0.294854 0.018862 0.016540 0.019478 0.023686 
0.028252 0.033193 0.078348 0.011778 0.049433 
0.087130 0.033470 0.046870 0.049530 0.039770 
0.088610 0.033620 0.036890 0.080480 0.085360 
0.014750 0.040430 0.050680 0.038260 0.040900 
0.069580 0.058540 0.064720 0.010490 0.029920 
56
0.479817 0.014473 0.046210 
0.462778 0.970428 0.462022 
0.057405 0.015099 0.491768 
0.040046 0.003382 0.495312 0.052431 0.010640 
0.035662 0.013091 0.014567 0.040179 0.023958 
0.007345 0.051875 0.024167 0.026875 0.052487 
0.038549 0.031382 0.021192 0.004242 0.012618 
0.087130 0.033470 0.046870 0.049530 0.039770 
0.088610 0.033620 0.036890 0.080480 0.085360 
0.014750 0.040430 0.050680 0.038260 0.040900 
0.069580 0.058540 0.064720 0.010490 0.029920 
57
0.479817 0.014473 0.046210 
0.462778 0.970428 0.462022 
0.057405 0.015099 0.491768 
0.389906 0.008061 0.041643 0.069169 0.018719 
0.045979 0.014453 0.026904 0.045573 0.044233 
0.013052 0.031343 0.021118 0.030944 0.035706 
0.057402 0.037733 0.041602 0.006927 0.019535 
0.087130 0.033470 0.046870 0.049530 0.039770 
0.088610 0.033620 0.036890 0.080480 0.085360 
0.014750 0.040430 0.050680 0.038260 0.040900 
0.069580 0.058540 0.064720 0.010490 0.029920 
58
0.479817 0.014473 0.046210 
0.462778 0.970428 0.462022 
0.057405 0.015099 0.491768 
0.028827 0.008871 0.015986 0.018441 0.101567 
0.018849 0.028143 0.030091 0.019221 0.056298 
0.014314 0.017937 0.013214 0.013857 0.019698 
0.023294 0.021437 0.033011 0.030404 0.486539 
0.087130 0.033470 0.046870 0.049530 0.039770 
0.088610 0.033620 0.036890 0.080480 0.085360 
0.014750 0.040430 0.050680 0.038260 0.040900 
0.069580 0.058540 0.064720 0.010490 0.029920 
59
0.479817 0.014473 0.046210 
0.462778 0.970428 0.462022 
0.057405 0.015099 0.491768 
0.018547 0.004693 0.006271 0.010171 0.040402 
0.013267 0.005752 0.021776 0.008712 0.052434 
0.012505 0.006069 0.006214 0.005907 0.013773 
0.010503 0.009979 0.048597 0.670701 0.033725 
0.087130 0.033470 0.046870 0.049530 0.039770 
0.088610 0.033620 0.036890 0.080480 0.085360 
0.014750 0.040430 0.050680 0.038260 0.040900 
0.069580 0.058540 0.064720 0.010490 0.029920 
60
0.479817 0.014473 0.046210 
0.462778 0.970428 0.462022 
0.057405 0.015099 0.491768 
0.054819 0.004006 0.041319 0.054047 0.013272 
0.033521 0.023585 0.019731 0.424786 0.035141 
0.012976 0.032969 0.023123 0.038352 0.056442 
0.042711 0.037523 0.027929 0.006427 0.017320 
0.087130 0.033470 0.046870 0.049530 0.039770 
0.088610 0.033620 0.036890 0.080480 0.085360 
0.014750 0.040430 0.050680 0.038260 0.040900 
0.069580 0.058540 0.064720 0.010490 0.029920 
61
0.479817 0.014473 0.046210 
0.462778 0.970428 0.462022 
0.057405 0.015099 0.491768 
0.033195 0.006901 0.011023 0.014973 0.132291 
0.020011 0.022607 0.036274 0.014770 0.052633 
0.013387 0.018805 0.009897 0.013849 0.018766 
0.025091 0.024232 0.050499 0.026194 0.454602 
0.087130 0.033470 0.046870 0.049530 0.039770 
0.088610 0.033620 0.036890 0.080480 0.085360 
0.014750 0.040430 0.050680 0.038260 0.040900 
0.069580 0.058540 0.064720 0.010490 0.029920 
62
0.479817 0.014473 0.046210 
0.462778 0.970428 0.462022 
0.057405 0.015099 0.491768 
0.050151 0.004856 0.039731 0.049385 0.015710 
0.036318 0.015700 0.022225 0.049979 0.038987 
0.011057 0.030336 0.023014 0.442604 0.038963 
0.038679 0.036671 0.031014 0.006701 0.017919 
0.087130 0.033470 0.046870 0.049530 0.039770 
0.088610 0.033620 0.036890 0.080480 0.085360 
0.014750 0.040430 0.050680 0.038260 0.040900 
0.069580 0.058540 0.064720 0.010490 0.029920 
63
0.479817 0.014473 0.046210 
0.462778 0.970428 0.462022 
0.057405 0.015099 0.491768 
0.192822 0.010810 0.039344 0.040301 0.024601 
0.104329 0.015841 0.031600 0.037453 0.049283 
0.014559 0.036265 0.027358 0.026972 0.040951 
0.173971 0.046474 0.054565 0.008756 0.023746 
0.087130 0.033470 0.046870 0.049530 0.039770 
0.088610 0.033620 0.036890 0.080480 0.085360 
0.014750 0.040430 0.050680 0.038260 0.040900 
0.069580 0.058540 0.064720 0.010490 0.029920 
64
0.479817 0.014473 0.046210 
0.462778 0.970428 0.462022 
0.057405 0.015099 0.491768 
0.048905 0.002993 0.073971 0.485133 0.011604 
0.040013 0.012403 0.013603 0.044927 0.026714 
0.008171 0.024952 0.018803 0.039389 0.032035 
0.037808 0.038077 0.021600 0.005115 0.013782 
0.087130 0.033470 0.046870 0.049530 0.039770 
0.088610 0.033620 0.036890 0.080480 0.085360 
0.014750 0.040430 0.050680 0.038260 0.040900 
0.069580 0.058540 0.064720 0.010490 0.029920 
65
0.479817 0.014473 0.046210 
0.462778 0.970428 0.462022 
0.057405 0.015099 0.491768 
0.047178 0.005141 0.044891 0.070743 0.011667 
0.035847 0.019258 0.018732 0.370575 0.033303 
0.010326 0.037008 0.028769 0.046857 0.090542 
0.045002 0.039058 0.026043 0.004705 0.014354 
0.087130 0.033470 0.046870 0.049530 0.039770 
0.088610 0.033620 0.036890 0.080480 0.085360 
0.014750 0.040430 0.050680 0.038260 0.040900 
0.069580 0.058540 0.064720 0.010490 0.029920 
66
0.479817 0.014473 0.046210 
0.462778 0.970428 0.462022 
0.057405 0.015099 0.491768 
0.047954 0.002800 0.099298 0.491086 0.011272 
0.031591 0.011722 0.012615 0.042534 0.025366 
0.007715 0.023608 0.018273 0.039344 0.029878 
0.037035 0.029438 0.020415 0.004881 0.013174 
0.087130 0.033470 0.046870 0.049530 0.039770 
0.088610 0.033620 0.036890 0.080480 0.085360 
0.014750 0.040430 0.050680 0.038260 0.040900 
0.069580 0.058540 0.064720 0.010490 0.029920 
67
0.479817 0.014473 0.046210 
0.462778 0.970428 0.462022 
0.057405 0.015099 0.491768 
0.075548 0.004239 0.050300 0.055884 0.015676 
0.035536 0.017096 0.025547 0.105202 0.043798 
0.012998 0.033298 0.023766 0.039144 0.305083 
0.050534 0.045456 0.032953 0.007658 0.020283 
0.087130 0.033470 0.046870 0.049530 0.039770 
0.088610 0.033620 0.036890 0.080480 0.085360 
0.014750 0.040430 0.050680 0.038260 0.040900 
0.069580 0.058540 0.064720 0.010490 0.029920 
68
0.479817 0.014473 0.046210 
0.462778 0.970428 0.462022 
0.057405 0.015099 0.491768 
0.056194 0.003894 0.042021 0.054921 0.012906 
0.058453 0.016254 0.019200 0.393820 0.034243 
0.010209 0.032871 0.023358 0.038506 0.058429 
0.049610 0.044774 0.027136 0.006267 0.016934 
0.087130 0.033470 0.046870 0.049530 0.039770 
0.088610 0.033620 0.036890 0.080480 0.085360 
0.014750 0.040430 0.050680 0.038260 0.040900 
0.069580 0.058540 0.064720 0.010490 0.029920 
69
0.479817 0.014473 0.046210 
0.462778 0.970428 0.462022 
0.057405 0.015099 0.491768 
0.045204 0.008368 0.006721 0.008069 0.039659 
0.012588 0.005930 0.076791 0.008458 0.575494 
0.022662 0.007262 0.008607 0.008118 0.009102 
0.011833 0.024507 0.095823 0.007329 0.017476 
0.087130 0.033470 0.046870 0.049530 0.039770 
0.088610 0.033620 0.036890 0.080480 0.085360 
0.014750 0.040430 0.050680 0.038260 0.040900 
0.069580 0.058540 0.064720 0.010490 0.029920 
70
0.479817 0.014473 0.046210 
0.462778 0.970428 0.462022 
0.057405 0.015099 0.491768 
0.029761 0.004974 0.017281 0.019639 0.061116 
0.032306 0.016286 0.020229 0.025474 0.035538 
0.009193 0.015690 0.013088 0.015297 0.020109 
0.023867 0.022483 0.030656 0.015226 0.571787 
0.087130 0.033470 0.046870 0.049530 0.039770 
0.088610 0.033620 0.036890 0.080480 0.085360 
0.014750 0.040430 0.050680 0.038260 0.040900 
0.069580 0.058540 0.064720 0.010490 0.029920 
71
0.479817 0.014473 0.046210 
0.462778 0.970428 0.462022 
0.057405 0.020080 0.486528 
0.523389 0.009229 0.023676 0.026988 0.019155 
0.042925 0.010752 0.027215 0.025978 0.043730 
0.012247 0.018970 0.017159 0.018970 0.022511 
0.059603 0.029882 0.043971 0.006158 0.017490 
0.087129 0.033470 0.046870 0.049530 0.039770 
0.088609 0.033620 0.036898 0.080479 0.085359 
0.014750 0.040430 0.050680 0.038260 0.040900 
0.069579 0.058539 0.064719 0.010490 0.029920 
72
0.479817 0.014473 0.045718 
0.462778 0.965447 0.467754 
0.057405 0.015099 0.491768 
0.042457 0.011196 0.007035 0.006922 0.033895 
0.013598 0.006029 0.379761 0.009429 0.093191 
0.018292 0.006786 0.010469 0.006809 0.008834 
0.013884 0.024724 0.281995 0.006299 0.018393 
0.087130 0.033470 0.046870 0.049530 0.039770 
0.088610 0.033620 0.036890 0.080480 0.085360 
0.014750 0.040430 0.050680 0.038260 0.040900 
0.069580 0.058540 0.064720 0.010490 0.029920 
73
0.479817 0.014473 0.046210 
0.462778 0.970428 0.462022 
0.057405 0.015099 0.491768 
0.075649 0.007966 0.154259 0.056534 0.034814 
0.054705 0.022218 0.074398 0.055470 0.081346 
0.020206 0.051821 0.033310 0.033331 0.048734 
0.052704 0.041443 0.056887 0.012661 0.031545 
0.087130 0.033470 0.046870 0.049530 0.039770 
0.088610 0.033620 0.036890 0.080480 0.085360 
0.014750 0.040430 0.050680 0.038260 0.040900 
0.069580 0.058540 0.064720 0.010490 0.029920 
74
0.479817 0.014473 0.046210 
0.462778 0.970428 0.462022 
0.057405 0.015099 0.491768 
0.059824 0.005446 0.212216 0.069782 0.017026 
0.058650 0.017830 0.018958 0.046594 0.031341 
0.009543 0.079651 0.028502 0.033370 0.032886 
0.176116 0.050365 0.026648 0.006855 0.018396 
0.087130 0.033470 0.046870 0.049530 0.039770 
0.088610 0.033620 0.036890 0.080480 0.085360 
0.014750 0.040430 0.050680 0.038260 0.040900 
0.069580 0.058540 0.064720 0.010490 0.029920 
75
0.479817 0.014473 0.046210 
0.462778 0.970428 0.462022 
0.057405 0.015099 0.491768 
0.225012 0.013829 0.026594 0.028804 0.145189 
0.052078 0.016280 0.050210 0.024596 0.075924 
0.020822 0.023889 0.021317 0.021471 0.024824 
0.069147 0.043246 0.069768 0.012010 0.034990 
0.087130 0.033470 0.046870 0.049530 0.039770 
0.088610 0.033620 0.036890 0.080480 0.085360 
0.014750 0.040430 0.050680 0.038260 0.040900 
0.069580 0.058540 0.064720 0.010490 0.029920 
76
0.479817 0.014473 0.046210 
0.462778 0.970428 0.462022 
0.057405 0.015099 0.491768 
0.062663 0.013011 0.013265 0.013033 0.123235 
0.028650 0.012593 0.145355 0.014233 0.131676 
0.027210 0.012876 0.014658 0.012284 0.015254 
0.021399 0.030698 0.266316 0.010769 0.030823 
0.087130 0.033470 0.046870 0.049530 0.039770 
0.088610 0.033620 0.036890 0.080480 0.085360 
0.014750 0.040430 0.050680 0.038260 0.040900 
0.069580 0.058540 0.064720 0.010490 0.029920 
77
0.479817 0.014473 0.046210 
0.462778 0.970428 0.462022 
0.057405 0.015099 0.491768 
0.189026 0.006403 0.049649 0.072636 0.020350 
0.042028 0.017255 0.030437 0.062526 0.051480 
0.014350 0.037011 0.023264 0.160295 0.045481 
0.059737 0.039275 0.049502 0.007836 0.021458 
0.087130 0.033470 0.046870 0.049530 0.039770 
0.088610 0.033620 0.036890 0.080480 0.085360 
0.014750 0.040430 0.050680 0.038260 0.040900 
0.069580 0.058540 0.064720 0.010490 0.029920 
78
0.479817 0.014473 0.046210 
0.462778 0.970428 0.462022 
0.057405 0.015099 0.491768 
0.060418 0.005468 0.056804 0.057025 0.018805 
0.049515 0.020160 0.023295 0.059930 0.040755 
0.012217 0.188892 0.027526 0.144188 0.078351 
0.053209 0.041712 0.031220 0.008569 0.021942 
0.087130 0.033470 0.046870 0.049530 0.039770 
0.088610 0.033620 0.036890 0.080480 0.085360 
0.014750 0.040430 0.050680 0.038260 0.040900 
0.069580 0.058540 0.064720 0.010490 0.029920 
79
0.479817 0.014473 0.046210 
0.462778 0.970428 0.462022 
0.057405 0.015099 0.491768 
0.060054 0.005963 0.066550 0.043928 0.017007 
0.060198 0.018292 0.018791 0.044949 0.032646 
0.009959 0.320595 0.028167 0.030056 0.035050 
0.111577 0.042780 0.026897 0.007311 0.019229 
0.087130 0.033470 0.046870 0.049530 0.039770 
0.088610 0.033620 0.036890 0.080480 0.085360 
0.014750 0.040430 0.050680 0.038260 0.040900 
0.069580 0.058540 0.064720 0.010490 0.029920 
80
0.479817 0.014473 0.046210 
0.462778 0.970428 0.462022 
0.057405 0.079896 0.431339 
0.070421 0.006771 0.058206 0.036792 0.019874 
0.297352 0.018479 0.021975 0.041848 0.033633 
0.011824 0.131087 0.030196 0.025653 0.030112 
0.074788 0.036102 0.024573 0.008662 0.021652 
0.087141 0.033466 0.046865 0.049524 0.039765 
0.088693 0.033616 0.036886 0.080471 0.085350 
0.014748 0.040425 0.050674 0.038256 0.040895 
0.069572 0.058533 0.064713 0.010489 0.029917 
81
0.479817 0.014473 0.040532 
0.462778 0.905630 0.528129 
0.057405 0.015099 0.491768 
0.076559 0.008846 0.047065 0.049354 0.035508 
0.067643 0.168155 0.038420 0.045329 0.075828 
0.018632 0.043501 0.026907 0.060785 0.040457 
0.050701 0.048946 0.046150 0.014741 0.036473 
0.087130 0.033470 0.046870 0.049530 0.039770 
0.088610 0.033620 0.036890 0.080480 0.085360 
0.014750 0.040430 0.050680 0.038260 0.040900 
0.069580 0.058540 0.064720 0.010490 0.029920 
82
0.479817 0.014473 0.046210 
0.462778 0.970428 0.462022 
0.057405 0.015099 0.491768 
0.056636 0.010287 0.012774 0.014481 0.056561 
0.020219 0.010422 0.072527 0.015474 0.454789 
0.048291 0.012314 0.011539 0.017981 0.016414 
0.018040 0.025200 0.077015 0.009916 0.039120 
0.087130 0.033470 0.046870 0.049530 0.039770 
0.088610 0.033620 0.036890 0.080480 0.085360 
0.014750 0.040430 0.050680 0.038260 0.040900 
0.069580 0.058540 0.064720 0.010490 0.029920 
83
0.479817 0.014473 0.046210 
0.462778 0.970428 0.462022 
0.057405 0.015099 0.491768 
0.052652 0.006251 0.099720 0.070267 0.019654 
0.089328 0.021700 0.020149 0.050000 0.034847 
0.010817 0.244379 0.030638 0.032445 0.036387 
0.070288 0.053488 0.026947 0.008540 0.021502 
0.087130 0.033470 0.046870 0.049530 0.039770 
0.088610 0.033620 0.036890 0.080480 0.085360 
0.014750 0.040430 0.050680 0.038260 0.040900 
