%  SAM: modelfromalign v3.5 (July 15, 2005) compiled 12/05/20_11:48:22
%  (c) 1992-2001 Regents of the University of California, Santa Cruz
%
%          Sequence Alignment and Modeling Software System
%         http://www.cse.ucsc.edu/research/compbio/sam.html
%
% ----------------- Citations (SAM, SAM-T2K, HMMs) --------------------
% R. Hughey, A. Krogh, Hidden Markov models for sequence analysis:
%  Extension and analysis of the basic method, CABIOS 12:95-107, 1996.
% K. Karplus, et al., What is the value added by human intervention in protein
%  structure prediction, Proteins: Stucture, Function, Genetics 45(S5):86--91, 2001.
% A. Krogh et al., Hidden Markov models in computational biology:
%  Applications to protein modeling, JMB 235:1501-1531, Feb 1994.
% ---------------------------------------------------------------------
%  last   Host: gauntlet    Thu Feb 11 16:21:37 2021
%  dgpinheiro   Dir:  /data/GitHub/sfFinder/example/output/subfamily/TEST1/flowerpower/fp-workspace/final
% ---------------------------------------------------------------------
% Prior File:  Internal (Name: recode3.20comp) 
%   20 priors on 20 characters.
%  Alignment weights from internal calc.  Total (1.57) Max (0.00) Min (0.00)
%  Weights from alignment method 1 (karplus), b=0.500000, e=0.500000
MODEL --  Model from alignment file last.a2m
alphabet protein
FREQAVE
0.000000 0.000000 0.000000 
0.000000 0.000000 0.000000 
0.000000 0.000000 0.000000 
0.073366 0.015731 0.056938 0.066613 0.049655 
0.061768 0.028683 0.052055 0.058198 0.085039 
0.025996 0.041873 0.045380 0.042494 0.052400 
0.059160 0.053814 0.060939 0.022990 0.046909 
0.073366 0.015731 0.056938 0.066613 0.049655 
0.061768 0.028683 0.052055 0.058198 0.085039 
0.025996 0.041873 0.045380 0.042494 0.052400 
0.059160 0.053814 0.060939 0.022990 0.046909 
Begin
0.000000 0.000000 0.000000 
0.000000 0.000000 0.000000 
0.000000 0.102655 0.805442 
0.000000 0.000000 0.000000 0.000000 0.000000 
0.000000 0.000000 0.000000 0.000000 0.000000 
0.000000 0.000000 0.000000 0.000000 0.000000 
0.000000 0.000000 0.000000 0.000000 0.000000 
0.087135 0.033412 0.046877 0.049460 0.039687 
0.088502 0.033556 0.036842 0.080764 0.085459 
0.014906 0.040443 0.050641 0.038240 0.040935 
0.069509 0.058601 0.064641 0.010468 0.029922 
1
0.000000 0.014473 0.062158 
0.000000 0.882872 0.132400 
0.042026 0.016442 0.491768 
0.073849 0.011341 0.055382 0.077859 0.031255 
0.050288 0.025736 0.049513 0.089142 0.078273 
0.026549 0.045530 0.043371 0.049018 0.065838 
0.064217 0.059435 0.061456 0.010921 0.031030 
0.087130 0.033470 0.046870 0.049530 0.039770 
0.088610 0.033620 0.036890 0.080480 0.085360 
0.014750 0.040430 0.050680 0.038260 0.040900 
0.069580 0.058540 0.064720 0.010490 0.029920 
2
0.618666 0.015761 0.046210 
0.339307 0.967797 0.462022 
0.042048 0.016440 0.491768 
0.074739 0.010126 0.063498 0.084080 0.026698 
0.060192 0.025813 0.038238 0.088947 0.061874 
0.018736 0.050333 0.054556 0.049766 0.074188 
0.069149 0.060331 0.050480 0.009851 0.028406 
0.087130 0.033470 0.046870 0.049530 0.039770 
0.088610 0.033620 0.036890 0.080480 0.085360 
0.014750 0.040430 0.050680 0.038260 0.040900 
0.069580 0.058540 0.064720 0.010490 0.029920 
3
0.617844 0.015758 0.046210 
0.340108 0.967802 0.462022 
0.042095 0.016433 0.491768 
0.075283 0.013325 0.039952 0.058160 0.039798 
0.039698 0.021959 0.079821 0.058221 0.137312 
0.030767 0.034545 0.039807 0.038387 0.050279 
0.053063 0.053742 0.090968 0.012015 0.032897 
0.087130 0.033470 0.046870 0.049530 0.039770 
0.088610 0.033620 0.036890 0.080480 0.085360 
0.014750 0.040430 0.050680 0.038260 0.040900 
0.069580 0.058540 0.064720 0.010490 0.029920 
4
0.618547 0.015752 0.046210 
0.339357 0.967814 0.462022 
0.042095 0.016433 0.491768 
0.074470 0.011193 0.066467 0.075944 0.029588 
0.077857 0.027171 0.039441 0.070181 0.067469 
0.019285 0.061384 0.047580 0.045919 0.059332 
0.071320 0.060815 0.051646 0.010886 0.032052 
0.087130 0.033470 0.046870 0.049530 0.039770 
0.088610 0.033620 0.036890 0.080480 0.085360 
0.014750 0.040430 0.050680 0.038260 0.040900 
0.069580 0.058540 0.064720 0.010490 0.029920 
5
0.618547 0.015752 0.046210 
0.339357 0.967814 0.462022 
0.042095 0.016433 0.491768 
0.077863 0.012022 0.054511 0.075319 0.033208 
0.050080 0.024899 0.051036 0.071051 0.092181 
0.023279 0.045847 0.049439 0.046073 0.060199 
0.064166 0.060179 0.064689 0.011180 0.032780 
0.087130 0.033470 0.046870 0.049530 0.039770 
0.088610 0.033620 0.036890 0.080480 0.085360 
0.014750 0.040430 0.050680 0.038260 0.040900 
0.069580 0.058540 0.064720 0.010490 0.029920 
6
0.460775 0.015752 0.046210 
0.497129 0.967814 0.462022 
0.049981 0.015617 0.491768 
0.079955 0.006254 0.057819 0.069704 0.023356 
0.055839 0.021878 0.036958 0.146970 0.059085 
0.017120 0.044385 0.035434 0.047439 0.108429 
0.055412 0.048806 0.046306 0.010682 0.028168 
0.087130 0.033470 0.046870 0.049530 0.039770 
0.088610 0.033620 0.036890 0.080480 0.085360 
0.014750 0.040430 0.050680 0.038260 0.040900 
0.069580 0.058540 0.064720 0.010490 0.029920 
7
0.547091 0.014970 0.046210 
0.402928 0.969413 0.462022 
0.049981 0.015617 0.491768 
0.079659 0.006490 0.119816 0.131205 0.025067 
0.061376 0.022128 0.032830 0.066135 0.054036 
0.015803 0.050121 0.034191 0.046954 0.055974 
0.068208 0.049577 0.042204 0.010780 0.027444 
0.087130 0.033470 0.046870 0.049530 0.039770 
0.088610 0.033620 0.036890 0.080480 0.085360 
0.014750 0.040430 0.050680 0.038260 0.040900 
0.069580 0.058540 0.064720 0.010490 0.029920 
8
0.547091 0.014970 0.046210 
0.402928 0.969413 0.462022 
0.049981 0.015617 0.491768 
0.081485 0.006401 0.103005 0.072724 0.023734 
0.063306 0.021991 0.035612 0.122378 0.056645 
0.016443 0.057380 0.037603 0.046342 0.064975 
0.058961 0.049410 0.044187 0.010242 0.027177 
0.087130 0.033470 0.046870 0.049530 0.039770 
0.088610 0.033620 0.036890 0.080480 0.085360 
0.014750 0.040430 0.050680 0.038260 0.040900 
0.069580 0.058540 0.064720 0.010490 0.029920 
9
0.547091 0.014970 0.046210 
0.402928 0.969413 0.462022 
0.049981 0.015617 0.491768 
0.080034 0.011952 0.037365 0.040028 0.066794 
0.062049 0.023527 0.064534 0.037893 0.090724 
0.024156 0.034934 0.030676 0.028579 0.037027 
0.048576 0.045528 0.077208 0.032224 0.126192 
0.087130 0.033470 0.046870 0.049530 0.039770 
0.088610 0.033620 0.036890 0.080480 0.085360 
0.014750 0.040430 0.050680 0.038260 0.040900 
0.069580 0.058540 0.064720 0.010490 0.029920 
10
0.545869 0.014970 0.046210 
0.404150 0.969413 0.462022 
0.050042 0.015612 0.491768 
0.118379 0.010629 0.047097 0.050584 0.039411 
0.065980 0.023010 0.059374 0.050715 0.081643 
0.022931 0.038919 0.035214 0.036841 0.058946 
0.053208 0.053097 0.077511 0.015318 0.061193 
0.087130 0.033470 0.046870 0.049530 0.039770 
0.088610 0.033620 0.036890 0.080480 0.085360 
0.014750 0.040430 0.050680 0.038260 0.040900 
0.069580 0.058540 0.064720 0.010490 0.029920 
11
0.546537 0.014965 0.046210 
0.403421 0.969423 0.462022 
0.050042 0.015612 0.491768 
0.086522 0.009584 0.075495 0.056835 0.036515 
0.066258 0.026043 0.055313 0.060559 0.110029 
0.022884 0.044714 0.037624 0.037749 0.052653 
0.055020 0.047741 0.064152 0.014569 0.039739 
0.087130 0.033470 0.046870 0.049530 0.039770 
0.088610 0.033620 0.036890 0.080480 0.085360 
0.014750 0.040430 0.050680 0.038260 0.040900 
0.069580 0.058540 0.064720 0.010490 0.029920 
12
0.419517 0.014965 0.046210 
0.530441 0.969423 0.462022 
0.057323 0.015104 0.491768 
0.045510 0.009265 0.008357 0.009749 0.039824 
0.014836 0.007208 0.088076 0.010373 0.517847 
0.061481 0.008678 0.009489 0.009745 0.011228 
0.013571 0.032440 0.074291 0.008208 0.019823 
0.087130 0.033470 0.046870 0.049530 0.039770 
0.088610 0.033620 0.036890 0.080480 0.085360 
0.014750 0.040430 0.050680 0.038260 0.040900 
0.069580 0.058540 0.064720 0.010490 0.029920 
13
0.480557 0.014478 0.046210 
0.462119 0.970418 0.462022 
0.057323 0.015104 0.491768 
0.077305 0.006121 0.030755 0.033641 0.016243 
0.029803 0.011960 0.025804 0.033687 0.034658 
0.012578 0.029952 0.020165 0.024907 0.025898 
0.087541 0.438222 0.038127 0.005665 0.016970 
0.087130 0.033470 0.046870 0.049530 0.039770 
0.088610 0.033620 0.036890 0.080480 0.085360 
0.014750 0.040430 0.050680 0.038260 0.040900 
0.069580 0.058540 0.064720 0.010490 0.029920 
14
0.479840 0.014478 0.046210 
0.462837 0.970418 0.462022 
0.057365 0.015101 0.491768 
0.042229 0.004075 0.032672 0.039429 0.012891 
0.031897 0.013849 0.018289 0.043887 0.032145 
0.009302 0.026583 0.020364 0.028225 0.522231 
0.032841 0.041836 0.025879 0.005843 0.015532 
0.087130 0.033470 0.046870 0.049530 0.039770 
0.088610 0.033620 0.036890 0.080480 0.085360 
0.014750 0.040430 0.050680 0.038260 0.040900 
0.069580 0.058540 0.064720 0.010490 0.029920 
15
0.480184 0.014476 0.046210 
0.462451 0.970423 0.462022 
0.057365 0.015101 0.491768 
0.040005 0.003320 0.426156 0.053318 0.010278 
0.114264 0.012844 0.014402 0.037479 0.022130 
0.006948 0.075480 0.019276 0.026010 0.026214 
0.043491 0.033285 0.020045 0.003570 0.011485 
0.087130 0.033470 0.046870 0.049530 0.039770 
0.088610 0.033620 0.036890 0.080480 0.085360 
0.014750 0.040430 0.050680 0.038260 0.040900 
0.069580 0.058540 0.064720 0.010490 0.029920 
16
0.480184 0.014476 0.046210 
0.462451 0.970423 0.462022 
0.057365 0.015101 0.491768 
0.033589 0.007269 0.006371 0.007841 0.029139 
0.011075 0.005291 0.056484 0.008302 0.647206 
0.025994 0.006810 0.007921 0.007602 0.008522 
0.010689 0.025943 0.072138 0.006487 0.015328 
0.087130 0.033470 0.046870 0.049530 0.039770 
0.088610 0.033620 0.036890 0.080480 0.085360 
0.014750 0.040430 0.050680 0.038260 0.040900 
0.069580 0.058540 0.064720 0.010490 0.029920 
17
0.479479 0.014476 0.046210 
0.463157 0.970423 0.462022 
0.057405 0.015099 0.491768 
0.061377 0.003804 0.365312 0.062747 0.012182 
0.088772 0.016215 0.016500 0.040175 0.024699 
0.007728 0.101197 0.021588 0.026424 0.025245 
0.053032 0.034478 0.021860 0.003951 0.012714 
0.087130 0.033470 0.046870 0.049530 0.039770 
0.088610 0.033620 0.036890 0.080480 0.085360 
0.014750 0.040430 0.050680 0.038260 0.040900 
0.069580 0.058540 0.064720 0.010490 0.029920 
18
0.479817 0.014473 0.046210 
0.462778 0.970428 0.462022 
0.057405 0.015099 0.491768 
0.015746 0.004869 0.007438 0.009425 0.034053 
0.015695 0.005517 0.016037 0.007663 0.040937 
0.009802 0.006146 0.007016 0.005040 0.012215 
0.010229 0.008896 0.021040 0.733005 0.029231 
0.087130 0.033470 0.046870 0.049530 0.039770 
0.088610 0.033620 0.036890 0.080480 0.085360 
0.014750 0.040430 0.050680 0.038260 0.040900 
0.069580 0.058540 0.064720 0.010490 0.029920 
19
0.479817 0.014473 0.046210 
0.462778 0.970428 0.462022 
0.057405 0.015099 0.491768 
0.068907 0.001540 0.246929 0.309052 0.011027 
0.029906 0.009326 0.010627 0.043071 0.024316 
0.007462 0.027227 0.015118 0.055863 0.024820 
0.048285 0.033492 0.018085 0.003920 0.011029 
0.087130 0.033470 0.046870 0.049530 0.039770 
0.088610 0.033620 0.036890 0.080480 0.085360 
0.014750 0.040430 0.050680 0.038260 0.040900 
0.069580 0.058540 0.064720 0.010490 0.029920 
20
0.479817 0.014473 0.046210 
0.462778 0.970428 0.462022 
0.057405 0.015099 0.491768 
0.045994 0.009699 0.016970 0.020160 0.349980 
0.032015 0.016577 0.045141 0.014799 0.085680 
0.017216 0.017914 0.022501 0.015044 0.014476 
0.029156 0.048744 0.051970 0.028959 0.117005 
0.087130 0.033470 0.046870 0.049530 0.039770 
0.088610 0.033620 0.036890 0.080480 0.085360 
0.014750 0.040430 0.050680 0.038260 0.040900 
0.069580 0.058540 0.064720 0.010490 0.029920 
21
0.479817 0.014473 0.046210 
0.462778 0.970428 0.462022 
0.057405 0.015099 0.491768 
0.047000 0.006121 0.044368 0.034489 0.014794 
0.045000 0.012472 0.021094 0.032604 0.024646 
0.008139 0.037848 0.022945 0.024601 0.024031 
0.370826 0.172180 0.034402 0.005466 0.016975 
0.087130 0.033470 0.046870 0.049530 0.039770 
0.088610 0.033620 0.036890 0.080480 0.085360 
0.014750 0.040430 0.050680 0.038260 0.040900 
0.069580 0.058540 0.064720 0.010490 0.029920 
22
0.479817 0.014473 0.046210 
0.462778 0.970428 0.462022 
0.057405 0.015099 0.491768 
0.021159 0.004053 0.012815 0.012141 0.043285 
0.021271 0.011466 0.018186 0.011869 0.029580 
0.007100 0.010670 0.010725 0.009132 0.012577 
0.016559 0.015527 0.024332 0.010722 0.696833 
0.087130 0.033470 0.046870 0.049530 0.039770 
0.088610 0.033620 0.036890 0.080480 0.085360 
0.014750 0.040430 0.050680 0.038260 0.040900 
0.069580 0.058540 0.064720 0.010490 0.029920 
23
0.479817 0.014473 0.046210 
0.462778 0.970428 0.462022 
0.057405 0.015099 0.491768 
0.157063 0.005984 0.052521 0.098209 0.023183 
0.038606 0.017949 0.037900 0.068505 0.063499 
0.017322 0.031269 0.022997 0.116264 0.064283 
0.046647 0.037390 0.066716 0.009244 0.024447 
0.087130 0.033470 0.046870 0.049530 0.039770 
0.088610 0.033620 0.036890 0.080480 0.085360 
0.014750 0.040430 0.050680 0.038260 0.040900 
0.069580 0.058540 0.064720 0.010490 0.029920 
24
0.479817 0.014473 0.046210 
0.462778 0.970428 0.462022 
0.057405 0.015099 0.491768 
0.049164 0.004082 0.333239 0.065455 0.013789 
0.046888 0.015852 0.018014 0.051267 0.028747 
0.008689 0.074668 0.063468 0.031304 0.034704 
0.072125 0.043672 0.024692 0.005139 0.015042 
0.087130 0.033470 0.046870 0.049530 0.039770 
0.088610 0.033620 0.036890 0.080480 0.085360 
0.014750 0.040430 0.050680 0.038260 0.040900 
0.069580 0.058540 0.064720 0.010490 0.029920 
25
0.479817 0.014473 0.046210 
0.462778 0.970428 0.462022 
0.057405 0.015099 0.491768 
0.078277 0.004725 0.041899 0.082853 0.023020 
0.036974 0.018245 0.046601 0.086037 0.070913 
0.033599 0.030548 0.027393 0.038658 0.214432 
0.038230 0.035289 0.047412 0.011101 0.033794 
0.087130 0.033470 0.046870 0.049530 0.039770 
0.088610 0.033620 0.036890 0.080480 0.085360 
0.014750 0.040430 0.050680 0.038260 0.040900 
0.069580 0.058540 0.064720 0.010490 0.029920 
26
0.479817 0.014473 0.046210 
0.462778 0.970428 0.462022 
0.057405 0.015099 0.491768 
0.087290 0.002853 0.130448 0.113397 0.011562 
0.035084 0.015686 0.018323 0.234480 0.034983 
0.008831 0.042642 0.021166 0.060306 0.052402 
0.055956 0.032014 0.023369 0.005052 0.014156 
0.087130 0.033470 0.046870 0.049530 0.039770 
0.088610 0.033620 0.036890 0.080480 0.085360 
0.014750 0.040430 0.050680 0.038260 0.040900 
0.069580 0.058540 0.064720 0.010490 0.029920 
27
0.479817 0.014473 0.046210 
0.462778 0.970428 0.462022 
0.057405 0.015099 0.491768 
0.073897 0.001942 0.184230 0.254341 0.010651 
0.030856 0.011972 0.012950 0.130591 0.027690 
0.007573 0.030232 0.016741 0.056855 0.037766 
0.045028 0.028946 0.021853 0.004155 0.011730 
0.087130 0.033470 0.046870 0.049530 0.039770 
0.088610 0.033620 0.036890 0.080480 0.085360 
0.014750 0.040430 0.050680 0.038260 0.040900 
0.069580 0.058540 0.064720 0.010490 0.029920 
28
0.479817 0.014473 0.046210 
0.462778 0.970428 0.462022 
0.057405 0.015099 0.491768 
0.279290 0.013799 0.014041 0.015569 0.034371 
0.036003 0.009716 0.118445 0.014968 0.095206 
0.022281 0.012711 0.013939 0.013466 0.016489 
0.032173 0.031212 0.194463 0.008287 0.023568 
0.087130 0.033470 0.046870 0.049530 0.039770 
0.088610 0.033620 0.036890 0.080480 0.085360 
0.014750 0.040430 0.050680 0.038260 0.040900 
0.069580 0.058540 0.064720 0.010490 0.029920 
29
0.479817 0.014473 0.046210 
0.462778 0.970428 0.462022 
0.057405 0.015099 0.491768 
0.024441 0.006449 0.007472 0.011503 0.632606 
0.013620 0.008412 0.032745 0.009279 0.055928 
0.011582 0.006830 0.008492 0.008391 0.006234 
0.014817 0.016100 0.034335 0.023444 0.067320 
0.087130 0.033470 0.046870 0.049530 0.039770 
0.088610 0.033620 0.036890 0.080480 0.085360 
0.014750 0.040430 0.050680 0.038260 0.040900 
0.069580 0.058540 0.064720 0.010490 0.029920 
30
0.479817 0.014473 0.046210 
0.462778 0.970428 0.462022 
0.057405 0.015099 0.491768 
0.040781 0.003488 0.028099 0.027238 0.013466 
0.031973 0.009421 0.018602 0.040307 0.031102 
0.005601 0.021573 0.572136 0.019034 0.028969 
0.033702 0.028312 0.027834 0.004839 0.013524 
0.087130 0.033470 0.046870 0.049530 0.039770 
0.088610 0.033620 0.036890 0.080480 0.085360 
0.014750 0.040430 0.050680 0.038260 0.040900 
0.069580 0.058540 0.064720 0.010490 0.029920 
31
0.479817 0.088601 0.046210 
0.462778 0.896300 0.462022 
0.043096 0.016308 0.491768 
0.094489 0.007880 0.066239 0.093480 0.031249 
0.063044 0.038404 0.041317 0.066199 0.065634 
0.018928 0.047117 0.033968 0.076033 0.052914 
0.058353 0.048960 0.049477 0.012798 0.033517 
0.087130 0.033470 0.046870 0.049530 0.039770 
0.088610 0.033620 0.036890 0.080480 0.085360 
0.014750 0.040430 0.050680 0.038260 0.040900 
0.069580 0.058540 0.064720 0.010490 0.029920 
32
0.609479 0.029218 0.046210 
0.347425 0.954474 0.462022 
0.041347 0.016532 0.491768 
0.082188 0.013475 0.057580 0.073912 0.033124 
0.060636 0.024168 0.050771 0.065768 0.077766 
0.021534 0.045473 0.053527 0.042807 0.056268 
0.068477 0.062461 0.065866 0.011358 0.032840 
0.087130 0.033470 0.046870 0.049530 0.039770 
0.088610 0.033620 0.036890 0.080480 0.085360 
0.014750 0.040430 0.050680 0.038260 0.040900 
0.069580 0.058540 0.064720 0.010490 0.029920 
33
0.386180 0.016358 0.046210 
0.572472 0.967110 0.462022 
0.054236 0.015299 0.491768 
0.025912 0.006250 0.007271 0.011279 0.164715 
0.015145 0.022363 0.025780 0.011250 0.057129 
0.013217 0.011004 0.007483 0.011631 0.016005 
0.021707 0.022893 0.040168 0.031581 0.477218 
0.087130 0.033470 0.046870 0.049530 0.039770 
0.088610 0.033620 0.036890 0.080480 0.085360 
0.014750 0.040430 0.050680 0.038260 0.040900 
0.069580 0.058540 0.064720 0.010490 0.029920 
34
0.455302 0.014665 0.046210 
0.490462 0.970037 0.462022 
0.057286 0.015106 0.491768 
0.071824 0.002097 0.169959 0.312645 0.012740 
0.032979 0.011474 0.014194 0.057656 0.028760 
0.008479 0.028352 0.017460 0.054890 0.031309 
0.062467 0.039981 0.024638 0.004891 0.013205 
0.087130 0.033470 0.046870 0.049530 0.039770 
0.088610 0.033620 0.036890 0.080480 0.085360 
0.014750 0.040430 0.050680 0.038260 0.040900 
0.069580 0.058540 0.064720 0.010490 0.029920 
35
0.478817 0.014480 0.046210 
0.463897 0.970414 0.462022 
0.057405 0.015099 0.491768 
0.094770 0.002848 0.099284 0.245404 0.014326 
0.055702 0.016880 0.019320 0.100367 0.037546 
0.009917 0.036832 0.020324 0.056172 0.053679 
0.050497 0.039482 0.024766 0.006025 0.015859 
0.087130 0.033470 0.046870 0.049530 0.039770 
0.088610 0.033620 0.036890 0.080480 0.085360 
0.014750 0.040430 0.050680 0.038260 0.040900 
0.069580 0.058540 0.064720 0.010490 0.029920 
36
0.479817 0.014473 0.046210 
0.462778 0.970428 0.462022 
0.057405 0.015099 0.491768 
0.033191 0.007690 0.007754 0.016353 0.509281 
0.015046 0.009818 0.031278 0.010605 0.056625 
0.011916 0.008230 0.008909 0.010430 0.007061 
0.022309 0.022151 0.035792 0.034542 0.141021 
0.087130 0.033470 0.046870 0.049530 0.039770 
0.088610 0.033620 0.036890 0.080480 0.085360 
0.014750 0.040430 0.050680 0.038260 0.040900 
0.069580 0.058540 0.064720 0.010490 0.029920 
37
0.479817 0.014473 0.046210 
0.462778 0.970428 0.462022 
0.057405 0.015099 0.491768 
0.046928 0.002845 0.059726 0.499871 0.014004 
0.045565 0.012061 0.013480 0.052851 0.026318 
0.008154 0.024275 0.017882 0.038435 0.031810 
0.036230 0.030166 0.021176 0.004935 0.013290 
0.087130 0.033470 0.046870 0.049530 0.039770 
0.088610 0.033620 0.036890 0.080480 0.085360 
0.014750 0.040430 0.050680 0.038260 0.040900 
0.069580 0.058540 0.064720 0.010490 0.029920 
38
0.479817 0.014473 0.046210 
0.462778 0.970428 0.462022 
0.057405 0.015099 0.491768 
0.044485 0.002871 0.039317 0.016925 0.006627 
0.703290 0.006679 0.008471 0.018822 0.014096 
0.005145 0.022201 0.014587 0.011031 0.017290 
0.028912 0.017416 0.009470 0.003284 0.009081 
0.087130 0.033470 0.046870 0.049530 0.039770 
0.088610 0.033620 0.036890 0.080480 0.085360 
0.014750 0.040430 0.050680 0.038260 0.040900 
0.069580 0.058540 0.064720 0.010490 0.029920 
39
0.479817 0.014473 0.046210 
0.462778 0.970428 0.462022 
0.057405 0.015099 0.491768 
0.036720 0.008748 0.006373 0.007240 0.031354 
0.011899 0.005476 0.533580 0.008354 0.104350 
0.019856 0.006648 0.008814 0.007134 0.008382 
0.011689 0.019755 0.140582 0.006504 0.016545 
0.087130 0.033470 0.046870 0.049530 0.039770 
0.088610 0.033620 0.036890 0.080480 0.085360 
0.014750 0.040430 0.050680 0.038260 0.040900 
0.069580 0.058540 0.064720 0.010490 0.029920 
40
0.479817 0.014473 0.046210 
0.462778 0.970428 0.462022 
0.057405 0.015099 0.491768 
0.052259 0.004836 0.039105 0.051032 0.012645 
0.031910 0.019232 0.023044 0.441958 0.033545 
0.010032 0.031397 0.035628 0.037116 0.051624 
0.039248 0.035861 0.026948 0.006114 0.016463 
0.087130 0.033470 0.046870 0.049530 0.039770 
0.088610 0.033620 0.036890 0.080480 0.085360 
0.014750 0.040430 0.050680 0.038260 0.040900 
0.069580 0.058540 0.064720 0.010490 0.029920 
41
0.479817 0.014473 0.046210 
0.462778 0.970428 0.462022 
0.057405 0.015099 0.491768 
0.051267 0.009208 0.009757 0.011306 0.030926 
0.025262 0.006865 0.501454 0.012999 0.090617 
0.021583 0.009372 0.010750 0.009982 0.011979 
0.015987 0.028118 0.118196 0.006692 0.017678 
0.087130 0.033470 0.046870 0.049530 0.039770 
0.088610 0.033620 0.036890 0.080480 0.085360 
0.014750 0.040430 0.050680 0.038260 0.040900 
0.069580 0.058540 0.064720 0.010490 0.029920 
42
0.479817 0.014473 0.046210 
0.462778 0.970428 0.462022 
0.057405 0.015099 0.491768 
0.051109 0.005553 0.040347 0.078200 0.016810 
0.036788 0.045413 0.023792 0.053682 0.033892 
0.010773 0.035895 0.024717 0.032507 0.036175 
0.069789 0.342930 0.034677 0.007011 0.019939 
0.087130 0.033470 0.046870 0.049530 0.039770 
0.088610 0.033620 0.036890 0.080480 0.085360 
0.014750 0.040430 0.050680 0.038260 0.040900 
0.069580 0.058540 0.064720 0.010490 0.029920 
43
0.479817 0.014473 0.046210 
0.462778 0.970428 0.462022 
0.057405 0.015099 0.491768 
0.051370 0.002932 0.485505 0.064234 0.009476 
0.043136 0.012250 0.014408 0.038541 0.021622 
0.006816 0.075105 0.018030 0.025465 0.024751 
0.040997 0.031612 0.019963 0.003127 0.010660 
0.087130 0.033470 0.046870 0.049530 0.039770 
0.088610 0.033620 0.036890 0.080480 0.085360 
0.014750 0.040430 0.050680 0.038260 0.040900 
0.069580 0.058540 0.064720 0.010490 0.029920 
44
0.479817 0.014473 0.046210 
0.462778 0.970428 0.462022 
0.057405 0.015099 0.491768 
0.020296 0.005023 0.010400 0.013068 0.069556 
0.015413 0.012236 0.022065 0.012728 0.046113 
0.010990 0.010764 0.009483 0.009650 0.016147 
0.016411 0.015493 0.023208 0.598913 0.062043 
0.087130 0.033470 0.046870 0.049530 0.039770 
0.088610 0.033620 0.036890 0.080480 0.085360 
0.014750 0.040430 0.050680 0.038260 0.040900 
0.069580 0.058540 0.064720 0.010490 0.029920 
45
0.479817 0.014473 0.046210 
0.462778 0.970428 0.462022 
0.057405 0.015099 0.491768 
0.052971 0.005931 0.143319 0.070142 0.017768 
0.058664 0.018002 0.018928 0.044416 0.036018 
0.009670 0.066699 0.029509 0.032634 0.033130 
0.248341 0.058238 0.027557 0.008506 0.019559 
0.087130 0.033470 0.046870 0.049530 0.039770 
0.088610 0.033620 0.036890 0.080480 0.085360 
0.014750 0.040430 0.050680 0.038260 0.040900 
0.069580 0.058540 0.064720 0.010490 0.029920 
46
0.479817 0.014473 0.046210 
0.462778 0.970428 0.462022 
0.057405 0.015099 0.491768 
0.111287 0.003435 0.051123 0.059593 0.011912 
0.046674 0.015498 0.018472 0.360177 0.033587 
0.009514 0.037603 0.021626 0.049830 0.047571 
0.041121 0.034598 0.025186 0.005692 0.015499 
0.087130 0.033470 0.046870 0.049530 0.039770 
0.088610 0.033620 0.036890 0.080480 0.085360 
0.014750 0.040430 0.050680 0.038260 0.040900 
0.069580 0.058540 0.064720 0.010490 0.029920 
47
0.479817 0.014473 0.046210 
0.462778 0.970428 0.462022 
0.057405 0.015099 0.491768 
0.015811 0.004382 0.005114 0.009213 0.046155 
0.012298 0.005393 0.018401 0.007437 0.048858 
0.011797 0.005117 0.005345 0.004886 0.013412 
0.009384 0.008321 0.023706 0.707273 0.037697 
0.087130 0.033470 0.046870 0.049530 0.039770 
0.088610 0.033620 0.036890 0.080480 0.085360 
0.014750 0.040430 0.050680 0.038260 0.040900 
0.069580 0.058540 0.064720 0.010490 0.029920 
48
0.479817 0.014473 0.046210 
0.462778 0.970428 0.462022 
0.057405 0.015099 0.491768 
0.049444 0.002359 0.119276 0.473078 0.010914 
0.029042 0.010814 0.011952 0.042189 0.024936 
0.007690 0.022238 0.016791 0.043121 0.028542 
0.037566 0.028731 0.024352 0.004575 0.012390 
0.087130 0.033470 0.046870 0.049530 0.039770 
0.088610 0.033620 0.036890 0.080480 0.085360 
0.014750 0.040430 0.050680 0.038260 0.040900 
0.069580 0.058540 0.064720 0.010490 0.029920 
49
0.479817 0.014473 0.046210 
0.462778 0.970428 0.462022 
0.057405 0.015099 0.491768 
0.033939 0.002759 0.550616 0.092771 0.008817 
0.031871 0.010728 0.011705 0.032275 0.019090 
0.005828 0.047520 0.016734 0.022912 0.022149 
0.033294 0.026172 0.017326 0.003292 0.010201 
0.087130 0.033470 0.046870 0.049530 0.039770 
0.088610 0.033620 0.036890 0.080480 0.085360 
0.014750 0.040430 0.050680 0.038260 0.040900 
0.069580 0.058540 0.064720 0.010490 0.029920 
50
0.479817 0.014473 0.046210 
0.462778 0.970428 0.462022 
0.057405 0.015099 0.491768 
0.048959 0.004972 0.030176 0.035279 0.010477 
0.032138 0.010850 0.016957 0.032009 0.029097 
0.006296 0.019994 0.571404 0.018760 0.023530 
0.041662 0.028172 0.025898 0.003392 0.009976 
0.087130 0.033470 0.046870 0.049530 0.039770 
0.088610 0.033620 0.036890 0.080480 0.085360 
0.014750 0.040430 0.050680 0.038260 0.040900 
0.069580 0.058540 0.064720 0.010490 0.029920 
51
0.479817 0.014473 0.046210 
0.462778 0.970428 0.462022 
0.057405 0.015099 0.491768 
0.023329 0.006466 0.007057 0.010860 0.628727 
0.013907 0.006532 0.030211 0.008205 0.053925 
0.011033 0.006346 0.008409 0.007759 0.005271 
0.014629 0.015578 0.032957 0.024858 0.083942 
0.087130 0.033470 0.046870 0.049530 0.039770 
0.088610 0.033620 0.036890 0.080480 0.085360 
0.014750 0.040430 0.050680 0.038260 0.040900 
0.069580 0.058540 0.064720 0.010490 0.029920 
52
0.479817 0.014473 0.046210 
0.462778 0.970428 0.462022 
0.057405 0.015099 0.491768 
0.046254 0.003889 0.035819 0.045518 0.012592 
0.031295 0.015162 0.018263 0.082655 0.032302 
0.009857 0.029676 0.021250 0.032888 0.463220 
0.036073 0.034605 0.026181 0.006136 0.016364 
0.087130 0.033470 0.046870 0.049530 0.039770 
0.088610 0.033620 0.036890 0.080480 0.085360 
0.014750 0.040430 0.050680 0.038260 0.040900 
0.069580 0.058540 0.064720 0.010490 0.029920 
53
0.479817 0.014473 0.046210 
0.462778 0.970428 0.462022 
0.057405 0.015099 0.491768 
0.033682 0.007524 0.005352 0.006526 0.030314 
0.010444 0.005014 0.071756 0.006812 0.628542 
0.028620 0.006032 0.007526 0.007010 0.007483 
0.009828 0.017084 0.088243 0.006623 0.015584 
0.087130 0.033470 0.046870 0.049530 0.039770 
0.088610 0.033620 0.036890 0.080480 0.085360 
0.014750 0.040430 0.050680 0.038260 0.040900 
0.069580 0.058540 0.064720 0.010490 0.029920 
54
0.479817 0.014473 0.046210 
0.462778 0.970428 0.462022 
0.057405 0.015099 0.491768 
0.037632 0.004941 0.028293 0.028686 0.012956 
0.029165 0.010665 0.019133 0.028223 0.025138 
0.007482 0.026486 0.018964 0.020690 0.021836 
0.095225 0.535878 0.029435 0.004784 0.014387 
0.087130 0.033470 0.046870 0.049530 0.039770 
0.088610 0.033620 0.036890 0.080480 0.085360 
0.014750 0.040430 0.050680 0.038260 0.040900 
0.069580 0.058540 0.064720 0.010490 0.029920 
55
0.479817 0.014473 0.046210 
0.462778 0.970428 0.462022 
0.057405 0.015099 0.491768 
0.055421 0.009606 0.016776 0.020268 0.044475 
0.025200 0.010351 0.064983 0.021296 0.105648 
0.383356 0.015566 0.014335 0.016586 0.019582 
0.023540 0.028707 0.071096 0.009597 0.043612 
0.087130 0.033470 0.046870 0.049530 0.039770 
0.088610 0.033620 0.036890 0.080480 0.085360 
0.014750 0.040430 0.050680 0.038260 0.040900 
0.069580 0.058540 0.064720 0.010490 0.029920 
56
0.479817 0.014473 0.046210 
0.462778 0.970428 0.462022 
0.057405 0.015099 0.491768 
0.034314 0.003005 0.560241 0.043981 0.009211 
0.032121 0.011475 0.012572 0.034412 0.020468 
0.006246 0.046599 0.022480 0.022598 0.046523 
0.033395 0.027327 0.018430 0.003635 0.010966 
0.087130 0.033470 0.046870 0.049530 0.039770 
0.088610 0.033620 0.036890 0.080480 0.085360 
0.014750 0.040430 0.050680 0.038260 0.040900 
0.069580 0.058540 0.064720 0.010490 0.029920 
57
0.479817 0.014473 0.046210 
0.462778 0.970428 0.462022 
0.057405 0.015099 0.491768 
0.384488 0.008036 0.038362 0.063967 0.017690 
0.044323 0.013248 0.025095 0.042239 0.041023 
0.012152 0.033040 0.019456 0.028738 0.032481 
0.088087 0.043004 0.040005 0.006381 0.018187 
0.087130 0.033470 0.046870 0.049530 0.039770 
0.088610 0.033620 0.036890 0.080480 0.085360 
0.014750 0.040430 0.050680 0.038260 0.040900 
0.069580 0.058540 0.064720 0.010490 0.029920 
58
0.479817 0.014473 0.046210 
0.462778 0.970428 0.462022 
0.057405 0.015099 0.491768 
0.028827 0.008871 0.015986 0.018441 0.101567 
0.018849 0.028143 0.030091 0.019221 0.056298 
0.014314 0.017937 0.013214 0.013857 0.019698 
0.023294 0.021437 0.033011 0.030404 0.486539 
0.087130 0.033470 0.046870 0.049530 0.039770 
0.088610 0.033620 0.036890 0.080480 0.085360 
0.014750 0.040430 0.050680 0.038260 0.040900 
0.069580 0.058540 0.064720 0.010490 0.029920 
59
0.479817 0.014473 0.046210 
0.462778 0.970428 0.462022 
0.057405 0.015099 0.491768 
0.016907 0.004430 0.005727 0.009474 0.039456 
0.012669 0.005443 0.019845 0.007930 0.049393 
0.011820 0.005547 0.005779 0.005316 0.013159 
0.009762 0.009054 0.042817 0.692288 0.033184 
0.087130 0.033470 0.046870 0.049530 0.039770 
0.088610 0.033620 0.036890 0.080480 0.085360 
0.014750 0.040430 0.050680 0.038260 0.040900 
0.069580 0.058540 0.064720 0.010490 0.029920 
60
0.479817 0.014473 0.046210 
0.462778 0.970428 0.462022 
0.057405 0.015099 0.491768 
0.048389 0.003704 0.037240 0.048508 0.011977 
0.030460 0.022271 0.017398 0.478934 0.031181 
0.011732 0.030321 0.021096 0.034790 0.051504 
0.038961 0.034763 0.025192 0.005850 0.015726 
0.087130 0.033470 0.046870 0.049530 0.039770 
0.088610 0.033620 0.036890 0.080480 0.085360 
0.014750 0.040430 0.050680 0.038260 0.040900 
0.069580 0.058540 0.064720 0.010490 0.029920 
61
0.479817 0.014473 0.046210 
0.462778 0.970428 0.462022 
0.057405 0.015099 0.491768 
0.027338 0.006022 0.008421 0.012479 0.130125 
0.015606 0.021803 0.030357 0.013036 0.045786 
0.011611 0.015847 0.008033 0.012316 0.017161 
0.022122 0.021475 0.044796 0.025493 0.510173 
0.087130 0.033470 0.046870 0.049530 0.039770 
0.088610 0.033620 0.036890 0.080480 0.085360 
0.014750 0.040430 0.050680 0.038260 0.040900 
0.069580 0.058540 0.064720 0.010490 0.029920 
62
0.479817 0.014473 0.046210 
0.462778 0.970428 0.462022 
0.057405 0.015099 0.491768 
0.043086 0.004307 0.034519 0.041948 0.013660 
0.032968 0.013944 0.019123 0.043428 0.033701 
0.009542 0.026776 0.020747 0.513667 0.034141 
0.033763 0.032103 0.026981 0.005891 0.015703 
0.087130 0.033470 0.046870 0.049530 0.039770 
0.088610 0.033620 0.036890 0.080480 0.085360 
0.014750 0.040430 0.050680 0.038260 0.040900 
0.069580 0.058540 0.064720 0.010490 0.029920 
63
0.479817 0.014473 0.046210 
0.462778 0.970428 0.462022 
0.057405 0.015099 0.491768 
0.385369 0.012361 0.025245 0.030609 0.022833 
0.089154 0.011707 0.032181 0.028898 0.050168 
0.014941 0.020788 0.018136 0.021651 0.036159 
0.074500 0.035062 0.062186 0.007113 0.020940 
0.087130 0.033470 0.046870 0.049530 0.039770 
0.088610 0.033620 0.036890 0.080480 0.085360 
0.014750 0.040430 0.050680 0.038260 0.040900 
0.069580 0.058540 0.064720 0.010490 0.029920 
64
0.479817 0.014473 0.046210 
0.462778 0.970428 0.462022 
0.057405 0.015099 0.491768 
0.043066 0.002712 0.067071 0.538927 0.010357 
0.037526 0.011137 0.011955 0.039523 0.023594 
0.007234 0.022194 0.017128 0.034959 0.028405 
0.033634 0.034400 0.019229 0.004583 0.012366 
0.087130 0.033470 0.046870 0.049530 0.039770 
0.088610 0.033620 0.036890 0.080480 0.085360 
0.014750 0.040430 0.050680 0.038260 0.040900 
0.069580 0.058540 0.064720 0.010490 0.029920 
65
0.479817 0.014473 0.046210 
0.462778 0.970428 0.462022 
0.057405 0.015099 0.491768 
0.047178 0.005141 0.044891 0.070743 0.011667 
0.035847 0.019258 0.018732 0.370575 0.033303 
0.010326 0.037008 0.028769 0.046857 0.090542 
0.045002 0.039058 0.026043 0.004705 0.014354 
0.087130 0.033470 0.046870 0.049530 0.039770 
0.088610 0.033620 0.036890 0.080480 0.085360 
0.014750 0.040430 0.050680 0.038260 0.040900 
0.069580 0.058540 0.064720 0.010490 0.029920 
66
0.479817 0.014473 0.046210 
0.462778 0.970428 0.462022 
0.057405 0.015099 0.491768 
0.042069 0.002537 0.092217 0.545595 0.010054 
0.028985 0.010432 0.010987 0.036904 0.022237 
0.006766 0.020751 0.016591 0.034693 0.026116 
0.032803 0.026069 0.018065 0.004356 0.011772 
0.087130 0.033470 0.046870 0.049530 0.039770 
0.088610 0.033620 0.036890 0.080480 0.085360 
0.014750 0.040430 0.050680 0.038260 0.040900 
0.069580 0.058540 0.064720 0.010490 0.029920 
67
0.479817 0.014473 0.046210 
0.462778 0.970428 0.462022 
0.057405 0.015099 0.491768 
0.075829 0.003452 0.049991 0.058922 0.012771 
0.031625 0.015667 0.021064 0.299452 0.037569 
0.010643 0.031306 0.021176 0.040451 0.151220 
0.048375 0.040275 0.027328 0.006198 0.016685 
0.087130 0.033470 0.046870 0.049530 0.039770 
0.088610 0.033620 0.036890 0.080480 0.085360 
0.014750 0.040430 0.050680 0.038260 0.040900 
0.069580 0.058540 0.064720 0.010490 0.029920 
68
0.479817 0.014473 0.046210 
0.462778 0.970428 0.462022 
0.057405 0.015099 0.491768 
0.049199 0.003594 0.037620 0.049061 0.011587 
0.055060 0.015013 0.016760 0.450595 0.030148 
0.009150 0.030097 0.021075 0.034836 0.053345 
0.045585 0.041863 0.024359 0.005695 0.015356 
0.087130 0.033470 0.046870 0.049530 0.039770 
0.088610 0.033620 0.036890 0.080480 0.085360 
0.014750 0.040430 0.050680 0.038260 0.040900 
0.069580 0.058540 0.064720 0.010490 0.029920 
69
0.479817 0.014473 0.046210 
0.462778 0.970428 0.462022 
0.057405 0.015099 0.491768 
0.038995 0.007443 0.005459 0.006638 0.036171 
0.010576 0.005021 0.070319 0.006922 0.622795 
0.020512 0.006089 0.007505 0.006816 0.007546 
0.009963 0.021603 0.087681 0.006527 0.015417 
0.087130 0.033470 0.046870 0.049530 0.039770 
0.088610 0.033620 0.036890 0.080480 0.085360 
0.014750 0.040430 0.050680 0.038260 0.040900 
0.069580 0.058540 0.064720 0.010490 0.029920 
70
0.479817 0.014473 0.046210 
0.462778 0.970428 0.462022 
0.057405 0.015099 0.491768 
0.023084 0.004085 0.014205 0.015017 0.050793 
0.029558 0.013531 0.015717 0.019772 0.027907 
0.007110 0.012458 0.011164 0.011576 0.015629 
0.019153 0.017757 0.024473 0.012619 0.654391 
0.087130 0.033470 0.046870 0.049530 0.039770 
0.088610 0.033620 0.036890 0.080480 0.085360 
0.014750 0.040430 0.050680 0.038260 0.040900 
0.069580 0.058540 0.064720 0.010490 0.029920 
71
0.479817 0.014473 0.046210 
0.462778 0.970428 0.462022 
0.057405 0.020080 0.486528 
0.580829 0.008138 0.020945 0.023196 0.016761 
0.038335 0.009531 0.023420 0.022258 0.037810 
0.010559 0.016726 0.015458 0.016280 0.019516 
0.055020 0.026119 0.038301 0.005428 0.015370 
0.087129 0.033470 0.046870 0.049530 0.039770 
0.088609 0.033620 0.036898 0.080479 0.085359 
0.014750 0.040430 0.050680 0.038260 0.040900 
0.069579 0.058539 0.064719 0.010490 0.029920 
72
0.479817 0.014473 0.045718 
0.462778 0.965447 0.467754 
0.057405 0.015099 0.491768 
0.038758 0.010333 0.006294 0.006225 0.031770 
0.011976 0.005480 0.418275 0.008450 0.088527 
0.017354 0.006146 0.009585 0.006184 0.007951 
0.012523 0.022622 0.268630 0.005905 0.017012 
0.087130 0.033470 0.046870 0.049530 0.039770 
0.088610 0.033620 0.036890 0.080480 0.085360 
0.014750 0.040430 0.050680 0.038260 0.040900 
0.069580 0.058540 0.064720 0.010490 0.029920 
73
0.479817 0.014473 0.046210 
0.462778 0.970428 0.462022 
0.057405 0.015099 0.491768 
0.060875 0.011506 0.018897 0.017945 0.223410 
0.035276 0.015661 0.141570 0.020153 0.144905 
0.025537 0.018107 0.015497 0.015892 0.022216 
0.027323 0.030211 0.098523 0.014357 0.042140 
0.087130 0.033470 0.046870 0.049530 0.039770 
0.088610 0.033620 0.036890 0.080480 0.085360 
0.014750 0.040430 0.050680 0.038260 0.040900 
0.069580 0.058540 0.064720 0.010490 0.029920 
74
0.479817 0.014473 0.046210 
0.462778 0.970428 0.462022 
0.057405 0.015099 0.491768 
0.043800 0.002931 0.480936 0.064754 0.009451 
0.035416 0.012431 0.014531 0.038696 0.021625 
0.006850 0.083968 0.018199 0.025366 0.024829 
0.050345 0.032112 0.020121 0.003037 0.010602 
0.087130 0.033470 0.046870 0.049530 0.039770 
0.088610 0.033620 0.036890 0.080480 0.085360 
0.014750 0.040430 0.050680 0.038260 0.040900 
0.069580 0.058540 0.064720 0.010490 0.029920 
75
0.479817 0.014473 0.046210 
0.462778 0.970428 0.462022 
0.057405 0.015099 0.491768 
0.502684 0.010278 0.022344 0.026663 0.022023 
0.043340 0.010504 0.029013 0.025470 0.046085 
0.013169 0.018515 0.016271 0.019093 0.022295 
0.062518 0.037203 0.048129 0.006286 0.018117 
0.087130 0.033470 0.046870 0.049530 0.039770 
0.088610 0.033620 0.036890 0.080480 0.085360 
0.014750 0.040430 0.050680 0.038260 0.040900 
0.069580 0.058540 0.064720 0.010490 0.029920 
76
0.479817 0.014473 0.046210 
0.462778 0.970428 0.462022 
0.057405 0.015099 0.491768 
0.030623 0.007892 0.005441 0.009589 0.537836 
0.011855 0.008154 0.059711 0.007546 0.099580 
0.019085 0.006094 0.007865 0.007897 0.005714 
0.014040 0.017547 0.060555 0.022463 0.060511 
0.087130 0.033470 0.046870 0.049530 0.039770 
0.088610 0.033620 0.036890 0.080480 0.085360 
0.014750 0.040430 0.050680 0.038260 0.040900 
0.069580 0.058540 0.064720 0.010490 0.029920 
77
0.479817 0.014473 0.046210 
0.462778 0.970428 0.462022 
0.057405 0.015099 0.491768 
0.358104 0.010517 0.029891 0.041154 0.021448 
0.048003 0.012903 0.030637 0.036038 0.048440 
0.014238 0.027329 0.019590 0.037625 0.029270 
0.105863 0.038503 0.062972 0.007035 0.020441 
0.087130 0.033470 0.046870 0.049530 0.039770 
0.088610 0.033620 0.036890 0.080480 0.085360 
0.014750 0.040430 0.050680 0.038260 0.040900 
0.069580 0.058540 0.064720 0.010490 0.029920 
78
0.479817 0.014473 0.046210 
0.462778 0.970428 0.462022 
0.057405 0.015099 0.491768 
0.049477 0.004062 0.039768 0.051604 0.013054 
0.032641 0.015910 0.018364 0.054766 0.032819 
0.010044 0.034761 0.022107 0.410220 0.084736 
0.038962 0.036802 0.026840 0.006251 0.016813 
0.087130 0.033470 0.046870 0.049530 0.039770 
0.088610 0.033620 0.036890 0.080480 0.085360 
0.014750 0.040430 0.050680 0.038260 0.040900 
0.069580 0.058540 0.064720 0.010490 0.029920 
79
0.479817 0.014473 0.046210 
0.462778 0.970428 0.462022 
0.057405 0.015099 0.491768 
0.054464 0.005147 0.056941 0.040053 0.014337 
0.051270 0.016151 0.016348 0.041985 0.028839 
0.008791 0.392595 0.024997 0.027722 0.032752 
0.103416 0.037386 0.023873 0.006256 0.016679 
0.087130 0.033470 0.046870 0.049530 0.039770 
0.088610 0.033620 0.036890 0.080480 0.085360 
0.014750 0.040430 0.050680 0.038260 0.040900 
0.069580 0.058540 0.064720 0.010490 0.029920 
80
0.479817 0.014473 0.046210 
0.462778 0.970428 0.462022 
0.057405 0.079896 0.431339 
0.055101 0.005112 0.063022 0.044072 0.014574 
0.069593 0.019778 0.016536 0.054700 0.029648 
0.009290 0.373908 0.026085 0.030940 0.036780 
0.065744 0.037320 0.023852 0.006560 0.017385 
0.087141 0.033466 0.046865 0.049524 0.039765 
0.088693 0.033616 0.036886 0.080471 0.085350 
0.014748 0.040425 0.050674 0.038256 0.040895 
0.069572 0.058533 0.064713 0.010489 0.029917 
81
0.479817 0.014473 0.040532 
0.462778 0.905630 0.528129 
0.057405 0.015099 0.491768 
0.078037 0.006467 0.047121 0.057444 0.023954 
0.065559 0.077748 0.030754 0.056922 0.064212 
0.015176 0.037074 0.023752 0.207235 0.044100 
0.046078 0.045224 0.037798 0.009850 0.025493 
0.087130 0.033470 0.046870 0.049530 0.039770 
0.088610 0.033620 0.036890 0.080480 0.085360 
0.014750 0.040430 0.050680 0.038260 0.040900 
0.069580 0.058540 0.064720 0.010490 0.029920 
82
0.479817 0.014473 0.046210 
0.462778 0.970428 0.462022 
0.057405 0.015099 0.491768 
0.068350 0.010976 0.017690 0.019273 0.052052 
0.025389 0.013843 0.071935 0.021484 0.313073 
0.127723 0.016017 0.012017 0.031343 0.022954 
0.020912 0.028329 0.077085 0.010585 0.038968 
0.087130 0.033470 0.046870 0.049530 0.039770 
0.088610 0.033620 0.036890 0.080480 0.085360 
0.014750 0.040430 0.050680 0.038260 0.040900 
0.069580 0.058540 0.064720 0.010490 0.029920 
83
0.479817 0.014473 0.046210 
0.462778 0.970428 0.462022 
0.057405 0.015099 0.491768 
0.047647 0.005596 0.094897 0.069594 0.016761 
0.077930 0.020006 0.017352 0.048978 0.030698 
0.009623 0.290055 0.028246 0.038831 0.034903 
0.066156 0.052601 0.023902 0.007340 0.018886 
0.087130 0.033470 0.046870 0.049530 0.039770 
0.088610 0.033620 0.036890 0.080480 0.085360 
0.014750 0.040430 0.050680 0.038260 0.040900 
