%  SAM: modelfromalign v3.5 (July 15, 2005) compiled 12/05/20_11:48:22
%  (c) 1992-2001 Regents of the University of California, Santa Cruz
%
%          Sequence Alignment and Modeling Software System
%         http://www.cse.ucsc.edu/research/compbio/sam.html
%
% ----------------- Citations (SAM, SAM-T2K, HMMs) --------------------
% R. Hughey, A. Krogh, Hidden Markov models for sequence analysis:
%  Extension and analysis of the basic method, CABIOS 12:95-107, 1996.
% K. Karplus, et al., What is the value added by human intervention in protein
%  structure prediction, Proteins: Stucture, Function, Genetics 45(S5):86--91, 2001.
% A. Krogh et al., Hidden Markov models in computational biology:
%  Applications to protein modeling, JMB 235:1501-1531, Feb 1994.
% ---------------------------------------------------------------------
%  last   Host: gauntlet    Thu Feb 11 16:21:37 2021
%  dgpinheiro   Dir:  /data/GitHub/sfFinder/example/output/subfamily/TEST1/flowerpower/fp-workspace/final
% ---------------------------------------------------------------------
% Prior File:  Internal (Name: recode3.20comp) 
%   20 priors on 20 characters.
%  Alignment weights from internal calc.  Total (1.57) Max (0.00) Min (0.00)
%  Weights from alignment method 1 (karplus), b=0.500000, e=0.500000
MODEL --  Model from alignment file last.a2m
alphabet protein
FREQAVE
0.000000 0.000000 0.000000 
0.000000 0.000000 0.000000 
0.000000 0.000000 0.000000 
0.073366 0.015731 0.056938 0.066613 0.049655 
0.061768 0.028683 0.052055 0.058198 0.085039 
0.025996 0.041873 0.045380 0.042494 0.052400 
0.059160 0.053814 0.060939 0.022990 0.046909 
0.073366 0.015731 0.056938 0.066613 0.049655 
0.061768 0.028683 0.052055 0.058198 0.085039 
0.025996 0.041873 0.045380 0.042494 0.052400 
0.059160 0.053814 0.060939 0.022990 0.046909 
Begin
0.000000 0.000000 0.000000 
0.000000 0.000000 0.000000 
0.000000 0.102655 0.805442 
0.000000 0.000000 0.000000 0.000000 0.000000 
0.000000 0.000000 0.000000 0.000000 0.000000 
0.000000 0.000000 0.000000 0.000000 0.000000 
0.000000 0.000000 0.000000 0.000000 0.000000 
0.087135 0.033412 0.046877 0.049460 0.039687 
0.088502 0.033556 0.036842 0.080764 0.085459 
0.014906 0.040443 0.050641 0.038240 0.040935 
0.069509 0.058601 0.064641 0.010468 0.029922 
1
0.000000 0.014473 0.062158 
0.000000 0.882872 0.132400 
0.042026 0.016442 0.491768 
0.073849 0.011341 0.055382 0.077859 0.031255 
0.050288 0.025736 0.049513 0.089142 0.078273 
0.026549 0.045530 0.043371 0.049018 0.065838 
0.064217 0.059435 0.061456 0.010921 0.031030 
0.087130 0.033470 0.046870 0.049530 0.039770 
0.088610 0.033620 0.036890 0.080480 0.085360 
0.014750 0.040430 0.050680 0.038260 0.040900 
0.069580 0.058540 0.064720 0.010490 0.029920 
2
0.618666 0.015761 0.046210 
0.339307 0.967797 0.462022 
0.042048 0.016440 0.491768 
0.074739 0.010126 0.063498 0.084080 0.026698 
0.060192 0.025813 0.038238 0.088947 0.061874 
0.018736 0.050333 0.054556 0.049766 0.074188 
0.069149 0.060331 0.050480 0.009851 0.028406 
0.087130 0.033470 0.046870 0.049530 0.039770 
0.088610 0.033620 0.036890 0.080480 0.085360 
0.014750 0.040430 0.050680 0.038260 0.040900 
0.069580 0.058540 0.064720 0.010490 0.029920 
3
0.617844 0.015758 0.046210 
0.340108 0.967802 0.462022 
0.042095 0.016433 0.491768 
0.075283 0.013325 0.039952 0.058160 0.039798 
0.039698 0.021959 0.079821 0.058221 0.137312 
0.030767 0.034545 0.039807 0.038387 0.050279 
0.053063 0.053742 0.090968 0.012015 0.032897 
0.087130 0.033470 0.046870 0.049530 0.039770 
0.088610 0.033620 0.036890 0.080480 0.085360 
0.014750 0.040430 0.050680 0.038260 0.040900 
0.069580 0.058540 0.064720 0.010490 0.029920 
4
0.618547 0.015752 0.046210 
0.339357 0.967814 0.462022 
0.042095 0.016433 0.491768 
0.074470 0.011193 0.066467 0.075944 0.029588 
0.077857 0.027171 0.039441 0.070181 0.067469 
0.019285 0.061384 0.047580 0.045919 0.059332 
0.071320 0.060815 0.051646 0.010886 0.032052 
0.087130 0.033470 0.046870 0.049530 0.039770 
0.088610 0.033620 0.036890 0.080480 0.085360 
0.014750 0.040430 0.050680 0.038260 0.040900 
0.069580 0.058540 0.064720 0.010490 0.029920 
5
0.618547 0.015752 0.046210 
0.339357 0.967814 0.462022 
0.042095 0.016433 0.491768 
0.077863 0.012022 0.054511 0.075319 0.033208 
0.050080 0.024899 0.051036 0.071051 0.092181 
0.023279 0.045847 0.049439 0.046073 0.060199 
0.064166 0.060179 0.064689 0.011180 0.032780 
0.087130 0.033470 0.046870 0.049530 0.039770 
0.088610 0.033620 0.036890 0.080480 0.085360 
0.014750 0.040430 0.050680 0.038260 0.040900 
0.069580 0.058540 0.064720 0.010490 0.029920 
6
0.460775 0.015752 0.046210 
0.497129 0.967814 0.462022 
0.049981 0.015617 0.491768 
0.067574 0.004754 0.046812 0.061141 0.017613 
0.040137 0.018746 0.028563 0.147634 0.048674 
0.014298 0.036645 0.026742 0.042748 0.242714 
0.046025 0.041563 0.036635 0.008496 0.022484 
0.087130 0.033470 0.046870 0.049530 0.039770 
0.088610 0.033620 0.036890 0.080480 0.085360 
0.014750 0.040430 0.050680 0.038260 0.040900 
0.069580 0.058540 0.064720 0.010490 0.029920 
7
0.547091 0.014970 0.046210 
0.402928 0.969413 0.462022 
0.049981 0.015617 0.491768 
0.069421 0.003665 0.130595 0.285480 0.016109 
0.040410 0.016078 0.019478 0.061514 0.037127 
0.011007 0.035486 0.023288 0.051635 0.048448 
0.057719 0.038952 0.028387 0.006962 0.018236 
0.087130 0.033470 0.046870 0.049530 0.039770 
0.088610 0.033620 0.036890 0.080480 0.085360 
0.014750 0.040430 0.050680 0.038260 0.040900 
0.069580 0.058540 0.064720 0.010490 0.029920 
8
0.547091 0.014970 0.046210 
0.402928 0.969413 0.462022 
0.049981 0.015617 0.491768 
0.074256 0.004497 0.093278 0.069198 0.016307 
0.043784 0.018695 0.025670 0.252599 0.044574 
0.012775 0.048688 0.029107 0.045920 0.067462 
0.049665 0.041938 0.033482 0.007594 0.020509 
0.087130 0.033470 0.046870 0.049530 0.039770 
0.088610 0.033620 0.036890 0.080480 0.085360 
0.014750 0.040430 0.050680 0.038260 0.040900 
0.069580 0.058540 0.064720 0.010490 0.029920 
9
0.547091 0.014970 0.046210 
0.402928 0.969413 0.462022 
0.049981 0.015617 0.491768 
0.046236 0.008099 0.020438 0.024077 0.093531 
0.032369 0.021735 0.038607 0.023347 0.063319 
0.016193 0.020656 0.016219 0.019042 0.024668 
0.031841 0.030582 0.051214 0.033455 0.384371 
0.087130 0.033470 0.046870 0.049530 0.039770 
0.088610 0.033620 0.036890 0.080480 0.085360 
0.014750 0.040430 0.050680 0.038260 0.040900 
0.069580 0.058540 0.064720 0.010490 0.029920 
10
0.545869 0.014970 0.046210 
0.404150 0.969413 0.462022 
0.050042 0.015612 0.491768 
0.106636 0.010178 0.042246 0.043424 0.033669 
0.058700 0.020496 0.051196 0.042372 0.067483 
0.019576 0.037179 0.033274 0.032954 0.046946 
0.064882 0.154451 0.070249 0.012064 0.052025 
0.087130 0.033470 0.046870 0.049530 0.039770 
0.088610 0.033620 0.036890 0.080480 0.085360 
0.014750 0.040430 0.050680 0.038260 0.040900 
0.069580 0.058540 0.064720 0.010490 0.029920 
11
0.546537 0.014965 0.046210 
0.403421 0.969423 0.462022 
0.050042 0.015612 0.491768 
0.082760 0.006223 0.074888 0.061916 0.026940 
0.049077 0.023107 0.044333 0.078136 0.093255 
0.020734 0.038558 0.029609 0.041086 0.146081 
0.048187 0.040728 0.049420 0.012167 0.032793 
0.087130 0.033470 0.046870 0.049530 0.039770 
0.088610 0.033620 0.036890 0.080480 0.085360 
0.014750 0.040430 0.050680 0.038260 0.040900 
0.069580 0.058540 0.064720 0.010490 0.029920 
12
0.419517 0.014965 0.046210 
0.530441 0.969423 0.462022 
0.057323 0.015104 0.491768 
0.062224 0.011315 0.013750 0.015511 0.046364 
0.022738 0.010845 0.098404 0.016740 0.398073 
0.061645 0.013199 0.012793 0.014492 0.017992 
0.019595 0.039390 0.088209 0.010601 0.026121 
0.087130 0.033470 0.046870 0.049530 0.039770 
0.088610 0.033620 0.036890 0.080480 0.085360 
0.014750 0.040430 0.050680 0.038260 0.040900 
0.069580 0.058540 0.064720 0.010490 0.029920 
13
0.480557 0.014478 0.046210 
0.462119 0.970418 0.462022 
0.057323 0.015104 0.491768 
0.094608 0.007691 0.035398 0.038317 0.020735 
0.038370 0.014131 0.032528 0.037595 0.043911 
0.015795 0.033311 0.023995 0.028000 0.029520 
0.090668 0.340445 0.046986 0.007091 0.020904 
0.087130 0.033470 0.046870 0.049530 0.039770 
0.088610 0.033620 0.036890 0.080480 0.085360 
0.014750 0.040430 0.050680 0.038260 0.040900 
0.069580 0.058540 0.064720 0.010490 0.029920 
14
0.479840 0.014478 0.046210 
0.462837 0.970418 0.462022 
0.057365 0.015101 0.491768 
0.053880 0.004922 0.039336 0.048729 0.016322 
0.037342 0.016645 0.024253 0.054672 0.041853 
0.012091 0.031977 0.024035 0.034764 0.410154 
0.039846 0.049122 0.033025 0.007416 0.019617 
0.087130 0.033470 0.046870 0.049530 0.039770 
0.088610 0.033620 0.036890 0.080480 0.085360 
0.014750 0.040430 0.050680 0.038260 0.040900 
0.069580 0.058540 0.064720 0.010490 0.029920 
15
0.480184 0.014476 0.046210 
0.462451 0.970423 0.462022 
0.057365 0.015101 0.491768 
0.051167 0.004553 0.318095 0.062198 0.014749 
0.125110 0.016262 0.018237 0.044099 0.029384 
0.009178 0.078050 0.024472 0.032193 0.032388 
0.054562 0.038920 0.024612 0.005714 0.016058 
0.087130 0.033470 0.046870 0.049530 0.039770 
0.088610 0.033620 0.036890 0.080480 0.085360 
0.014750 0.040430 0.050680 0.038260 0.040900 
0.069580 0.058540 0.064720 0.010490 0.029920 
16
0.480184 0.014476 0.046210 
0.462451 0.970423 0.462022 
0.057365 0.015101 0.491768 
0.042354 0.008658 0.008825 0.010736 0.034036 
0.014544 0.006863 0.065449 0.011418 0.572450 
0.029315 0.009033 0.009889 0.010054 0.011476 
0.014055 0.031390 0.083069 0.007780 0.018604 
0.087130 0.033470 0.046870 0.049530 0.039770 
0.088610 0.033620 0.036890 0.080480 0.085360 
0.014750 0.040430 0.050680 0.038260 0.040900 
0.069580 0.058540 0.064720 0.010490 0.029920 
17
0.479479 0.014476 0.046210 
0.463157 0.970423 0.462022 
0.057405 0.015099 0.491768 
0.187627 0.008998 0.072417 0.049552 0.026266 
0.155595 0.020430 0.035731 0.047032 0.056065 
0.016550 0.049344 0.029100 0.032238 0.037060 
0.054833 0.039983 0.045337 0.009928 0.025915 
0.087130 0.033470 0.046870 0.049530 0.039770 
0.088610 0.033620 0.036890 0.080480 0.085360 
0.014750 0.040430 0.050680 0.038260 0.040900 
0.069580 0.058540 0.064720 0.010490 0.029920 
18
0.479817 0.014473 0.046210 
0.462778 0.970428 0.462022 
0.057405 0.015099 0.491768 
0.019677 0.005060 0.009777 0.011820 0.035874 
0.018679 0.006571 0.019241 0.010185 0.045956 
0.010976 0.008008 0.008748 0.006801 0.014218 
0.012708 0.011447 0.024828 0.688837 0.030588 
0.087130 0.033470 0.046870 0.049530 0.039770 
0.088610 0.033620 0.036890 0.080480 0.085360 
0.014750 0.040430 0.050680 0.038260 0.040900 
0.069580 0.058540 0.064720 0.010490 0.029920 
19
0.479817 0.014473 0.046210 
0.462778 0.970428 0.462022 
0.057405 0.015099 0.491768 
0.076085 0.003273 0.248617 0.188394 0.014879 
0.041337 0.014509 0.017388 0.052949 0.032282 
0.009583 0.049447 0.021532 0.049199 0.033743 
0.057817 0.042821 0.024786 0.005725 0.015633 
0.087130 0.033470 0.046870 0.049530 0.039770 
0.088610 0.033620 0.036890 0.080480 0.085360 
0.014750 0.040430 0.050680 0.038260 0.040900 
0.069580 0.058540 0.064720 0.010490 0.029920 
20
0.479817 0.014473 0.046210 
0.462778 0.970428 0.462022 
0.057405 0.015099 0.491768 
0.071518 0.011813 0.030935 0.030604 0.173812 
0.054434 0.022204 0.064219 0.025973 0.105912 
0.023249 0.030276 0.041356 0.022860 0.026805 
0.042887 0.071875 0.074423 0.019317 0.055528 
0.087130 0.033470 0.046870 0.049530 0.039770 
0.088610 0.033620 0.036890 0.080480 0.085360 
0.014750 0.040430 0.050680 0.038260 0.040900 
0.069580 0.058540 0.064720 0.010490 0.029920 
21
0.479817 0.014473 0.046210 
0.462778 0.970428 0.462022 
0.057405 0.015099 0.491768 
0.058512 0.007368 0.042048 0.039665 0.018750 
0.055786 0.014869 0.025500 0.037150 0.032635 
0.010265 0.042245 0.027233 0.027692 0.028022 
0.299467 0.165129 0.040169 0.006943 0.020553 
0.087130 0.033470 0.046870 0.049530 0.039770 
0.088610 0.033620 0.036890 0.080480 0.085360 
0.014750 0.040430 0.050680 0.038260 0.040900 
0.069580 0.058540 0.064720 0.010490 0.029920 
22
0.479817 0.014473 0.046210 
0.462778 0.970428 0.462022 
0.057405 0.015099 0.491768 
0.033133 0.005849 0.017827 0.019065 0.059971 
0.026968 0.015612 0.027732 0.019278 0.045912 
0.011218 0.015718 0.014240 0.014652 0.019202 
0.024108 0.023296 0.036701 0.014880 0.554639 
0.087130 0.033470 0.046870 0.049530 0.039770 
0.088610 0.033620 0.036890 0.080480 0.085360 
0.014750 0.040430 0.050680 0.038260 0.040900 
0.069580 0.058540 0.064720 0.010490 0.029920 
23
0.479817 0.014473 0.046210 
0.462778 0.970428 0.462022 
0.057405 0.015099 0.491768 
0.067486 0.005335 0.052533 0.096399 0.019019 
0.039840 0.018583 0.027252 0.062740 0.046652 
0.013677 0.035784 0.025880 0.244534 0.056139 
0.047181 0.042862 0.067563 0.008313 0.022227 
0.087130 0.033470 0.046870 0.049530 0.039770 
0.088610 0.033620 0.036890 0.080480 0.085360 
0.014750 0.040430 0.050680 0.038260 0.040900 
0.069580 0.058540 0.064720 0.010490 0.029920 
24
0.479817 0.014473 0.046210 
0.462778 0.970428 0.462022 
0.057405 0.015099 0.491768 
0.075734 0.005027 0.078924 0.064809 0.019533 
0.052925 0.018391 0.030402 0.166773 0.049798 
0.013240 0.044076 0.087660 0.042088 0.057939 
0.074707 0.049694 0.037790 0.008299 0.022190 
0.087130 0.033470 0.046870 0.049530 0.039770 
0.088610 0.033620 0.036890 0.080480 0.085360 
0.014750 0.040430 0.050680 0.038260 0.040900 
0.069580 0.058540 0.064720 0.010490 0.029920 
25
0.479817 0.014473 0.046210 
0.462778 0.970428 0.462022 
0.057405 0.015099 0.491768 
0.076011 0.005299 0.068666 0.214487 0.023216 
0.046836 0.020445 0.036237 0.076131 0.055813 
0.030547 0.038154 0.030665 0.045950 0.064077 
0.049540 0.040670 0.040104 0.010470 0.026681 
0.087130 0.033470 0.046870 0.049530 0.039770 
0.088610 0.033620 0.036890 0.080480 0.085360 
0.014750 0.040430 0.050680 0.038260 0.040900 
0.069580 0.058540 0.064720 0.010490 0.029920 
26
0.479817 0.014473 0.046210 
0.462778 0.970428 0.462022 
0.057405 0.015099 0.491768 
0.081582 0.003808 0.155935 0.141149 0.016582 
0.041673 0.016555 0.021003 0.072058 0.039354 
0.011118 0.038972 0.023196 0.144698 0.043885 
0.058320 0.037043 0.028042 0.006890 0.018136 
0.087130 0.033470 0.046870 0.049530 0.039770 
0.088610 0.033620 0.036890 0.080480 0.085360 
0.014750 0.040430 0.050680 0.038260 0.040900 
0.069580 0.058540 0.064720 0.010490 0.029920 
27
0.479817 0.014473 0.046210 
0.462778 0.970428 0.462022 
0.057405 0.015099 0.491768 
0.064539 0.003486 0.245146 0.148063 0.014184 
0.040957 0.015596 0.019064 0.104860 0.034176 
0.009974 0.051033 0.023444 0.045598 0.040415 
0.050488 0.036771 0.030425 0.005748 0.016030 
0.087130 0.033470 0.046870 0.049530 0.039770 
0.088610 0.033620 0.036890 0.080480 0.085360 
0.014750 0.040430 0.050680 0.038260 0.040900 
0.069580 0.058540 0.064720 0.010490 0.029920 
28
0.479817 0.014473 0.046210 
0.462778 0.970428 0.462022 
0.057405 0.015099 0.491768 
0.063866 0.012943 0.008171 0.007573 0.035886 
0.016546 0.006882 0.276120 0.010908 0.096248 
0.017876 0.007509 0.011896 0.007375 0.010103 
0.016475 0.029142 0.337768 0.006431 0.020286 
0.087130 0.033470 0.046870 0.049530 0.039770 
0.088610 0.033620 0.036890 0.080480 0.085360 
0.014750 0.040430 0.050680 0.038260 0.040900 
0.069580 0.058540 0.064720 0.010490 0.029920 
29
0.479817 0.014473 0.046210 
0.462778 0.970428 0.462022 
0.057405 0.015099 0.491768 
0.035909 0.007971 0.012159 0.015558 0.529875 
0.020506 0.009227 0.044240 0.013710 0.073568 
0.015929 0.010987 0.012007 0.011681 0.011194 
0.019834 0.021796 0.047916 0.021358 0.064576 
0.087130 0.033470 0.046870 0.049530 0.039770 
0.088610 0.033620 0.036890 0.080480 0.085360 
0.014750 0.040430 0.050680 0.038260 0.040900 
0.069580 0.058540 0.064720 0.010490 0.029920 
30
0.479817 0.014473 0.046210 
0.462778 0.970428 0.462022 
0.057405 0.015099 0.491768 
0.065654 0.005064 0.048559 0.055689 0.018844 
0.047362 0.017621 0.028486 0.190069 0.046625 
0.012237 0.039002 0.166228 0.038721 0.056781 
0.050777 0.043977 0.038472 0.008070 0.021764 
0.087130 0.033470 0.046870 0.049530 0.039770 
0.088610 0.033620 0.036890 0.080480 0.085360 
0.014750 0.040430 0.050680 0.038260 0.040900 
0.069580 0.058540 0.064720 0.010490 0.029920 
31
0.479817 0.088601 0.046210 
0.462778 0.896300 0.462022 
0.043096 0.016308 0.491768 
0.085282 0.005469 0.061419 0.109479 0.020563 
0.044924 0.033438 0.027991 0.069298 0.048603 
0.014053 0.039223 0.027025 0.198705 0.051172 
0.051186 0.043252 0.036288 0.008884 0.023743 
0.087130 0.033470 0.046870 0.049530 0.039770 
0.088610 0.033620 0.036890 0.080480 0.085360 
0.014750 0.040430 0.050680 0.038260 0.040900 
0.069580 0.058540 0.064720 0.010490 0.029920 
32
0.609479 0.029218 0.046210 
0.347425 0.954474 0.462022 
0.041347 0.016532 0.491768 
0.082188 0.013475 0.057580 0.073912 0.033124 
0.060636 0.024168 0.050771 0.065768 0.077766 
0.021534 0.045473 0.053527 0.042807 0.056268 
0.068477 0.062461 0.065866 0.011358 0.032840 
0.087130 0.033470 0.046870 0.049530 0.039770 
0.088610 0.033620 0.036890 0.080480 0.085360 
0.014750 0.040430 0.050680 0.038260 0.040900 
0.069580 0.058540 0.064720 0.010490 0.029920 
33
0.386180 0.016358 0.046210 
0.572472 0.967110 0.462022 
0.054236 0.015299 0.491768 
0.053049 0.014311 0.021584 0.031487 0.105030 
0.026731 0.032027 0.056185 0.033346 0.100161 
0.031762 0.027126 0.023176 0.027143 0.035545 
0.039840 0.044104 0.064196 0.024888 0.208308 
0.087130 0.033470 0.046870 0.049530 0.039770 
0.088610 0.033620 0.036890 0.080480 0.085360 
0.014750 0.040430 0.050680 0.038260 0.040900 
0.069580 0.058540 0.064720 0.010490 0.029920 
34
0.455302 0.014665 0.046210 
0.490462 0.970037 0.462022 
0.057286 0.015106 0.491768 
0.156208 0.008077 0.092910 0.074182 0.028224 
0.058137 0.020057 0.043779 0.061622 0.065500 
0.018081 0.041026 0.033000 0.039401 0.045122 
0.067737 0.052515 0.056161 0.010582 0.027677 
0.087130 0.033470 0.046870 0.049530 0.039770 
0.088610 0.033620 0.036890 0.080480 0.085360 
0.014750 0.040430 0.050680 0.038260 0.040900 
0.069580 0.058540 0.064720 0.010490 0.029920 
35
0.478817 0.014480 0.046210 
0.463897 0.970414 0.462022 
0.057405 0.015099 0.491768 
0.171690 0.007322 0.055894 0.061830 0.025825 
0.099103 0.021177 0.040459 0.080865 0.063975 
0.017939 0.041824 0.032124 0.041516 0.054696 
0.052429 0.048180 0.046528 0.010024 0.026600 
0.087130 0.033470 0.046870 0.049530 0.039770 
0.088610 0.033620 0.036890 0.080480 0.085360 
0.014750 0.040430 0.050680 0.038260 0.040900 
0.069580 0.058540 0.064720 0.010490 0.029920 
36
0.479817 0.014473 0.046210 
0.462778 0.970428 0.462022 
0.057405 0.015099 0.491768 
0.054264 0.009574 0.018359 0.024935 0.334331 
0.032436 0.018148 0.041873 0.017479 0.067574 
0.016593 0.019044 0.015432 0.016635 0.017183 
0.034188 0.032311 0.050418 0.030552 0.148672 
0.087130 0.033470 0.046870 0.049530 0.039770 
0.088610 0.033620 0.036890 0.080480 0.085360 
0.014750 0.040430 0.050680 0.038260 0.040900 
0.069580 0.058540 0.064720 0.010490 0.029920 
37
0.479817 0.014473 0.046210 
0.462778 0.970428 0.462022 
0.057405 0.015099 0.491768 
0.056922 0.003390 0.069276 0.409089 0.016905 
0.050709 0.014291 0.016604 0.062784 0.031915 
0.009768 0.029113 0.020838 0.044919 0.038048 
0.042945 0.035323 0.025309 0.005950 0.015903 
0.087130 0.033470 0.046870 0.049530 0.039770 
0.088610 0.033620 0.036890 0.080480 0.085360 
0.014750 0.040430 0.050680 0.038260 0.040900 
0.069580 0.058540 0.064720 0.010490 0.029920 
38
0.479817 0.014473 0.046210 
0.462778 0.970428 0.462022 
0.057405 0.015099 0.491768 
0.051484 0.003397 0.041729 0.020221 0.008156 
0.651546 0.007923 0.011045 0.022700 0.017299 
0.006438 0.026008 0.016624 0.013479 0.020688 
0.033557 0.020821 0.012100 0.003936 0.010849 
0.087130 0.033470 0.046870 0.049530 0.039770 
0.088610 0.033620 0.036890 0.080480 0.085360 
0.014750 0.040430 0.050680 0.038260 0.040900 
0.069580 0.058540 0.064720 0.010490 0.029920 
39
0.479817 0.014473 0.046210 
0.462778 0.970428 0.462022 
0.057405 0.015099 0.491768 
0.044610 0.010442 0.008178 0.009076 0.035944 
0.015573 0.006730 0.450939 0.010687 0.114797 
0.022137 0.008233 0.010770 0.008719 0.010519 
0.014728 0.024133 0.166755 0.007459 0.019568 
0.087130 0.033470 0.046870 0.049530 0.039770 
0.088610 0.033620 0.036890 0.080480 0.085360 
0.014750 0.040430 0.050680 0.038260 0.040900 
0.069580 0.058540 0.064720 0.010490 0.029920 
40
0.479817 0.014473 0.046210 
0.462778 0.970428 0.462022 
0.057405 0.015099 0.491768 
0.065251 0.005433 0.046354 0.059862 0.015701 
0.038510 0.021058 0.029794 0.335791 0.043066 
0.012430 0.035851 0.041312 0.042677 0.060369 
0.045520 0.040314 0.033417 0.007378 0.019912 
0.087130 0.033470 0.046870 0.049530 0.039770 
0.088610 0.033620 0.036890 0.080480 0.085360 
0.014750 0.040430 0.050680 0.038260 0.040900 
0.069580 0.058540 0.064720 0.010490 0.029920 
41
0.479817 0.014473 0.046210 
0.462778 0.970428 0.462022 
0.057405 0.015099 0.491768 
0.063452 0.011046 0.013160 0.014720 0.035221 
0.034365 0.008956 0.399600 0.016993 0.097210 
0.023351 0.012213 0.013695 0.012710 0.015761 
0.021107 0.034370 0.142597 0.007872 0.021601 
0.087130 0.033470 0.046870 0.049530 0.039770 
0.088610 0.033620 0.036890 0.080480 0.085360 
0.014750 0.040430 0.050680 0.038260 0.040900 
0.069580 0.058540 0.064720 0.010490 0.029920 
42
0.479817 0.014473 0.046210 
0.462778 0.970428 0.462022 
0.057405 0.015099 0.491768 
0.070133 0.005005 0.066152 0.239642 0.020261 
0.043892 0.048385 0.025936 0.075104 0.045314 
0.013227 0.039570 0.026076 0.045774 0.048802 
0.051498 0.068827 0.034090 0.009061 0.023251 
0.087130 0.033470 0.046870 0.049530 0.039770 
0.088610 0.033620 0.036890 0.080480 0.085360 
0.014750 0.040430 0.050680 0.038260 0.040900 
0.069580 0.058540 0.064720 0.010490 0.029920 
43
0.479817 0.014473 0.046210 
0.462778 0.970428 0.462022 
0.057405 0.015099 0.491768 
0.062165 0.003557 0.397688 0.078552 0.012000 
0.048998 0.014380 0.016936 0.045477 0.026643 
0.008296 0.076975 0.021248 0.031649 0.029732 
0.048131 0.036447 0.023485 0.004289 0.013353 
0.087130 0.033470 0.046870 0.049530 0.039770 
0.088610 0.033620 0.036890 0.080480 0.085360 
0.014750 0.040430 0.050680 0.038260 0.040900 
0.069580 0.058540 0.064720 0.010490 0.029920 
44
0.479817 0.014473 0.046210 
0.462778 0.970428 0.462022 
0.057405 0.015099 0.491768 
0.020296 0.005023 0.010400 0.013068 0.069556 
0.015413 0.012236 0.022065 0.012728 0.046113 
0.010990 0.010764 0.009483 0.009650 0.016147 
0.016411 0.015493 0.023208 0.598913 0.062043 
0.087130 0.033470 0.046870 0.049530 0.039770 
0.088610 0.033620 0.036890 0.080480 0.085360 
0.014750 0.040430 0.050680 0.038260 0.040900 
0.069580 0.058540 0.064720 0.010490 0.029920 
45
0.479817 0.014473 0.046210 
0.462778 0.970428 0.462022 
0.057405 0.015099 0.491768 
0.053104 0.003855 0.345602 0.105657 0.014080 
0.043305 0.015454 0.017796 0.048308 0.035267 
0.009294 0.066470 0.022921 0.037170 0.032824 
0.063673 0.037990 0.025173 0.006518 0.015537 
0.087130 0.033470 0.046870 0.049530 0.039770 
0.088610 0.033620 0.036890 0.080480 0.085360 
0.014750 0.040430 0.050680 0.038260 0.040900 
0.069580 0.058540 0.064720 0.010490 0.029920 
46
0.479817 0.014473 0.046210 
0.462778 0.970428 0.462022 
0.057405 0.015099 0.491768 
0.123677 0.004064 0.058848 0.068775 0.015138 
0.056815 0.017185 0.024992 0.257586 0.043721 
0.012055 0.041454 0.026489 0.051686 0.054978 
0.047112 0.038149 0.031560 0.006917 0.018800 
0.087130 0.033470 0.046870 0.049530 0.039770 
0.088610 0.033620 0.036890 0.080480 0.085360 
0.014750 0.040430 0.050680 0.038260 0.040900 
0.069580 0.058540 0.064720 0.010490 0.029920 
47
0.479817 0.014473 0.046210 
0.462778 0.970428 0.462022 
0.057405 0.015099 0.491768 
0.019729 0.004987 0.006795 0.011288 0.049605 
0.014265 0.006325 0.022216 0.009644 0.055092 
0.013257 0.006643 0.006596 0.006496 0.015243 
0.011523 0.010673 0.028044 0.660970 0.040609 
0.087130 0.033470 0.046870 0.049530 0.039770 
0.088610 0.033620 0.036890 0.080480 0.085360 
0.014750 0.040430 0.050680 0.038260 0.040900 
0.069580 0.058540 0.064720 0.010490 0.029920 
48
0.479817 0.014473 0.046210 
0.462778 0.970428 0.462022 
0.057405 0.015099 0.491768 
0.058366 0.002890 0.127659 0.389477 0.013050 
0.033687 0.013012 0.014936 0.050863 0.030136 
0.009150 0.027462 0.019590 0.048556 0.034488 
0.043800 0.033669 0.028902 0.005512 0.014795 
0.087130 0.033470 0.046870 0.049530 0.039770 
0.088610 0.033620 0.036890 0.080480 0.085360 
0.014750 0.040430 0.050680 0.038260 0.040900 
0.069580 0.058540 0.064720 0.010490 0.029920 
49
0.479817 0.014473 0.046210 
0.462778 0.970428 0.462022 
0.057405 0.015099 0.491768 
0.044427 0.003248 0.437165 0.117611 0.011210 
0.037347 0.013087 0.014652 0.041600 0.024729 
0.007596 0.054406 0.019945 0.031547 0.028286 
0.042008 0.032529 0.021556 0.004267 0.012785 
0.087130 0.033470 0.046870 0.049530 0.039770 
0.088610 0.033620 0.036890 0.080480 0.085360 
0.014750 0.040430 0.050680 0.038260 0.040900 
0.069580 0.058540 0.064720 0.010490 0.029920 
50
0.479817 0.014473 0.046210 
0.462778 0.970428 0.462022 
0.057405 0.015099 0.491768 
0.048959 0.004972 0.030176 0.035279 0.010477 
0.032138 0.010850 0.016957 0.032009 0.029097 
0.006296 0.019994 0.571404 0.018760 0.023530 
0.041662 0.028172 0.025898 0.003392 0.009976 
0.087130 0.033470 0.046870 0.049530 0.039770 
0.088610 0.033620 0.036890 0.080480 0.085360 
0.014750 0.040430 0.050680 0.038260 0.040900 
0.069580 0.058540 0.064720 0.010490 0.029920 
51
0.479817 0.014473 0.046210 
0.462778 0.970428 0.462022 
0.057405 0.015099 0.491768 
0.034370 0.008144 0.010749 0.015035 0.509539 
0.019340 0.009634 0.040969 0.012403 0.070465 
0.015163 0.010210 0.011199 0.011237 0.009758 
0.020042 0.021393 0.045760 0.026419 0.098171 
0.087130 0.033470 0.046870 0.049530 0.039770 
0.088610 0.033620 0.036890 0.080480 0.085360 
0.014750 0.040430 0.050680 0.038260 0.040900 
0.069580 0.058540 0.064720 0.010490 0.029920 
52
0.479817 0.014473 0.046210 
0.462778 0.970428 0.462022 
0.057405 0.015099 0.491768 
0.057201 0.004540 0.042085 0.054127 0.015581 
0.036636 0.017572 0.023721 0.094428 0.041157 
0.012355 0.034253 0.024624 0.038646 0.361325 
0.041992 0.039821 0.032333 0.007557 0.020046 
0.087130 0.033470 0.046870 0.049530 0.039770 
0.088610 0.033620 0.036890 0.080480 0.085360 
0.014750 0.040430 0.050680 0.038260 0.040900 
0.069580 0.058540 0.064720 0.010490 0.029920 
53
0.479817 0.014473 0.046210 
0.462778 0.970428 0.462022 
0.057405 0.015099 0.491768 
0.043345 0.009125 0.007651 0.009155 0.035987 
0.014013 0.006650 0.083065 0.009660 0.547623 
0.032243 0.008150 0.009490 0.009486 0.010366 
0.013116 0.021476 0.102083 0.008071 0.019247 
0.087130 0.033470 0.046870 0.049530 0.039770 
0.088610 0.033620 0.036890 0.080480 0.085360 
0.014750 0.040430 0.050680 0.038260 0.040900 
0.069580 0.058540 0.064720 0.010490 0.029920 
54
0.479817 0.014473 0.046210 
0.462778 0.970428 0.462022 
0.057405 0.015099 0.491768 
0.048687 0.006229 0.034383 0.035691 0.016675 
0.035218 0.013103 0.025030 0.035124 0.032961 
0.009830 0.032236 0.022988 0.025817 0.027193 
0.107099 0.429804 0.037733 0.006053 0.018149 
0.087130 0.033470 0.046870 0.049530 0.039770 
0.088610 0.033620 0.036890 0.080480 0.085360 
0.014750 0.040430 0.050680 0.038260 0.040900 
0.069580 0.058540 0.064720 0.010490 0.029920 
55
0.479817 0.014473 0.046210 
0.462778 0.970428 0.462022 
0.057405 0.015099 0.491768 
0.073028 0.011682 0.023630 0.027061 0.052611 
0.039601 0.014916 0.074611 0.027627 0.115275 
0.234841 0.021476 0.018184 0.021494 0.026842 
0.031621 0.036168 0.082574 0.013533 0.053225 
0.087130 0.033470 0.046870 0.049530 0.039770 
0.088610 0.033620 0.036890 0.080480 0.085360 
0.014750 0.040430 0.050680 0.038260 0.040900 
0.069580 0.058540 0.064720 0.010490 0.029920 
56
0.479817 0.014473 0.046210 
0.462778 0.970428 0.462022 
0.057405 0.015099 0.491768 
0.044435 0.003709 0.448338 0.058220 0.011899 
0.038663 0.014313 0.016066 0.044196 0.026730 
0.008174 0.054113 0.025813 0.029965 0.056922 
0.042221 0.034121 0.023249 0.004817 0.014035 
0.087130 0.033470 0.046870 0.049530 0.039770 
0.088610 0.033620 0.036890 0.080480 0.085360 
0.014750 0.040430 0.050680 0.038260 0.040900 
0.069580 0.058540 0.064720 0.010490 0.029920 
57
0.479817 0.014473 0.046210 
0.462778 0.970428 0.462022 
0.057405 0.015099 0.491768 
0.351486 0.008242 0.045246 0.073381 0.020215 
0.049220 0.015560 0.029424 0.049358 0.048252 
0.014078 0.033474 0.022886 0.033358 0.038550 
0.055260 0.039680 0.043793 0.007510 0.021026 
0.087130 0.033470 0.046870 0.049530 0.039770 
0.088610 0.033620 0.036890 0.080480 0.085360 
0.014750 0.040430 0.050680 0.038260 0.040900 
0.069580 0.058540 0.064720 0.010490 0.029920 
58
0.479817 0.014473 0.046210 
0.462778 0.970428 0.462022 
0.057405 0.015099 0.491768 
0.028827 0.008871 0.015986 0.018441 0.101567 
0.018849 0.028143 0.030091 0.019221 0.056298 
0.014314 0.017937 0.013214 0.013857 0.019698 
0.023294 0.021437 0.033011 0.030404 0.486539 
0.087130 0.033470 0.046870 0.049530 0.039770 
0.088610 0.033620 0.036890 0.080480 0.085360 
0.014750 0.040430 0.050680 0.038260 0.040900 
0.069580 0.058540 0.064720 0.010490 0.029920 
59
0.479817 0.014473 0.046210 
0.462778 0.970428 0.462022 
0.057405 0.015099 0.491768 
0.024093 0.005478 0.008438 0.012583 0.042399 
0.015698 0.006848 0.027387 0.011365 0.060326 
0.014295 0.008033 0.007843 0.007948 0.015600 
0.013231 0.013169 0.061146 0.609418 0.034702 
0.087130 0.033470 0.046870 0.049530 0.039770 
0.088610 0.033620 0.036890 0.080480 0.085360 
0.014750 0.040430 0.050680 0.038260 0.040900 
0.069580 0.058540 0.064720 0.010490 0.029920 
60
0.479817 0.014473 0.046210 
0.462778 0.970428 0.462022 
0.057405 0.015099 0.491768 
0.059493 0.004232 0.044206 0.057777 0.014318 
0.035909 0.024404 0.021695 0.385868 0.038322 
0.013926 0.034765 0.024671 0.040669 0.059620 
0.045216 0.039358 0.030105 0.006880 0.018565 
0.087130 0.033470 0.046870 0.049530 0.039770 
0.088610 0.033620 0.036890 0.080480 0.085360 
0.014750 0.040430 0.050680 0.038260 0.040900 
0.069580 0.058540 0.064720 0.010490 0.029920 
61
0.479817 0.014473 0.046210 
0.462778 0.970428 0.462022 
0.057405 0.015099 0.491768 
0.040711 0.007925 0.014809 0.018285 0.128358 
0.026652 0.023420 0.043079 0.017007 0.060198 
0.015528 0.022591 0.012565 0.015756 0.020912 
0.028727 0.027561 0.056652 0.026312 0.392952 
0.087130 0.033470 0.046870 0.049530 0.039770 
0.088610 0.033620 0.036890 0.080480 0.085360 
0.014750 0.040430 0.050680 0.038260 0.040900 
0.069580 0.058540 0.064720 0.010490 0.029920 
62
0.479817 0.014473 0.046210 
0.462778 0.970428 0.462022 
0.057405 0.015099 0.491768 
0.055318 0.005262 0.043447 0.054555 0.017299 
0.038861 0.016880 0.024555 0.054261 0.042844 
0.012140 0.032721 0.024569 0.392610 0.042093 
0.042090 0.039710 0.033920 0.007300 0.019566 
0.087130 0.033470 0.046870 0.049530 0.039770 
0.088610 0.033620 0.036890 0.080480 0.085360 
0.014750 0.040430 0.050680 0.038260 0.040900 
0.069580 0.058540 0.064720 0.010490 0.029920 
63
0.479817 0.014473 0.046210 
0.462778 0.970428 0.462022 
0.057405 0.015099 0.491768 
0.156846 0.008743 0.034982 0.031131 0.020847 
0.332171 0.013559 0.029089 0.031723 0.041088 
0.014182 0.036501 0.023594 0.021692 0.032927 
0.064877 0.035090 0.041559 0.007983 0.021417 
0.087130 0.033470 0.046870 0.049530 0.039770 
0.088610 0.033620 0.036890 0.080480 0.085360 
0.014750 0.040430 0.050680 0.038260 0.040900 
0.069580 0.058540 0.064720 0.010490 0.029920 
64
0.479817 0.014473 0.046210 
0.462778 0.970428 0.462022 
0.057405 0.015099 0.491768 
0.053273 0.003249 0.077985 0.444753 0.012634 
0.042383 0.013430 0.015017 0.049023 0.029219 
0.008898 0.027207 0.020130 0.042221 0.034872 
0.040872 0.040823 0.023496 0.005564 0.014950 
0.087130 0.033470 0.046870 0.049530 0.039770 
0.088610 0.033620 0.036890 0.080480 0.085360 
0.014750 0.040430 0.050680 0.038260 0.040900 
0.069580 0.058540 0.064720 0.010490 0.029920 
65
0.479817 0.014473 0.046210 
0.462778 0.970428 0.462022 
0.057405 0.015099 0.491768 
0.047178 0.005141 0.044891 0.070743 0.011667 
0.035847 0.019258 0.018732 0.370575 0.033303 
0.010326 0.037008 0.028769 0.046857 0.090542 
0.045002 0.039058 0.026043 0.004705 0.014354 
0.087130 0.033470 0.046870 0.049530 0.039770 
0.088610 0.033620 0.036890 0.080480 0.085360 
0.014750 0.040430 0.050680 0.038260 0.040900 
0.069580 0.058540 0.064720 0.010490 0.029920 
66
0.479817 0.014473 0.046210 
0.462778 0.970428 0.462022 
0.057405 0.015099 0.491768 
0.052303 0.003033 0.103329 0.451046 0.012254 
0.033685 0.012749 0.013981 0.046775 0.027839 
0.008439 0.025921 0.019587 0.042370 0.032780 
0.040113 0.031928 0.022257 0.005312 0.014300 
0.087130 0.033470 0.046870 0.049530 0.039770 
0.088610 0.033620 0.036890 0.080480 0.085360 
0.014750 0.040430 0.050680 0.038260 0.040900 
0.069580 0.058540 0.064720 0.010490 0.029920 
67
0.479817 0.014473 0.046210 
0.462778 0.970428 0.462022 
0.057405 0.015099 0.491768 
0.081350 0.004506 0.052869 0.059518 0.017262 
0.038449 0.017927 0.028635 0.107784 0.048532 
0.014217 0.034919 0.025300 0.041206 0.262148 
0.052603 0.046586 0.035885 0.008324 0.021979 
0.087130 0.033470 0.046870 0.049530 0.039770 
0.088610 0.033620 0.036890 0.080480 0.085360 
0.014750 0.040430 0.050680 0.038260 0.040900 
0.069580 0.058540 0.064720 0.010490 0.029920 
68
0.479817 0.014473 0.046210 
0.462778 0.970428 0.462022 
0.057405 0.015099 0.491768 
0.061182 0.004121 0.045120 0.058723 0.013970 
0.061865 0.017041 0.021225 0.353198 0.037457 
0.011034 0.034762 0.025166 0.040776 0.061409 
0.052251 0.046557 0.029300 0.006705 0.018139 
0.087130 0.033470 0.046870 0.049530 0.039770 
0.088610 0.033620 0.036890 0.080480 0.085360 
0.014750 0.040430 0.050680 0.038260 0.040900 
0.069580 0.058540 0.064720 0.010490 0.029920 
69
0.479817 0.014473 0.046210 
0.462778 0.970428 0.462022 
0.057405 0.015099 0.491768 
0.050360 0.009092 0.007931 0.009416 0.042176 
0.014435 0.006765 0.081372 0.009919 0.537469 
0.024228 0.008336 0.009570 0.009296 0.010587 
0.013503 0.026813 0.101543 0.007984 0.019206 
0.087130 0.033470 0.046870 0.049530 0.039770 
0.088610 0.033620 0.036890 0.080480 0.085360 
0.014750 0.040430 0.050680 0.038260 0.040900 
0.069580 0.058540 0.064720 0.010490 0.029920 
70
0.479817 0.014473 0.046210 
0.462778 0.970428 0.462022 
0.057405 0.015099 0.491768 
0.035986 0.005724 0.020481 0.023827 0.065430 
0.036171 0.018029 0.024135 0.030235 0.041667 
0.010907 0.018734 0.015087 0.018373 0.023707 
0.027964 0.026483 0.035452 0.016629 0.504980 
0.087130 0.033470 0.046870 0.049530 0.039770 
0.088610 0.033620 0.036890 0.080480 0.085360 
0.014750 0.040430 0.050680 0.038260 0.040900 
0.069580 0.058540 0.064720 0.010490 0.029920 
71
0.479817 0.014473 0.046210 
0.462778 0.970428 0.462022 
0.057405 0.020080 0.486528 
0.482756 0.009900 0.025773 0.029821 0.020820 
0.046182 0.011636 0.029915 0.028748 0.047885 
0.013410 0.020609 0.018442 0.020922 0.024695 
0.062645 0.032464 0.047716 0.006679 0.018983 
0.087129 0.033470 0.046870 0.049530 0.039770 
0.088609 0.033620 0.036898 0.080479 0.085359 
0.014750 0.040430 0.050680 0.038260 0.040900 
0.069579 0.058539 0.064719 0.010490 0.029920 
72
0.479817 0.014473 0.045718 
0.462778 0.965447 0.467754 
0.057405 0.015099 0.491768 
0.045394 0.011719 0.007739 0.007660 0.035434 
0.015175 0.006521 0.355511 0.010298 0.096892 
0.019187 0.007414 0.011161 0.007455 0.009690 
0.014996 0.026177 0.285420 0.006670 0.019486 
0.087130 0.033470 0.046870 0.049530 0.039770 
0.088610 0.033620 0.036890 0.080480 0.085360 
0.014750 0.040430 0.050680 0.038260 0.040900 
0.069580 0.058540 0.064720 0.010490 0.029920 
73
0.479817 0.014473 0.046210 
0.462778 0.970428 0.462022 
0.057405 0.015099 0.491768 
0.066517 0.012898 0.018191 0.018083 0.046056 
0.033660 0.012639 0.255741 0.026218 0.128765 
0.024312 0.015099 0.016954 0.015916 0.026797 
0.025475 0.034159 0.184767 0.009678 0.028075 
0.087130 0.033470 0.046870 0.049530 0.039770 
0.088610 0.033620 0.036890 0.080480 0.085360 
0.014750 0.040430 0.050680 0.038260 0.040900 
0.069580 0.058540 0.064720 0.010490 0.029920 
74
0.479817 0.014473 0.046210 
0.462778 0.970428 0.462022 
0.057405 0.015099 0.491768 
0.052002 0.003524 0.400141 0.077657 0.011795 
0.041480 0.014439 0.016705 0.044770 0.026087 
0.008161 0.086124 0.021293 0.030941 0.029324 
0.058329 0.036730 0.023263 0.004122 0.013114 
0.087130 0.033470 0.046870 0.049530 0.039770 
0.088610 0.033620 0.036890 0.080480 0.085360 
0.014750 0.040430 0.050680 0.038260 0.040900 
0.069580 0.058540 0.064720 0.010490 0.029920 
75
0.479817 0.014473 0.046210 
0.462778 0.970428 0.462022 
0.057405 0.015099 0.491768 
0.413175 0.011605 0.027343 0.033007 0.025873 
0.050920 0.012512 0.034898 0.031531 0.054958 
0.015613 0.022185 0.019380 0.023306 0.027022 
0.068944 0.043040 0.055804 0.007441 0.021444 
0.087130 0.033470 0.046870 0.049530 0.039770 
0.088610 0.033620 0.036890 0.080480 0.085360 
0.014750 0.040430 0.050680 0.038260 0.040900 
0.069580 0.058540 0.064720 0.010490 0.029920 
76
0.479817 0.014473 0.046210 
0.462778 0.970428 0.462022 
0.057405 0.015099 0.491768 
0.046081 0.010114 0.010483 0.013387 0.393140 
0.021517 0.012546 0.079537 0.010935 0.122915 
0.025054 0.011259 0.011683 0.011262 0.010706 
0.020078 0.024148 0.082975 0.021249 0.060931 
0.087130 0.033470 0.046870 0.049530 0.039770 
0.088610 0.033620 0.036890 0.080480 0.085360 
0.014750 0.040430 0.050680 0.038260 0.040900 
0.069580 0.058540 0.064720 0.010490 0.029920 
77
0.479817 0.014473 0.046210 
0.462778 0.970428 0.462022 
0.057405 0.015099 0.491768 
0.314661 0.011006 0.035464 0.047580 0.025547 
0.052301 0.015516 0.038413 0.043002 0.060165 
0.017241 0.031228 0.023288 0.040010 0.035611 
0.062702 0.041354 0.072062 0.008511 0.024336 
0.087130 0.033470 0.046870 0.049530 0.039770 
0.088610 0.033620 0.036890 0.080480 0.085360 
0.014750 0.040430 0.050680 0.038260 0.040900 
0.069580 0.058540 0.064720 0.010490 0.029920 
78
0.479817 0.014473 0.046210 
0.462778 0.970428 0.462022 
0.057405 0.015099 0.491768 
0.061785 0.004885 0.048342 0.062915 0.016498 
0.039389 0.018556 0.023441 0.064667 0.041215 
0.012322 0.040141 0.025711 0.298778 0.091942 
0.046169 0.042340 0.032690 0.007643 0.020573 
0.087130 0.033470 0.046870 0.049530 0.039770 
0.088610 0.033620 0.036890 0.080480 0.085360 
0.014750 0.040430 0.050680 0.038260 0.040900 
0.069580 0.058540 0.064720 0.010490 0.029920 
79
0.479817 0.014473 0.046210 
0.462778 0.970428 0.462022 
0.057405 0.015099 0.491768 
0.064062 0.006514 0.071410 0.046247 0.019075 
0.065709 0.019643 0.020821 0.046439 0.035628 
0.010826 0.276106 0.030152 0.031365 0.036275 
0.114900 0.046274 0.029304 0.008121 0.021128 
0.087130 0.033470 0.046870 0.049530 0.039770 
0.088610 0.033620 0.036890 0.080480 0.085360 
0.014750 0.040430 0.050680 0.038260 0.040900 
0.069580 0.058540 0.064720 0.010490 0.029920 
80
0.479817 0.014473 0.046210 
0.462778 0.970428 0.462022 
0.057405 0.079896 0.431339 
0.063903 0.006238 0.074623 0.049186 0.018848 
0.083686 0.020349 0.020803 0.057939 0.036065 
0.011140 0.276623 0.030547 0.033759 0.039692 
0.075009 0.043276 0.028713 0.008253 0.021348 
0.087141 0.033466 0.046865 0.049524 0.039765 
0.088693 0.033616 0.036886 0.080471 0.085350 
0.014748 0.040425 0.050674 0.038256 0.040895 
0.069572 0.058533 0.064713 0.010489 0.029917 
81
0.479817 0.014473 0.040532 
0.462778 0.905630 0.528129 
0.057405 0.015099 0.491768 
0.080970 0.009779 0.049338 0.049679 0.039537 
0.075105 0.128651 0.043615 0.044761 0.081163 
0.020527 0.045851 0.028325 0.052704 0.040900 
0.052947 0.049322 0.050846 0.016115 0.039864 
0.087130 0.033470 0.046870 0.049530 0.039770 
0.088610 0.033620 0.036890 0.080480 0.085360 
0.014750 0.040430 0.050680 0.038260 0.040900 
0.069580 0.058540 0.064720 0.010490 0.029920 
82
0.479817 0.014473 0.046210 
0.462778 0.970428 0.462022 
0.057405 0.015099 0.491768 
0.064246 0.011057 0.016181 0.018335 0.058678 
0.024722 0.012491 0.076208 0.019492 0.404739 
0.036744 0.015166 0.013954 0.021081 0.020339 
0.021888 0.028565 0.082022 0.011376 0.042716 
0.087130 0.033470 0.046870 0.049530 0.039770 
0.088610 0.033620 0.036890 0.080480 0.085360 
0.014750 0.040430 0.050680 0.038260 0.040900 
0.069580 0.058540 0.064720 0.010490 0.029920 
83
0.479817 0.014473 0.046210 
0.462778 0.970428 0.462022 
0.057405 0.015099 0.491768 
0.056499 0.006674 0.100957 0.071824 0.021951 
0.092835 0.022897 0.022660 0.051060 0.038434 
0.011813 0.209775 0.032148 0.033490 0.037438 
0.071858 0.055234 0.029466 0.009479 0.023509 
0.087130 0.033470 0.046870 0.049530 0.039770 
0.088610 0.033620 0.036890 0.080480 0.085360 
0.014750 0.040430 0.050680 0.038260 0.040900 
