%  SAM: modelfromalign v3.5 (July 15, 2005) compiled 12/05/20_11:48:22
%  (c) 1992-2001 Regents of the University of California, Santa Cruz
%
%          Sequence Alignment and Modeling Software System
%         http://www.cse.ucsc.edu/research/compbio/sam.html
%
% ----------------- Citations (SAM, SAM-T2K, HMMs) --------------------
% R. Hughey, A. Krogh, Hidden Markov models for sequence analysis:
%  Extension and analysis of the basic method, CABIOS 12:95-107, 1996.
% K. Karplus, et al., What is the value added by human intervention in protein
%  structure prediction, Proteins: Stucture, Function, Genetics 45(S5):86--91, 2001.
% A. Krogh et al., Hidden Markov models in computational biology:
%  Applications to protein modeling, JMB 235:1501-1531, Feb 1994.
% ---------------------------------------------------------------------
%  last   Host: gauntlet    Thu Feb 11 16:21:37 2021
%  dgpinheiro   Dir:  /data/GitHub/sfFinder/example/output/subfamily/TEST1/flowerpower/fp-workspace/final
% ---------------------------------------------------------------------
% Prior File:  Internal (Name: recode3.20comp) 
%   20 priors on 20 characters.
%  Alignment weights from internal calc.  Total (1.57) Max (0.00) Min (0.00)
%  Weights from alignment method 1 (karplus), b=0.500000, e=0.500000
MODEL --  Model from alignment file last.a2m
alphabet protein
FREQAVE
0.000000 0.000000 0.000000 
0.000000 0.000000 0.000000 
0.000000 0.000000 0.000000 
0.073366 0.015731 0.056938 0.066613 0.049655 
0.061768 0.028683 0.052055 0.058198 0.085039 
0.025996 0.041873 0.045380 0.042494 0.052400 
0.059160 0.053814 0.060939 0.022990 0.046909 
0.073366 0.015731 0.056938 0.066613 0.049655 
0.061768 0.028683 0.052055 0.058198 0.085039 
0.025996 0.041873 0.045380 0.042494 0.052400 
0.059160 0.053814 0.060939 0.022990 0.046909 
Begin
0.000000 0.000000 0.000000 
0.000000 0.000000 0.000000 
0.000000 0.102655 0.805442 
0.000000 0.000000 0.000000 0.000000 0.000000 
0.000000 0.000000 0.000000 0.000000 0.000000 
0.000000 0.000000 0.000000 0.000000 0.000000 
0.000000 0.000000 0.000000 0.000000 0.000000 
0.087135 0.033412 0.046877 0.049460 0.039687 
0.088502 0.033556 0.036842 0.080764 0.085459 
0.014906 0.040443 0.050641 0.038240 0.040935 
0.069509 0.058601 0.064641 0.010468 0.029922 
1
0.000000 0.014473 0.062158 
0.000000 0.882872 0.132400 
0.042026 0.016442 0.491768 
0.077128 0.006502 0.054293 0.065452 0.024360 
0.052521 0.020314 0.039448 0.209037 0.062748 
0.027504 0.041211 0.032926 0.044439 0.056353 
0.051930 0.047501 0.048925 0.010261 0.027146 
0.087130 0.033470 0.046870 0.049530 0.039770 
0.088610 0.033620 0.036890 0.080480 0.085360 
0.014750 0.040430 0.050680 0.038260 0.040900 
0.069580 0.058540 0.064720 0.010490 0.029920 
2
0.618666 0.015761 0.046210 
0.339307 0.967797 0.462022 
0.042048 0.016440 0.491768 
0.093408 0.005779 0.056677 0.068629 0.021385 
0.053496 0.020327 0.034775 0.189724 0.055829 
0.015853 0.042355 0.048118 0.046162 0.067630 
0.054038 0.046583 0.044341 0.009471 0.025420 
0.087130 0.033470 0.046870 0.049530 0.039770 
0.088610 0.033620 0.036890 0.080480 0.085360 
0.014750 0.040430 0.050680 0.038260 0.040900 
0.069580 0.058540 0.064720 0.010490 0.029920 
3
0.617844 0.015758 0.046210 
0.340108 0.967802 0.462022 
0.042095 0.016433 0.491768 
0.081845 0.011760 0.029997 0.033930 0.045333 
0.044910 0.018469 0.079438 0.045710 0.182131 
0.107261 0.025822 0.020731 0.026538 0.036611 
0.033702 0.038494 0.087046 0.014680 0.035591 
0.087130 0.033470 0.046870 0.049530 0.039770 
0.088610 0.033620 0.036890 0.080480 0.085360 
0.014750 0.040430 0.050680 0.038260 0.040900 
0.069580 0.058540 0.064720 0.010490 0.029920 
4
0.618547 0.015752 0.046210 
0.339357 0.967814 0.462022 
0.042095 0.016433 0.491768 
0.074369 0.009106 0.065306 0.050485 0.032477 
0.092125 0.024450 0.040093 0.048413 0.090889 
0.017886 0.138801 0.035317 0.034274 0.040747 
0.063586 0.047467 0.048938 0.013038 0.032231 
0.087130 0.033470 0.046870 0.049530 0.039770 
0.088610 0.033620 0.036890 0.080480 0.085360 
0.014750 0.040430 0.050680 0.038260 0.040900 
0.069580 0.058540 0.064720 0.010490 0.029920 
5
0.618547 0.015752 0.046210 
0.339357 0.967814 0.462022 
0.042095 0.016433 0.491768 
0.181800 0.010938 0.045612 0.051701 0.034066 
0.063428 0.020060 0.053338 0.050972 0.100320 
0.022144 0.043642 0.031341 0.039631 0.043073 
0.051859 0.045425 0.066951 0.011846 0.031854 
0.087130 0.033470 0.046870 0.049530 0.039770 
0.088610 0.033620 0.036890 0.080480 0.085360 
0.014750 0.040430 0.050680 0.038260 0.040900 
0.069580 0.058540 0.064720 0.010490 0.029920 
6
0.460775 0.015752 0.046210 
0.497129 0.967814 0.462022 
0.049981 0.015617 0.491768 
0.066627 0.004458 0.047694 0.062583 0.015833 
0.039062 0.018291 0.025003 0.294947 0.043601 
0.012702 0.036605 0.026646 0.043500 0.114070 
0.046413 0.040767 0.033231 0.007596 0.020371 
0.087130 0.033470 0.046870 0.049530 0.039770 
0.088610 0.033620 0.036890 0.080480 0.085360 
0.014750 0.040430 0.050680 0.038260 0.040900 
0.069580 0.058540 0.064720 0.010490 0.029920 
7
0.547091 0.014970 0.046210 
0.402928 0.969413 0.462022 
0.049981 0.015617 0.491768 
0.065562 0.003387 0.224617 0.216285 0.015238 
0.040920 0.015169 0.017875 0.056328 0.033779 
0.010056 0.044070 0.022247 0.049113 0.041960 
0.057483 0.037074 0.026052 0.006198 0.016586 
0.087130 0.033470 0.046870 0.049530 0.039770 
0.088610 0.033620 0.036890 0.080480 0.085360 
0.014750 0.040430 0.050680 0.038260 0.040900 
0.069580 0.058540 0.064720 0.010490 0.029920 
8
0.547091 0.014970 0.046210 
0.402928 0.969413 0.462022 
0.049981 0.015617 0.491768 
0.073079 0.004406 0.092181 0.068340 0.015880 
0.042607 0.018481 0.024940 0.264362 0.043520 
0.012494 0.048021 0.028448 0.045533 0.067037 
0.048911 0.041471 0.032756 0.007437 0.020096 
0.087130 0.033470 0.046870 0.049530 0.039770 
0.088610 0.033620 0.036890 0.080480 0.085360 
0.014750 0.040430 0.050680 0.038260 0.040900 
0.069580 0.058540 0.064720 0.010490 0.029920 
9
0.547091 0.014970 0.046210 
0.402928 0.969413 0.462022 
0.049981 0.015617 0.491768 
0.043935 0.007802 0.019318 0.022957 0.093871 
0.030469 0.021430 0.036813 0.022443 0.060993 
0.015534 0.019628 0.015407 0.018353 0.023829 
0.030673 0.029512 0.049488 0.033039 0.404506 
0.087130 0.033470 0.046870 0.049530 0.039770 
0.088610 0.033620 0.036890 0.080480 0.085360 
0.014750 0.040430 0.050680 0.038260 0.040900 
0.069580 0.058540 0.064720 0.010490 0.029920 
10
0.545869 0.014970 0.046210 
0.404150 0.969413 0.462022 
0.050042 0.015612 0.491768 
0.110995 0.006851 0.043996 0.055926 0.028360 
0.047717 0.019958 0.046301 0.064500 0.072370 
0.020518 0.034543 0.027937 0.040811 0.165410 
0.045049 0.046262 0.058562 0.012380 0.051554 
0.087130 0.033470 0.046870 0.049530 0.039770 
0.088610 0.033620 0.036890 0.080480 0.085360 
0.014750 0.040430 0.050680 0.038260 0.040900 
0.069580 0.058540 0.064720 0.010490 0.029920 
11
0.546537 0.014965 0.046210 
0.403421 0.969423 0.462022 
0.050042 0.015612 0.491768 
0.084886 0.010211 0.052168 0.044964 0.036685 
0.046764 0.023196 0.061187 0.052035 0.215297 
0.025100 0.032919 0.027886 0.033350 0.048097 
0.042282 0.042268 0.069939 0.013410 0.037359 
0.087130 0.033470 0.046870 0.049530 0.039770 
0.088610 0.033620 0.036890 0.080480 0.085360 
0.014750 0.040430 0.050680 0.038260 0.040900 
0.069580 0.058540 0.064720 0.010490 0.029920 
12
0.419517 0.014965 0.046210 
0.530441 0.969423 0.462022 
0.057323 0.015104 0.491768 
0.065749 0.011730 0.015105 0.016184 0.085213 
0.025089 0.012443 0.097941 0.017183 0.345917 
0.058377 0.014488 0.012909 0.015439 0.019050 
0.020354 0.037942 0.088753 0.011444 0.028689 
0.087130 0.033470 0.046870 0.049530 0.039770 
0.088610 0.033620 0.036890 0.080480 0.085360 
0.014750 0.040430 0.050680 0.038260 0.040900 
0.069580 0.058540 0.064720 0.010490 0.029920 
13
0.480557 0.014478 0.046210 
0.462119 0.970418 0.462022 
0.057323 0.015104 0.491768 
0.092444 0.007474 0.034795 0.037761 0.020068 
0.037090 0.013833 0.031528 0.037168 0.042561 
0.015360 0.032929 0.023456 0.027654 0.029081 
0.090758 0.353081 0.045743 0.006880 0.020338 
0.087130 0.033470 0.046870 0.049530 0.039770 
0.088610 0.033620 0.036890 0.080480 0.085360 
0.014750 0.040430 0.050680 0.038260 0.040900 
0.069580 0.058540 0.064720 0.010490 0.029920 
14
0.479840 0.014478 0.046210 
0.462837 0.970418 0.462022 
0.057365 0.015101 0.491768 
0.052462 0.004821 0.038555 0.047661 0.015893 
0.036650 0.016325 0.023510 0.053444 0.040679 
0.011755 0.031365 0.023599 0.034033 0.423387 
0.039037 0.048341 0.032162 0.007216 0.019107 
0.087130 0.033470 0.046870 0.049530 0.039770 
0.088610 0.033620 0.036890 0.080480 0.085360 
0.014750 0.040430 0.050680 0.038260 0.040900 
0.069580 0.058540 0.064720 0.010490 0.029920 
15
0.480184 0.014476 0.046210 
0.462451 0.970423 0.462022 
0.057365 0.015101 0.491768 
0.049725 0.004371 0.332012 0.061589 0.014071 
0.122623 0.015809 0.017655 0.043439 0.028348 
0.008863 0.078174 0.023761 0.031571 0.031683 
0.053247 0.038303 0.023983 0.005387 0.015385 
0.087130 0.033470 0.046870 0.049530 0.039770 
0.088610 0.033620 0.036890 0.080480 0.085360 
0.014750 0.040430 0.050680 0.038260 0.040900 
0.069580 0.058540 0.064720 0.010490 0.029920 
16
0.480184 0.014476 0.046210 
0.462451 0.970423 0.462022 
0.057365 0.015101 0.491768 
0.041120 0.008472 0.008479 0.010337 0.033389 
0.014047 0.006640 0.064275 0.010989 0.582543 
0.028909 0.008727 0.009619 0.009719 0.011058 
0.013589 0.030678 0.081663 0.007601 0.018147 
0.087130 0.033470 0.046870 0.049530 0.039770 
0.088610 0.033620 0.036890 0.080480 0.085360 
0.014750 0.040430 0.050680 0.038260 0.040900 
0.069580 0.058540 0.064720 0.010490 0.029920 
17
0.479479 0.014476 0.046210 
0.463157 0.970423 0.462022 
0.057405 0.015099 0.491768 
0.156474 0.007820 0.066351 0.039821 0.022300 
0.269630 0.018099 0.029123 0.038642 0.043927 
0.014285 0.051550 0.026906 0.026334 0.030115 
0.055331 0.036196 0.035210 0.008938 0.022948 
0.087130 0.033470 0.046870 0.049530 0.039770 
0.088610 0.033620 0.036890 0.080480 0.085360 
0.014750 0.040430 0.050680 0.038260 0.040900 
0.069580 0.058540 0.064720 0.010490 0.029920 
18
0.479817 0.014473 0.046210 
0.462778 0.970428 0.462022 
0.057405 0.015099 0.491768 
0.018033 0.004840 0.008985 0.010855 0.034720 
0.017753 0.006157 0.017750 0.009153 0.043444 
0.010379 0.007311 0.008171 0.006073 0.013347 
0.011751 0.010425 0.023095 0.708040 0.029719 
0.087130 0.033470 0.046870 0.049530 0.039770 
0.088610 0.033620 0.036890 0.080480 0.085360 
0.014750 0.040430 0.050680 0.038260 0.040900 
0.069580 0.058540 0.064720 0.010490 0.029920 
19
0.479817 0.014473 0.046210 
0.462778 0.970428 0.462022 
0.057405 0.015099 0.491768 
0.079472 0.002292 0.181734 0.299299 0.013264 
0.034486 0.012040 0.014046 0.052986 0.029865 
0.008842 0.029931 0.018185 0.057991 0.032334 
0.053538 0.038852 0.021858 0.005141 0.013844 
0.087130 0.033470 0.046870 0.049530 0.039770 
0.088610 0.033620 0.036890 0.080480 0.085360 
0.014750 0.040430 0.050680 0.038260 0.040900 
0.069580 0.058540 0.064720 0.010490 0.029920 
20
0.479817 0.014473 0.046210 
0.462778 0.970428 0.462022 
0.057405 0.015099 0.491768 
0.067692 0.006418 0.038649 0.034471 0.034423 
0.049383 0.013112 0.039355 0.044069 0.067747 
0.010776 0.032809 0.278907 0.024377 0.029878 
0.057109 0.084889 0.053615 0.008651 0.023669 
0.087130 0.033470 0.046870 0.049530 0.039770 
0.088610 0.033620 0.036890 0.080480 0.085360 
0.014750 0.040430 0.050680 0.038260 0.040900 
0.069580 0.058540 0.064720 0.010490 0.029920 
21
0.479817 0.014473 0.046210 
0.462778 0.970428 0.462022 
0.057405 0.015099 0.491768 
0.057220 0.007228 0.041160 0.038955 0.018240 
0.054451 0.014544 0.024948 0.036582 0.031726 
0.010013 0.041518 0.026620 0.027287 0.027544 
0.309479 0.166164 0.039499 0.006745 0.020077 
0.087130 0.033470 0.046870 0.049530 0.039770 
0.088610 0.033620 0.036890 0.080480 0.085360 
0.014750 0.040430 0.050680 0.038260 0.040900 
0.069580 0.058540 0.064720 0.010490 0.029920 
22
0.479817 0.014473 0.046210 
0.462778 0.970428 0.462022 
0.057405 0.015099 0.491768 
0.031210 0.005590 0.017002 0.017922 0.058190 
0.026089 0.015094 0.026296 0.018075 0.043534 
0.010603 0.014902 0.013700 0.013775 0.018183 
0.022951 0.022109 0.034927 0.014387 0.575462 
0.087130 0.033470 0.046870 0.049530 0.039770 
0.088610 0.033620 0.036890 0.080480 0.085360 
0.014750 0.040430 0.050680 0.038260 0.040900 
0.069580 0.058540 0.064720 0.010490 0.029920 
23
0.479817 0.014473 0.046210 
0.462778 0.970428 0.462022 
0.057405 0.015099 0.491768 
0.076540 0.005204 0.047822 0.082748 0.021944 
0.040071 0.019040 0.036484 0.070385 0.060289 
0.017264 0.034706 0.025724 0.103587 0.170314 
0.044074 0.039479 0.068064 0.010120 0.026141 
0.087130 0.033470 0.046870 0.049530 0.039770 
0.088610 0.033620 0.036890 0.080480 0.085360 
0.014750 0.040430 0.050680 0.038260 0.040900 
0.069580 0.058540 0.064720 0.010490 0.029920 
24
0.479817 0.014473 0.046210 
0.462778 0.970428 0.462022 
0.057405 0.015099 0.491768 
0.062232 0.007307 0.067727 0.046715 0.024399 
0.056252 0.018813 0.034020 0.050318 0.044663 
0.013191 0.045799 0.081442 0.031811 0.038827 
0.108306 0.187792 0.045471 0.009436 0.025478 
0.087130 0.033470 0.046870 0.049530 0.039770 
0.088610 0.033620 0.036890 0.080480 0.085360 
0.014750 0.040430 0.050680 0.038260 0.040900 
0.069580 0.058540 0.064720 0.010490 0.029920 
25
0.479817 0.014473 0.046210 
0.462778 0.970428 0.462022 
0.057405 0.015099 0.491768 
0.081211 0.005375 0.058915 0.163523 0.024963 
0.045615 0.020796 0.042291 0.080830 0.065289 
0.031458 0.036946 0.029301 0.043908 0.099475 
0.046465 0.038483 0.044587 0.011501 0.029070 
0.087130 0.033470 0.046870 0.049530 0.039770 
0.088610 0.033620 0.036890 0.080480 0.085360 
0.014750 0.040430 0.050680 0.038260 0.040900 
0.069580 0.058540 0.064720 0.010490 0.029920 
26
0.479817 0.014473 0.046210 
0.462778 0.970428 0.462022 
0.057405 0.015099 0.491768 
0.075740 0.002568 0.190203 0.260873 0.014076 
0.037090 0.013244 0.015595 0.062293 0.032027 
0.009340 0.035048 0.019624 0.063975 0.035290 
0.056030 0.033481 0.023153 0.005527 0.014823 
0.087130 0.033470 0.046870 0.049530 0.039770 
0.088610 0.033620 0.036890 0.080480 0.085360 
0.014750 0.040430 0.050680 0.038260 0.040900 
0.069580 0.058540 0.064720 0.010490 0.029920 
27
0.479817 0.014473 0.046210 
0.462778 0.970428 0.462022 
0.057405 0.015099 0.491768 
0.070072 0.002992 0.118813 0.274877 0.013524 
0.035329 0.014777 0.017971 0.122996 0.034889 
0.009965 0.032551 0.021165 0.052186 0.044293 
0.047104 0.034791 0.030044 0.005856 0.015805 
0.087130 0.033470 0.046870 0.049530 0.039770 
0.088610 0.033620 0.036890 0.080480 0.085360 
0.014750 0.040430 0.050680 0.038260 0.040900 
0.069580 0.058540 0.064720 0.010490 0.029920 
28
0.479817 0.014473 0.046210 
0.462778 0.970428 0.462022 
0.057405 0.015099 0.491768 
0.059502 0.012744 0.007240 0.006453 0.034534 
0.014309 0.006241 0.264103 0.009875 0.091606 
0.016459 0.006631 0.011268 0.006371 0.008885 
0.015333 0.028179 0.375220 0.005901 0.019146 
0.087130 0.033470 0.046870 0.049530 0.039770 
0.088610 0.033620 0.036890 0.080480 0.085360 
0.014750 0.040430 0.050680 0.038260 0.040900 
0.069580 0.058540 0.064720 0.010490 0.029920 
29
0.479817 0.014473 0.046210 
0.462778 0.970428 0.462022 
0.057405 0.015099 0.491768 
0.034098 0.007732 0.011442 0.014813 0.546876 
0.019514 0.008772 0.042663 0.012940 0.071221 
0.015319 0.010298 0.011501 0.011087 0.010393 
0.018945 0.020854 0.045986 0.021385 0.064163 
0.087130 0.033470 0.046870 0.049530 0.039770 
0.088610 0.033620 0.036890 0.080480 0.085360 
0.014750 0.040430 0.050680 0.038260 0.040900 
0.069580 0.058540 0.064720 0.010490 0.029920 
30
0.479817 0.014473 0.046210 
0.462778 0.970428 0.462022 
0.057405 0.015099 0.491768 
0.051942 0.004212 0.034525 0.034510 0.016881 
0.037391 0.011464 0.024092 0.050619 0.039861 
0.007214 0.027205 0.463056 0.024447 0.035706 
0.042351 0.036137 0.035605 0.005995 0.016788 
0.087130 0.033470 0.046870 0.049530 0.039770 
0.088610 0.033620 0.036890 0.080480 0.085360 
0.014750 0.040430 0.050680 0.038260 0.040900 
0.069580 0.058540 0.064720 0.010490 0.029920 
31
0.479817 0.088601 0.046210 
0.462778 0.896300 0.462022 
0.043096 0.016308 0.491768 
0.068848 0.009824 0.075131 0.089596 0.027856 
0.056793 0.041664 0.035941 0.077155 0.058939 
0.018744 0.057327 0.043876 0.057411 0.063541 
0.071348 0.058574 0.046040 0.010695 0.030697 
0.087130 0.033470 0.046870 0.049530 0.039770 
0.088610 0.033620 0.036890 0.080480 0.085360 
0.014750 0.040430 0.050680 0.038260 0.040900 
0.069580 0.058540 0.064720 0.010490 0.029920 
32
0.609479 0.029218 0.046210 
0.347425 0.954474 0.462022 
0.041347 0.016532 0.491768 
0.082188 0.013475 0.057580 0.073912 0.033124 
0.060636 0.024168 0.050771 0.065768 0.077766 
0.021534 0.045473 0.053527 0.042807 0.056268 
0.068477 0.062461 0.065866 0.011358 0.032840 
0.087130 0.033470 0.046870 0.049530 0.039770 
0.088610 0.033620 0.036890 0.080480 0.085360 
0.014750 0.040430 0.050680 0.038260 0.040900 
0.069580 0.058540 0.064720 0.010490 0.029920 
33
0.386180 0.016358 0.046210 
0.572472 0.967110 0.462022 
0.054236 0.015299 0.491768 
0.046320 0.008869 0.016276 0.019408 0.119002 
0.030244 0.023050 0.043657 0.017414 0.084889 
0.020213 0.018677 0.013836 0.016357 0.021511 
0.029554 0.032208 0.056366 0.030649 0.351497 
0.087130 0.033470 0.046870 0.049530 0.039770 
0.088610 0.033620 0.036890 0.080480 0.085360 
0.014750 0.040430 0.050680 0.038260 0.040900 
0.069580 0.058540 0.064720 0.010490 0.029920 
34
0.455302 0.014665 0.046210 
0.490462 0.970037 0.462022 
0.057286 0.015106 0.491768 
0.089456 0.012427 0.044362 0.035876 0.041163 
0.054351 0.019762 0.133150 0.037923 0.091733 
0.024682 0.028472 0.030834 0.025852 0.036545 
0.046596 0.051632 0.147036 0.012876 0.035271 
0.087130 0.033470 0.046870 0.049530 0.039770 
0.088610 0.033620 0.036890 0.080480 0.085360 
0.014750 0.040430 0.050680 0.038260 0.040900 
0.069580 0.058540 0.064720 0.010490 0.029920 
35
0.478817 0.014480 0.046210 
0.463897 0.970414 0.462022 
0.057405 0.015099 0.491768 
0.146932 0.006236 0.060407 0.072846 0.024766 
0.079099 0.021012 0.040127 0.093873 0.065799 
0.017729 0.041285 0.029442 0.066197 0.060980 
0.051319 0.043140 0.043497 0.009721 0.025594 
0.087130 0.033470 0.046870 0.049530 0.039770 
0.088610 0.033620 0.036890 0.080480 0.085360 
0.014750 0.040430 0.050680 0.038260 0.040900 
0.069580 0.058540 0.064720 0.010490 0.029920 
36
0.479817 0.014473 0.046210 
0.462778 0.970428 0.462022 
0.057405 0.015099 0.491768 
0.048691 0.008317 0.017600 0.023642 0.174270 
0.031266 0.024719 0.035215 0.017934 0.057623 
0.015326 0.019966 0.014087 0.016968 0.021849 
0.034815 0.031842 0.048249 0.028764 0.328857 
0.087130 0.033470 0.046870 0.049530 0.039770 
0.088610 0.033620 0.036890 0.080480 0.085360 
0.014750 0.040430 0.050680 0.038260 0.040900 
0.069580 0.058540 0.064720 0.010490 0.029920 
37
0.479817 0.014473 0.046210 
0.462778 0.970428 0.462022 
0.057405 0.015099 0.491768 
0.055623 0.003313 0.068184 0.420682 0.016485 
0.049895 0.014005 0.016143 0.061645 0.031126 
0.009551 0.028484 0.020459 0.044200 0.037277 
0.042117 0.034715 0.024750 0.005804 0.015541 
0.087130 0.033470 0.046870 0.049530 0.039770 
0.088610 0.033620 0.036890 0.080480 0.085360 
0.014750 0.040430 0.050680 0.038260 0.040900 
0.069580 0.058540 0.064720 0.010490 0.029920 
38
0.479817 0.014473 0.046210 
0.462778 0.970428 0.462022 
0.057405 0.015099 0.491768 
0.050849 0.003338 0.041464 0.019873 0.007974 
0.657000 0.007781 0.010745 0.022301 0.016949 
0.006298 0.025623 0.016406 0.013220 0.020319 
0.033102 0.020460 0.011788 0.003862 0.010650 
0.087130 0.033470 0.046870 0.049530 0.039770 
0.088610 0.033620 0.036890 0.080480 0.085360 
0.014750 0.040430 0.050680 0.038260 0.040900 
0.069580 0.058540 0.064720 0.010490 0.029920 
39
0.479817 0.014473 0.046210 
0.462778 0.970428 0.462022 
0.057405 0.015099 0.491768 
0.045675 0.010605 0.007736 0.008429 0.037053 
0.015586 0.006841 0.380971 0.009982 0.189991 
0.023136 0.007906 0.010477 0.008499 0.010328 
0.013997 0.023704 0.161236 0.007721 0.020128 
0.087130 0.033470 0.046870 0.049530 0.039770 
0.088610 0.033620 0.036890 0.080480 0.085360 
0.014750 0.040430 0.050680 0.038260 0.040900 
0.069580 0.058540 0.064720 0.010490 0.029920 
40
0.479817 0.014473 0.046210 
0.462778 0.970428 0.462022 
0.057405 0.015099 0.491768 
0.063755 0.005352 0.045540 0.058999 0.015283 
0.037631 0.020880 0.028880 0.348263 0.041820 
0.012115 0.035356 0.040560 0.042163 0.059512 
0.044830 0.039832 0.032556 0.007211 0.019461 
0.087130 0.033470 0.046870 0.049530 0.039770 
0.088610 0.033620 0.036890 0.080480 0.085360 
0.014750 0.040430 0.050680 0.038260 0.040900 
0.069580 0.058540 0.064720 0.010490 0.029920 
41
0.479817 0.014473 0.046210 
0.462778 0.970428 0.462022 
0.057405 0.015099 0.491768 
0.059457 0.011857 0.010156 0.010528 0.035543 
0.028454 0.007779 0.375574 0.013103 0.095401 
0.021596 0.009514 0.012471 0.009657 0.012406 
0.018347 0.032256 0.207830 0.007198 0.020874 
0.087130 0.033470 0.046870 0.049530 0.039770 
0.088610 0.033620 0.036890 0.080480 0.085360 
0.014750 0.040430 0.050680 0.038260 0.040900 
0.069580 0.058540 0.064720 0.010490 0.029920 
42
0.479817 0.014473 0.046210 
0.462778 0.970428 0.462022 
0.057405 0.015099 0.491768 
0.063127 0.006977 0.050250 0.091563 0.027376 
0.050525 0.188384 0.030575 0.062421 0.050631 
0.015298 0.043362 0.027768 0.038215 0.045246 
0.051848 0.074498 0.039298 0.012114 0.030526 
0.087130 0.033470 0.046870 0.049530 0.039770 
0.088610 0.033620 0.036890 0.080480 0.085360 
0.014750 0.040430 0.050680 0.038260 0.040900 
0.069580 0.058540 0.064720 0.010490 0.029920 
43
0.479817 0.014473 0.046210 
0.462778 0.970428 0.462022 
0.057405 0.015099 0.491768 
0.060657 0.003455 0.409629 0.076958 0.011584 
0.048028 0.014060 0.016541 0.044530 0.025848 
0.008069 0.077081 0.020765 0.030824 0.029003 
0.047172 0.035826 0.022964 0.004089 0.012916 
0.087130 0.033470 0.046870 0.049530 0.039770 
0.088610 0.033620 0.036890 0.080480 0.085360 
0.014750 0.040430 0.050680 0.038260 0.040900 
0.069580 0.058540 0.064720 0.010490 0.029920 
44
0.479817 0.014473 0.046210 
0.462778 0.970428 0.462022 
0.057405 0.015099 0.491768 
0.020296 0.005023 0.010400 0.013068 0.069556 
0.015413 0.012236 0.022065 0.012728 0.046113 
0.010990 0.010764 0.009483 0.009650 0.016147 
0.016411 0.015493 0.023208 0.598913 0.062043 
0.087130 0.033470 0.046870 0.049530 0.039770 
0.088610 0.033620 0.036890 0.080480 0.085360 
0.014750 0.040430 0.050680 0.038260 0.040900 
0.069580 0.058540 0.064720 0.010490 0.029920 
45
0.479817 0.014473 0.046210 
0.462778 0.970428 0.462022 
0.057405 0.015099 0.491768 
0.049938 0.004788 0.289131 0.076293 0.016113 
0.057372 0.017814 0.018649 0.044393 0.033438 
0.009130 0.138294 0.025943 0.030062 0.029664 
0.072919 0.038353 0.024269 0.006770 0.016670 
0.087130 0.033470 0.046870 0.049530 0.039770 
0.088610 0.033620 0.036890 0.080480 0.085360 
0.014750 0.040430 0.050680 0.038260 0.040900 
0.069580 0.058540 0.064720 0.010490 0.029920 
46
0.479817 0.014473 0.046210 
0.462778 0.970428 0.462022 
0.057405 0.015099 0.491768 
0.122686 0.003978 0.058101 0.068044 0.014722 
0.055597 0.017014 0.024188 0.268430 0.042536 
0.011746 0.041048 0.025895 0.051429 0.054342 
0.046518 0.037779 0.030787 0.006765 0.018397 
0.087130 0.033470 0.046870 0.049530 0.039770 
0.088610 0.033620 0.036890 0.080480 0.085360 
0.014750 0.040430 0.050680 0.038260 0.040900 
0.069580 0.058540 0.064720 0.010490 0.029920 
47
0.479817 0.014473 0.046210 
0.462778 0.970428 0.462022 
0.057405 0.015099 0.491768 
0.018280 0.004781 0.006141 0.010529 0.048494 
0.013532 0.005984 0.020872 0.008830 0.053087 
0.012789 0.006057 0.006123 0.005892 0.014633 
0.010721 0.009790 0.026532 0.677105 0.039826 
0.087130 0.033470 0.046870 0.049530 0.039770 
0.088610 0.033620 0.036890 0.080480 0.085360 
0.014750 0.040430 0.050680 0.038260 0.040900 
0.069580 0.058540 0.064720 0.010490 0.029920 
48
0.479817 0.014473 0.046210 
0.462778 0.970428 0.462022 
0.057405 0.015099 0.491768 
0.057303 0.002806 0.127048 0.399767 0.012744 
0.033046 0.012706 0.014489 0.049801 0.029415 
0.008954 0.026726 0.019204 0.048075 0.033709 
0.043061 0.033053 0.028269 0.005373 0.014451 
0.087130 0.033470 0.046870 0.049530 0.039770 
0.088610 0.033620 0.036890 0.080480 0.085360 
0.014750 0.040430 0.050680 0.038260 0.040900 
0.069580 0.058540 0.064720 0.010490 0.029920 
49
0.479817 0.014473 0.046210 
0.462778 0.970428 0.462022 
0.057405 0.015099 0.491768 
0.043116 0.003175 0.450304 0.115099 0.010873 
0.036636 0.012783 0.014281 0.040467 0.023984 
0.007372 0.054020 0.019522 0.030517 0.027492 
0.041003 0.031796 0.021028 0.004114 0.012418 
0.087130 0.033470 0.046870 0.049530 0.039770 
0.088610 0.033620 0.036890 0.080480 0.085360 
0.014750 0.040430 0.050680 0.038260 0.040900 
0.069580 0.058540 0.064720 0.010490 0.029920 
50
0.479817 0.014473 0.046210 
0.462778 0.970428 0.462022 
0.057405 0.015099 0.491768 
0.048959 0.004972 0.030176 0.035279 0.010477 
0.032138 0.010850 0.016957 0.032009 0.029097 
0.006296 0.019994 0.571404 0.018760 0.023530 
0.041662 0.028172 0.025898 0.003392 0.009976 
0.087130 0.033470 0.046870 0.049530 0.039770 
0.088610 0.033620 0.036890 0.080480 0.085360 
0.014750 0.040430 0.050680 0.038260 0.040900 
0.069580 0.058540 0.064720 0.010490 0.029920 
51
0.479817 0.014473 0.046210 
0.462778 0.970428 0.462022 
0.057405 0.015099 0.491768 
0.032625 0.007911 0.010082 0.014390 0.526614 
0.018316 0.009116 0.039430 0.011773 0.068292 
0.014575 0.009526 0.010729 0.010709 0.009015 
0.019182 0.020510 0.043881 0.026408 0.096917 
0.087130 0.033470 0.046870 0.049530 0.039770 
0.088610 0.033620 0.036890 0.080480 0.085360 
0.014750 0.040430 0.050680 0.038260 0.040900 
0.069580 0.058540 0.064720 0.010490 0.029920 
52
0.479817 0.014473 0.046210 
0.462778 0.970428 0.462022 
0.057405 0.015099 0.491768 
0.055847 0.004462 0.041340 0.053125 0.015198 
0.035953 0.017299 0.023018 0.093338 0.040045 
0.012048 0.033735 0.024218 0.037999 0.373267 
0.041312 0.039256 0.031574 0.007378 0.019589 
0.087130 0.033470 0.046870 0.049530 0.039770 
0.088610 0.033620 0.036890 0.080480 0.085360 
0.014750 0.040430 0.050680 0.038260 0.040900 
0.069580 0.058540 0.064720 0.010490 0.029920 
53
0.479817 0.014473 0.046210 
0.462778 0.970428 0.462022 
0.057405 0.015099 0.491768 
0.041944 0.008921 0.007269 0.008723 0.035305 
0.013454 0.006397 0.081789 0.009188 0.558518 
0.031865 0.007815 0.009203 0.009105 0.009897 
0.012609 0.020871 0.100504 0.007878 0.018745 
0.087130 0.033470 0.046870 0.049530 0.039770 
0.088610 0.033620 0.036890 0.080480 0.085360 
0.014750 0.040430 0.050680 0.038260 0.040900 
0.069580 0.058540 0.064720 0.010490 0.029920 
54
0.479817 0.014473 0.046210 
0.462778 0.970428 0.462022 
0.057405 0.015099 0.491768 
0.047266 0.006061 0.033640 0.034871 0.016154 
0.034335 0.012794 0.024232 0.034337 0.031868 
0.009514 0.031597 0.022468 0.025236 0.026557 
0.106256 0.442619 0.036669 0.005878 0.017649 
0.087130 0.033470 0.046870 0.049530 0.039770 
0.088610 0.033620 0.036890 0.080480 0.085360 
0.014750 0.040430 0.050680 0.038260 0.040900 
0.069580 0.058540 0.064720 0.010490 0.029920 
55
0.479817 0.014473 0.046210 
0.462778 0.970428 0.462022 
0.057405 0.015099 0.491768 
0.071065 0.011468 0.022762 0.026263 0.051755 
0.037720 0.014331 0.073671 0.026908 0.114647 
0.251341 0.020730 0.017722 0.020942 0.025955 
0.030680 0.035359 0.081448 0.013030 0.052203 
0.087130 0.033470 0.046870 0.049530 0.039770 
0.088610 0.033620 0.036890 0.080480 0.085360 
0.014750 0.040430 0.050680 0.038260 0.040900 
0.069580 0.058540 0.064720 0.010490 0.029920 
56
0.479817 0.014473 0.046210 
0.462778 0.970428 0.462022 
0.057405 0.015099 0.491768 
0.043088 0.003607 0.462385 0.056510 0.011501 
0.037762 0.013943 0.015599 0.042989 0.025861 
0.007916 0.053564 0.025306 0.029031 0.055650 
0.041129 0.033315 0.022618 0.004633 0.013593 
0.087130 0.033470 0.046870 0.049530 0.039770 
0.088610 0.033620 0.036890 0.080480 0.085360 
0.014750 0.040430 0.050680 0.038260 0.040900 
0.069580 0.058540 0.064720 0.010490 0.029920 
57
0.479817 0.014473 0.046210 
0.462778 0.970428 0.462022 
0.057405 0.015099 0.491768 
0.362978 0.008197 0.044254 0.072158 0.019815 
0.048306 0.015275 0.028758 0.048335 0.047202 
0.013811 0.032923 0.022412 0.032707 0.037808 
0.054689 0.039157 0.043229 0.007355 0.020632 
0.087130 0.033470 0.046870 0.049530 0.039770 
0.088610 0.033620 0.036890 0.080480 0.085360 
0.014750 0.040430 0.050680 0.038260 0.040900 
0.069580 0.058540 0.064720 0.010490 0.029920 
58
0.479817 0.014473 0.046210 
0.462778 0.970428 0.462022 
0.057405 0.015099 0.491768 
0.028827 0.008871 0.015986 0.018441 0.101567 
0.018849 0.028143 0.030091 0.019221 0.056298 
0.014314 0.017937 0.013214 0.013857 0.019698 
0.023294 0.021437 0.033011 0.030404 0.486539 
0.087130 0.033470 0.046870 0.049530 0.039770 
0.088610 0.033620 0.036890 0.080480 0.085360 
0.014750 0.040430 0.050680 0.038260 0.040900 
0.069580 0.058540 0.064720 0.010490 0.029920 
59
0.479817 0.014473 0.046210 
0.462778 0.970428 0.462022 
0.057405 0.015099 0.491768 
0.021915 0.005179 0.007570 0.011648 0.041701 
0.014711 0.006409 0.025270 0.010350 0.057476 
0.013646 0.007247 0.007198 0.007155 0.014926 
0.012142 0.011919 0.056537 0.632625 0.034375 
0.087130 0.033470 0.046870 0.049530 0.039770 
0.088610 0.033620 0.036890 0.080480 0.085360 
0.014750 0.040430 0.050680 0.038260 0.040900 
0.069580 0.058540 0.064720 0.010490 0.029920 
60
0.479817 0.014473 0.046210 
0.462778 0.970428 0.462022 
0.057405 0.015099 0.491768 
0.058150 0.004164 0.043383 0.056740 0.013998 
0.035199 0.024184 0.021086 0.397092 0.037352 
0.013642 0.034264 0.024216 0.040038 0.058750 
0.044518 0.038843 0.029443 0.006744 0.018193 
0.087130 0.033470 0.046870 0.049530 0.039770 
0.088610 0.033620 0.036890 0.080480 0.085360 
0.014750 0.040430 0.050680 0.038260 0.040900 
0.069580 0.058540 0.064720 0.010490 0.029920 
61
0.479817 0.014473 0.046210 
0.462778 0.970428 0.462022 
0.057405 0.015099 0.491768 
0.038241 0.007590 0.013551 0.017216 0.130019 
0.024388 0.023168 0.040823 0.016294 0.057713 
0.014814 0.021371 0.011667 0.015148 0.020212 
0.027564 0.026484 0.054643 0.026314 0.412780 
0.087130 0.033470 0.046870 0.049530 0.039770 
0.088610 0.033620 0.036890 0.080480 0.085360 
0.014750 0.040430 0.050680 0.038260 0.040900 
0.069580 0.058540 0.064720 0.010490 0.029920 
62
0.479817 0.014473 0.046210 
0.462778 0.970428 0.462022 
0.057405 0.015099 0.491768 
0.053834 0.005145 0.042389 0.053101 0.016831 
0.038117 0.016548 0.023873 0.053073 0.041729 
0.011829 0.032051 0.024126 0.406845 0.041223 
0.041127 0.038863 0.033084 0.007126 0.019087 
0.087130 0.033470 0.046870 0.049530 0.039770 
0.088610 0.033620 0.036890 0.080480 0.085360 
0.014750 0.040430 0.050680 0.038260 0.040900 
0.069580 0.058540 0.064720 0.010490 0.029920 
63
0.479817 0.014473 0.046210 
0.462778 0.970428 0.462022 
0.057405 0.015099 0.491768 
0.309737 0.012355 0.031836 0.037845 0.025973 
0.097504 0.014318 0.037845 0.036796 0.058747 
0.017131 0.025678 0.022392 0.026389 0.042340 
0.065465 0.038803 0.066162 0.008465 0.024218 
0.087130 0.033470 0.046870 0.049530 0.039770 
0.088610 0.033620 0.036890 0.080480 0.085360 
0.014750 0.040430 0.050680 0.038260 0.040900 
0.069580 0.058540 0.064720 0.010490 0.029920 
64
0.479817 0.014473 0.046210 
0.462778 0.970428 0.462022 
0.057405 0.015099 0.491768 
0.052015 0.003173 0.076868 0.456343 0.012325 
0.041655 0.013135 0.014596 0.047870 0.028483 
0.008688 0.026555 0.019747 0.041444 0.034072 
0.039998 0.040051 0.022944 0.005431 0.014607 
0.087130 0.033470 0.046870 0.049530 0.039770 
0.088610 0.033620 0.036890 0.080480 0.085360 
0.014750 0.040430 0.050680 0.038260 0.040900 
0.069580 0.058540 0.064720 0.010490 0.029920 
65
0.479817 0.014473 0.046210 
0.462778 0.970428 0.462022 
0.057405 0.015099 0.491768 
0.047178 0.005141 0.044891 0.070743 0.011667 
0.035847 0.019258 0.018732 0.370575 0.033303 
0.010326 0.037008 0.028769 0.046857 0.090542 
0.045002 0.039058 0.026043 0.004705 0.014354 
0.087130 0.033470 0.046870 0.049530 0.039770 
0.088610 0.033620 0.036890 0.080480 0.085360 
0.014750 0.040430 0.050680 0.038260 0.040900 
0.069580 0.058540 0.064720 0.010490 0.029920 
66
0.479817 0.014473 0.046210 
0.462778 0.970428 0.462022 
0.057405 0.015099 0.491768 
0.051069 0.002961 0.102320 0.462500 0.011963 
0.033066 0.012443 0.013568 0.045549 0.027109 
0.008227 0.025231 0.019198 0.041561 0.031926 
0.039241 0.031210 0.021713 0.005182 0.013964 
0.087130 0.033470 0.046870 0.049530 0.039770 
0.088610 0.033620 0.036890 0.080480 0.085360 
0.014750 0.040430 0.050680 0.038260 0.040900 
0.069580 0.058540 0.064720 0.010490 0.029920 
67
0.479817 0.014473 0.046210 
0.462778 0.970428 0.462022 
0.057405 0.015099 0.491768 
0.079772 0.004429 0.052138 0.058518 0.016821 
0.037598 0.017695 0.027798 0.107198 0.047262 
0.013892 0.034453 0.024856 0.040643 0.273867 
0.052022 0.046287 0.035091 0.008142 0.021518 
0.087130 0.033470 0.046870 0.049530 0.039770 
0.088610 0.033620 0.036890 0.080480 0.085360 
0.014750 0.040430 0.050680 0.038260 0.040900 
0.069580 0.058540 0.064720 0.010490 0.029920 
68
0.479817 0.014473 0.046210 
0.462778 0.970428 0.462022 
0.057405 0.015099 0.491768 
0.059795 0.004054 0.044246 0.057701 0.013654 
0.060789 0.016825 0.020627 0.364710 0.036525 
0.010794 0.034226 0.024627 0.040175 0.060635 
0.051519 0.046068 0.028667 0.006577 0.017788 
0.087130 0.033470 0.046870 0.049530 0.039770 
0.088610 0.033620 0.036890 0.080480 0.085360 
0.014750 0.040430 0.050680 0.038260 0.040900 
0.069580 0.058540 0.064720 0.010490 0.029920 
69
0.479817 0.014473 0.046210 
0.462778 0.970428 0.462022 
0.057405 0.015099 0.491768 
0.059156 0.010579 0.011344 0.012276 0.174251 
0.020351 0.009951 0.083942 0.012147 0.343379 
0.026104 0.011572 0.011513 0.011929 0.013399 
0.017504 0.029962 0.102209 0.010808 0.027626 
0.087130 0.033470 0.046870 0.049530 0.039770 
0.088610 0.033620 0.036890 0.080480 0.085360 
0.014750 0.040430 0.050680 0.038260 0.040900 
0.069580 0.058540 0.064720 0.010490 0.029920 
70
0.479817 0.014473 0.046210 
0.462778 0.970428 0.462022 
0.057405 0.015099 0.491768 
0.034057 0.005496 0.019458 0.022539 0.064504 
0.034863 0.017544 0.022928 0.028816 0.039832 
0.010388 0.017780 0.014444 0.017453 0.022636 
0.026713 0.025271 0.034027 0.016264 0.524987 
0.087130 0.033470 0.046870 0.049530 0.039770 
0.088610 0.033620 0.036890 0.080480 0.085360 
0.014750 0.040430 0.050680 0.038260 0.040900 
0.069580 0.058540 0.064720 0.010490 0.029920 
71
0.479817 0.014473 0.046210 
0.462778 0.970428 0.462022 
0.057405 0.020080 0.486528 
0.494383 0.009714 0.025157 0.028992 0.020351 
0.045242 0.011381 0.029156 0.027937 0.046727 
0.013083 0.020131 0.018065 0.020355 0.024058 
0.061789 0.031725 0.046668 0.006530 0.018555 
0.087129 0.033470 0.046870 0.049530 0.039770 
0.088609 0.033620 0.036898 0.080479 0.085359 
0.014750 0.040430 0.050680 0.038260 0.040900 
0.069579 0.058539 0.064719 0.010490 0.029920 
72
0.479817 0.014473 0.045718 
0.462778 0.965447 0.467754 
0.057405 0.015099 0.491768 
0.044526 0.011577 0.007521 0.007428 0.034990 
0.014686 0.006371 0.362258 0.010035 0.095801 
0.018911 0.007219 0.010956 0.007253 0.009426 
0.014664 0.025764 0.284898 0.006556 0.019162 
0.087130 0.033470 0.046870 0.049530 0.039770 
0.088610 0.033620 0.036890 0.080480 0.085360 
0.014750 0.040430 0.050680 0.038260 0.040900 
0.069580 0.058540 0.064720 0.010490 0.029920 
73
0.479817 0.014473 0.046210 
0.462778 0.970428 0.462022 
0.057405 0.015099 0.491768 
0.064629 0.012842 0.017232 0.017027 0.045732 
0.032005 0.012055 0.266552 0.025037 0.128953 
0.023852 0.014334 0.016309 0.015107 0.025492 
0.024702 0.033500 0.188082 0.009335 0.027222 
0.087130 0.033470 0.046870 0.049530 0.039770 
0.088610 0.033620 0.036890 0.080480 0.085360 
0.014750 0.040430 0.050680 0.038260 0.040900 
0.069580 0.058540 0.064720 0.010490 0.029920 
74
0.479817 0.014473 0.046210 
0.462778 0.970428 0.462022 
0.057405 0.015099 0.491768 
0.050838 0.003429 0.410667 0.076235 0.011416 
0.040569 0.014150 0.016387 0.043994 0.025411 
0.007971 0.086260 0.020833 0.030222 0.028701 
0.057290 0.036152 0.022821 0.003938 0.012715 
0.087130 0.033470 0.046870 0.049530 0.039770 
0.088610 0.033620 0.036890 0.080480 0.085360 
0.014750 0.040430 0.050680 0.038260 0.040900 
0.069580 0.058540 0.064720 0.010490 0.029920 
75
0.479817 0.014473 0.046210 
0.462778 0.970428 0.462022 
0.057405 0.015099 0.491768 
0.423593 0.011487 0.026695 0.032218 0.025441 
0.050039 0.012263 0.034219 0.030774 0.053962 
0.015343 0.021721 0.018980 0.022796 0.026438 
0.068283 0.042386 0.055010 0.007301 0.021052 
0.087130 0.033470 0.046870 0.049530 0.039770 
0.088610 0.033620 0.036890 0.080480 0.085360 
0.014750 0.040430 0.050680 0.038260 0.040900 
0.069580 0.058540 0.064720 0.010490 0.029920 
76
0.479817 0.014473 0.046210 
0.462778 0.970428 0.462022 
0.057405 0.015099 0.491768 
0.073293 0.012764 0.035848 0.033030 0.097143 
0.058614 0.101153 0.071955 0.024287 0.106543 
0.027698 0.036955 0.023996 0.024461 0.028897 
0.043130 0.039791 0.078698 0.021449 0.060294 
0.087130 0.033470 0.046870 0.049530 0.039770 
0.088610 0.033620 0.036890 0.080480 0.085360 
0.014750 0.040430 0.050680 0.038260 0.040900 
0.069580 0.058540 0.064720 0.010490 0.029920 
77
0.479817 0.014473 0.046210 
0.462778 0.970428 0.462022 
0.057405 0.015099 0.491768 
0.325352 0.010971 0.034651 0.046750 0.025056 
0.051635 0.015200 0.037544 0.042172 0.058928 
0.016931 0.030709 0.022745 0.039514 0.034928 
0.062397 0.040830 0.071489 0.008328 0.023869 
0.087130 0.033470 0.046870 0.049530 0.039770 
0.088610 0.033620 0.036890 0.080480 0.085360 
0.014750 0.040430 0.050680 0.038260 0.040900 
0.069580 0.058540 0.064720 0.010490 0.029920 
78
0.479817 0.014473 0.046210 
0.462778 0.970428 0.462022 
0.057405 0.015099 0.491768 
0.060247 0.004777 0.047346 0.061676 0.016017 
0.038506 0.018248 0.022725 0.063589 0.040075 
0.012020 0.039548 0.025282 0.311905 0.091478 
0.045348 0.041757 0.031927 0.007455 0.020074 
0.087130 0.033470 0.046870 0.049530 0.039770 
0.088610 0.033620 0.036890 0.080480 0.085360 
0.014750 0.040430 0.050680 0.038260 0.040900 
0.069580 0.058540 0.064720 0.010490 0.029920 
79
0.479817 0.014473 0.046210 
0.462778 0.970428 0.462022 
0.057405 0.015099 0.491768 
0.062892 0.006363 0.070306 0.045603 0.018477 
0.064299 0.019276 0.020207 0.046028 0.034741 
0.010572 0.288163 0.029620 0.030999 0.035930 
0.114181 0.045299 0.028580 0.007886 0.020579 
0.087130 0.033470 0.046870 0.049530 0.039770 
0.088610 0.033620 0.036890 0.080480 0.085360 
0.014750 0.040430 0.050680 0.038260 0.040900 
0.069580 0.058540 0.064720 0.010490 0.029920 
80
0.479817 0.014473 0.046210 
0.462778 0.970428 0.462022 
0.057405 0.079896 0.431339 
0.062850 0.006105 0.073574 0.048616 0.018290 
0.082123 0.020005 0.020222 0.057623 0.035224 
0.010898 0.287958 0.030021 0.033444 0.039366 
0.074115 0.042609 0.028090 0.008031 0.020837 
0.087141 0.033466 0.046865 0.049524 0.039765 
0.088693 0.033616 0.036886 0.080471 0.085350 
0.014748 0.040425 0.050674 0.038256 0.040895 
0.069572 0.058533 0.064713 0.010489 0.029917 
81
0.479817 0.014473 0.040532 
0.462778 0.905630 0.528129 
0.057405 0.015099 0.491768 
0.079685 0.009569 0.048764 0.049473 0.038638 
0.074361 0.139434 0.042186 0.044642 0.079641 
0.020011 0.045403 0.027993 0.053217 0.040633 
0.052527 0.049242 0.049600 0.015847 0.039134 
0.087130 0.033470 0.046870 0.049530 0.039770 
0.088610 0.033620 0.036890 0.080480 0.085360 
0.014750 0.040430 0.050680 0.038260 0.040900 
0.069580 0.058540 0.064720 0.010490 0.029920 
82
0.479817 0.014473 0.046210 
0.462778 0.970428 0.462022 
0.057405 0.015099 0.491768 
0.062139 0.010848 0.015306 0.017401 0.058048 
0.023510 0.011920 0.075212 0.018511 0.420747 
0.036612 0.014439 0.013414 0.020382 0.019286 
0.020983 0.027763 0.080755 0.010967 0.041757 
0.087130 0.033470 0.046870 0.049530 0.039770 
0.088610 0.033620 0.036890 0.080480 0.085360 
0.014750 0.040430 0.050680 0.038260 0.040900 
0.069580 0.058540 0.064720 0.010490 0.029920 
83
0.479817 0.014473 0.046210 
0.462778 0.970428 0.462022 
0.057405 0.015099 0.491768 
0.057930 0.008102 0.098436 0.063064 0.029622 
0.094846 0.049723 0.026460 0.045120 0.045246 
0.013669 0.167535 0.033246 0.031534 0.035463 
0.077204 0.048510 0.031763 0.012920 0.029608 
0.087130 0.033470 0.046870 0.049530 0.039770 
0.088610 0.033620 0.036890 0.080480 0.085360 
0.014750 0.040430 0.050680 0.038260 0.040900 
