%  SAM: modelfromalign v3.5 (July 15, 2005) compiled 12/05/20_11:48:22
%  (c) 1992-2001 Regents of the University of California, Santa Cruz
%
%          Sequence Alignment and Modeling Software System
%         http://www.cse.ucsc.edu/research/compbio/sam.html
%
% ----------------- Citations (SAM, SAM-T2K, HMMs) --------------------
% R. Hughey, A. Krogh, Hidden Markov models for sequence analysis:
%  Extension and analysis of the basic method, CABIOS 12:95-107, 1996.
% K. Karplus, et al., What is the value added by human intervention in protein
%  structure prediction, Proteins: Stucture, Function, Genetics 45(S5):86--91, 2001.
% A. Krogh et al., Hidden Markov models in computational biology:
%  Applications to protein modeling, JMB 235:1501-1531, Feb 1994.
% ---------------------------------------------------------------------
%  last   Host: gauntlet    Thu Feb 11 16:21:37 2021
%  dgpinheiro   Dir:  /data/GitHub/sfFinder/example/output/subfamily/TEST1/flowerpower/fp-workspace/final
% ---------------------------------------------------------------------
% Prior File:  Internal (Name: recode3.20comp) 
%   20 priors on 20 characters.
%  Alignment weights from internal calc.  Total (1.57) Max (0.00) Min (0.00)
%  Weights from alignment method 1 (karplus), b=0.500000, e=0.500000
MODEL --  Model from alignment file last.a2m
alphabet protein
FREQAVE
0.000000 0.000000 0.000000 
0.000000 0.000000 0.000000 
0.000000 0.000000 0.000000 
0.073366 0.015731 0.056938 0.066613 0.049655 
0.061768 0.028683 0.052055 0.058198 0.085039 
0.025996 0.041873 0.045380 0.042494 0.052400 
0.059160 0.053814 0.060939 0.022990 0.046909 
0.073366 0.015731 0.056938 0.066613 0.049655 
0.061768 0.028683 0.052055 0.058198 0.085039 
0.025996 0.041873 0.045380 0.042494 0.052400 
0.059160 0.053814 0.060939 0.022990 0.046909 
Begin
0.000000 0.000000 0.000000 
0.000000 0.000000 0.000000 
0.000000 0.102655 0.805442 
0.000000 0.000000 0.000000 0.000000 0.000000 
0.000000 0.000000 0.000000 0.000000 0.000000 
0.000000 0.000000 0.000000 0.000000 0.000000 
0.000000 0.000000 0.000000 0.000000 0.000000 
0.087135 0.033412 0.046877 0.049460 0.039687 
0.088502 0.033556 0.036842 0.080764 0.085459 
0.014906 0.040443 0.050641 0.038240 0.040935 
0.069509 0.058601 0.064641 0.010468 0.029922 
1
0.000000 0.014473 0.062158 
0.000000 0.882872 0.132400 
0.042026 0.016442 0.491768 
0.073849 0.011341 0.055382 0.077859 0.031255 
0.050288 0.025736 0.049513 0.089142 0.078273 
0.026549 0.045530 0.043371 0.049018 0.065838 
0.064217 0.059435 0.061456 0.010921 0.031030 
0.087130 0.033470 0.046870 0.049530 0.039770 
0.088610 0.033620 0.036890 0.080480 0.085360 
0.014750 0.040430 0.050680 0.038260 0.040900 
0.069580 0.058540 0.064720 0.010490 0.029920 
2
0.618666 0.015761 0.046210 
0.339307 0.967797 0.462022 
0.042048 0.016440 0.491768 
0.074739 0.010126 0.063498 0.084080 0.026698 
0.060192 0.025813 0.038238 0.088947 0.061874 
0.018736 0.050333 0.054556 0.049766 0.074188 
0.069149 0.060331 0.050480 0.009851 0.028406 
0.087130 0.033470 0.046870 0.049530 0.039770 
0.088610 0.033620 0.036890 0.080480 0.085360 
0.014750 0.040430 0.050680 0.038260 0.040900 
0.069580 0.058540 0.064720 0.010490 0.029920 
3
0.617844 0.015758 0.046210 
0.340108 0.967802 0.462022 
0.042095 0.016433 0.491768 
0.072483 0.011015 0.026050 0.030588 0.042318 
0.034011 0.015420 0.076228 0.043192 0.319050 
0.035667 0.022662 0.020634 0.024145 0.031126 
0.030923 0.035966 0.085233 0.012640 0.030650 
0.087130 0.033470 0.046870 0.049530 0.039770 
0.088610 0.033620 0.036890 0.080480 0.085360 
0.014750 0.040430 0.050680 0.038260 0.040900 
0.069580 0.058540 0.064720 0.010490 0.029920 
4
0.618547 0.015752 0.046210 
0.339357 0.967814 0.462022 
0.042095 0.016433 0.491768 
0.078661 0.010632 0.033057 0.037104 0.037725 
0.054704 0.018731 0.062573 0.038785 0.281358 
0.023905 0.038806 0.024953 0.028060 0.035514 
0.039339 0.039546 0.072876 0.012419 0.031251 
0.087130 0.033470 0.046870 0.049530 0.039770 
0.088610 0.033620 0.036890 0.080480 0.085360 
0.014750 0.040430 0.050680 0.038260 0.040900 
0.069580 0.058540 0.064720 0.010490 0.029920 
5
0.618547 0.015752 0.046210 
0.339357 0.967814 0.462022 
0.042095 0.016433 0.491768 
0.089633 0.008185 0.068821 0.053796 0.028520 
0.069831 0.023189 0.034933 0.052061 0.073415 
0.016583 0.168943 0.033813 0.041113 0.042016 
0.063188 0.047522 0.043774 0.011573 0.029089 
0.087130 0.033470 0.046870 0.049530 0.039770 
0.088610 0.033620 0.036890 0.080480 0.085360 
0.014750 0.040430 0.050680 0.038260 0.040900 
0.069580 0.058540 0.064720 0.010490 0.029920 
6
0.460775 0.015752 0.046210 
0.497129 0.967814 0.462022 
0.049981 0.015617 0.491768 
0.067574 0.004754 0.046812 0.061141 0.017613 
0.040137 0.018746 0.028563 0.147634 0.048674 
0.014298 0.036645 0.026742 0.042748 0.242714 
0.046025 0.041563 0.036635 0.008496 0.022484 
0.087130 0.033470 0.046870 0.049530 0.039770 
0.088610 0.033620 0.036890 0.080480 0.085360 
0.014750 0.040430 0.050680 0.038260 0.040900 
0.069580 0.058540 0.064720 0.010490 0.029920 
7
0.547091 0.014970 0.046210 
0.402928 0.969413 0.462022 
0.049981 0.015617 0.491768 
0.063660 0.004112 0.256453 0.152565 0.016432 
0.045967 0.016866 0.020152 0.056241 0.035676 
0.010687 0.054808 0.024901 0.044481 0.043289 
0.060722 0.039982 0.028266 0.006700 0.018040 
0.087130 0.033470 0.046870 0.049530 0.039770 
0.088610 0.033620 0.036890 0.080480 0.085360 
0.014750 0.040430 0.050680 0.038260 0.040900 
0.069580 0.058540 0.064720 0.010490 0.029920 
8
0.547091 0.014970 0.046210 
0.402928 0.969413 0.462022 
0.049981 0.015617 0.491768 
0.064488 0.004623 0.258913 0.074625 0.016340 
0.049626 0.018235 0.022486 0.101000 0.037944 
0.011289 0.068424 0.028229 0.040634 0.050998 
0.054624 0.041755 0.030059 0.006840 0.018868 
0.087130 0.033470 0.046870 0.049530 0.039770 
0.088610 0.033620 0.036890 0.080480 0.085360 
0.014750 0.040430 0.050680 0.038260 0.040900 
0.069580 0.058540 0.064720 0.010490 0.029920 
9
0.547091 0.014970 0.046210 
0.402928 0.969413 0.462022 
0.049981 0.015617 0.491768 
0.042586 0.007995 0.020045 0.023650 0.075289 
0.033605 0.017003 0.037538 0.019816 0.069273 
0.017696 0.020153 0.015441 0.016014 0.023683 
0.028057 0.025295 0.045769 0.334913 0.126180 
0.087130 0.033470 0.046870 0.049530 0.039770 
0.088610 0.033620 0.036890 0.080480 0.085360 
0.014750 0.040430 0.050680 0.038260 0.040900 
0.069580 0.058540 0.064720 0.010490 0.029920 
10
0.545869 0.014970 0.046210 
0.404150 0.969413 0.462022 
0.050042 0.015612 0.491768 
0.091748 0.009204 0.032043 0.036699 0.058713 
0.046766 0.023470 0.044370 0.035967 0.066999 
0.018846 0.030060 0.023026 0.028659 0.044388 
0.042387 0.043905 0.063518 0.018867 0.240365 
0.087130 0.033470 0.046870 0.049530 0.039770 
0.088610 0.033620 0.036890 0.080480 0.085360 
0.014750 0.040430 0.050680 0.038260 0.040900 
0.069580 0.058540 0.064720 0.010490 0.029920 
11
0.546537 0.014965 0.046210 
0.403421 0.969423 0.462022 
0.050042 0.015612 0.491768 
0.065279 0.005792 0.242969 0.074181 0.021369 
0.053852 0.022271 0.027739 0.062165 0.064970 
0.013740 0.062014 0.029713 0.038560 0.045775 
0.058041 0.042965 0.035184 0.008716 0.024706 
0.087130 0.033470 0.046870 0.049530 0.039770 
0.088610 0.033620 0.036890 0.080480 0.085360 
0.014750 0.040430 0.050680 0.038260 0.040900 
0.069580 0.058540 0.064720 0.010490 0.029920 
12
0.419517 0.014965 0.046210 
0.530441 0.969423 0.462022 
0.057323 0.015104 0.491768 
0.077340 0.012250 0.026418 0.026885 0.044754 
0.044286 0.016506 0.083712 0.026505 0.174313 
0.042027 0.024238 0.022451 0.021782 0.026149 
0.039347 0.158724 0.087572 0.012416 0.032325 
0.087130 0.033470 0.046870 0.049530 0.039770 
0.088610 0.033620 0.036890 0.080480 0.085360 
0.014750 0.040430 0.050680 0.038260 0.040900 
0.069580 0.058540 0.064720 0.010490 0.029920 
13
0.480557 0.014478 0.046210 
0.462119 0.970418 0.462022 
0.057323 0.015104 0.491768 
0.095488 0.008757 0.039808 0.037772 0.022090 
0.046398 0.014656 0.031923 0.033278 0.039192 
0.014128 0.039384 0.027769 0.026743 0.025944 
0.196895 0.220644 0.048903 0.007571 0.022656 
0.087130 0.033470 0.046870 0.049530 0.039770 
0.088610 0.033620 0.036890 0.080480 0.085360 
0.014750 0.040430 0.050680 0.038260 0.040900 
0.069580 0.058540 0.064720 0.010490 0.029920 
14
0.479840 0.014478 0.046210 
0.462837 0.970418 0.462022 
0.057365 0.015101 0.491768 
0.053880 0.004922 0.039336 0.048729 0.016322 
0.037342 0.016645 0.024253 0.054672 0.041853 
0.012091 0.031977 0.024035 0.034764 0.410154 
0.039846 0.049122 0.033025 0.007416 0.019617 
0.087130 0.033470 0.046870 0.049530 0.039770 
0.088610 0.033620 0.036890 0.080480 0.085360 
0.014750 0.040430 0.050680 0.038260 0.040900 
0.069580 0.058540 0.064720 0.010490 0.029920 
15
0.480184 0.014476 0.046210 
0.462451 0.970423 0.462022 
0.057365 0.015101 0.491768 
0.053304 0.006824 0.174811 0.047239 0.020982 
0.151510 0.021423 0.019896 0.040176 0.033206 
0.010509 0.155218 0.032537 0.028343 0.031062 
0.080123 0.038767 0.024079 0.008569 0.021421 
0.087130 0.033470 0.046870 0.049530 0.039770 
0.088610 0.033620 0.036890 0.080480 0.085360 
0.014750 0.040430 0.050680 0.038260 0.040900 
0.069580 0.058540 0.064720 0.010490 0.029920 
16
0.480184 0.014476 0.046210 
0.462451 0.970423 0.462022 
0.057365 0.015101 0.491768 
0.042354 0.008658 0.008825 0.010736 0.034036 
0.014544 0.006863 0.065449 0.011418 0.572450 
0.029315 0.009033 0.009889 0.010054 0.011476 
0.014055 0.031390 0.083069 0.007780 0.018604 
0.087130 0.033470 0.046870 0.049530 0.039770 
0.088610 0.033620 0.036890 0.080480 0.085360 
0.014750 0.040430 0.050680 0.038260 0.040900 
0.069580 0.058540 0.064720 0.010490 0.029920 
17
0.479479 0.014476 0.046210 
0.463157 0.970423 0.462022 
0.057405 0.015099 0.491768 
0.075654 0.005661 0.247580 0.061669 0.019021 
0.122365 0.020492 0.021829 0.044623 0.035034 
0.010710 0.090699 0.027923 0.030815 0.031317 
0.062301 0.037807 0.027558 0.007432 0.019510 
0.087130 0.033470 0.046870 0.049530 0.039770 
0.088610 0.033620 0.036890 0.080480 0.085360 
0.014750 0.040430 0.050680 0.038260 0.040900 
0.069580 0.058540 0.064720 0.010490 0.029920 
18
0.479817 0.014473 0.046210 
0.462778 0.970428 0.462022 
0.057405 0.015099 0.491768 
0.019677 0.005060 0.009777 0.011820 0.035874 
0.018679 0.006571 0.019241 0.010185 0.045956 
0.010976 0.008008 0.008748 0.006801 0.014218 
0.012708 0.011447 0.024828 0.688837 0.030588 
0.087130 0.033470 0.046870 0.049530 0.039770 
0.088610 0.033620 0.036890 0.080480 0.085360 
0.014750 0.040430 0.050680 0.038260 0.040900 
0.069580 0.058540 0.064720 0.010490 0.029920 
19
0.479817 0.014473 0.046210 
0.462778 0.970428 0.462022 
0.057405 0.015099 0.491768 
0.076085 0.003273 0.248617 0.188394 0.014879 
0.041337 0.014509 0.017388 0.052949 0.032282 
0.009583 0.049447 0.021532 0.049199 0.033743 
0.057817 0.042821 0.024786 0.005725 0.015633 
0.087130 0.033470 0.046870 0.049530 0.039770 
0.088610 0.033620 0.036890 0.080480 0.085360 
0.014750 0.040430 0.050680 0.038260 0.040900 
0.069580 0.058540 0.064720 0.010490 0.029920 
20
0.479817 0.014473 0.046210 
0.462778 0.970428 0.462022 
0.057405 0.015099 0.491768 
0.083682 0.012172 0.031330 0.032239 0.060779 
0.048158 0.019851 0.075350 0.032527 0.196710 
0.026487 0.028081 0.043564 0.025187 0.032476 
0.039924 0.073967 0.086267 0.014226 0.037022 
0.087130 0.033470 0.046870 0.049530 0.039770 
0.088610 0.033620 0.036890 0.080480 0.085360 
0.014750 0.040430 0.050680 0.038260 0.040900 
0.069580 0.058540 0.064720 0.010490 0.029920 
21
0.479817 0.014473 0.046210 
0.462778 0.970428 0.462022 
0.057405 0.015099 0.491768 
0.058512 0.007368 0.042048 0.039665 0.018750 
0.055786 0.014869 0.025500 0.037150 0.032635 
0.010265 0.042245 0.027233 0.027692 0.028022 
0.299467 0.165129 0.040169 0.006943 0.020553 
0.087130 0.033470 0.046870 0.049530 0.039770 
0.088610 0.033620 0.036890 0.080480 0.085360 
0.014750 0.040430 0.050680 0.038260 0.040900 
0.069580 0.058540 0.064720 0.010490 0.029920 
22
0.479817 0.014473 0.046210 
0.462778 0.970428 0.462022 
0.057405 0.015099 0.491768 
0.033133 0.005849 0.017827 0.019065 0.059971 
0.026968 0.015612 0.027732 0.019278 0.045912 
0.011218 0.015718 0.014240 0.014652 0.019202 
0.024108 0.023296 0.036701 0.014880 0.554639 
0.087130 0.033470 0.046870 0.049530 0.039770 
0.088610 0.033620 0.036890 0.080480 0.085360 
0.014750 0.040430 0.050680 0.038260 0.040900 
0.069580 0.058540 0.064720 0.010490 0.029920 
23
0.479817 0.014473 0.046210 
0.462778 0.970428 0.462022 
0.057405 0.015099 0.491768 
0.075534 0.009450 0.037241 0.052758 0.030531 
0.043551 0.018210 0.066190 0.046190 0.072227 
0.019459 0.030244 0.027414 0.063453 0.044178 
0.042895 0.045080 0.235955 0.010415 0.029026 
0.087130 0.033470 0.046870 0.049530 0.039770 
0.088610 0.033620 0.036890 0.080480 0.085360 
0.014750 0.040430 0.050680 0.038260 0.040900 
0.069580 0.058540 0.064720 0.010490 0.029920 
24
0.479817 0.014473 0.046210 
0.462778 0.970428 0.462022 
0.057405 0.015099 0.491768 
0.061246 0.005635 0.216183 0.067045 0.020479 
0.060695 0.019547 0.024668 0.057804 0.040068 
0.011416 0.068569 0.075750 0.035590 0.041273 
0.082219 0.049926 0.032173 0.008252 0.021460 
0.087130 0.033470 0.046870 0.049530 0.039770 
0.088610 0.033620 0.036890 0.080480 0.085360 
0.014750 0.040430 0.050680 0.038260 0.040900 
0.069580 0.058540 0.064720 0.010490 0.029920 
25
0.479817 0.014473 0.046210 
0.462778 0.970428 0.462022 
0.057405 0.015099 0.491768 
0.070920 0.007019 0.050712 0.064565 0.029829 
0.065002 0.020440 0.044148 0.058521 0.060233 
0.025532 0.043074 0.184489 0.032314 0.048437 
0.055918 0.046126 0.050731 0.011881 0.030109 
0.087130 0.033470 0.046870 0.049530 0.039770 
0.088610 0.033620 0.036890 0.080480 0.085360 
0.014750 0.040430 0.050680 0.038260 0.040900 
0.069580 0.058540 0.064720 0.010490 0.029920 
26
0.479817 0.014473 0.046210 
0.462778 0.970428 0.462022 
0.057405 0.015099 0.491768 
0.072985 0.005590 0.153057 0.098829 0.020049 
0.059796 0.019272 0.022503 0.058514 0.038569 
0.011268 0.059660 0.031104 0.047394 0.038553 
0.152959 0.050010 0.030275 0.008322 0.021291 
0.087130 0.033470 0.046870 0.049530 0.039770 
0.088610 0.033620 0.036890 0.080480 0.085360 
0.014750 0.040430 0.050680 0.038260 0.040900 
0.069580 0.058540 0.064720 0.010490 0.029920 
27
0.479817 0.014473 0.046210 
0.462778 0.970428 0.462022 
0.057405 0.015099 0.491768 
0.071116 0.003098 0.118353 0.264462 0.013876 
0.036075 0.015118 0.018687 0.124333 0.035926 
0.010230 0.033408 0.021700 0.052245 0.045327 
0.047655 0.035307 0.030827 0.006026 0.016232 
0.087130 0.033470 0.046870 0.049530 0.039770 
0.088610 0.033620 0.036890 0.080480 0.085360 
0.014750 0.040430 0.050680 0.038260 0.040900 
0.069580 0.058540 0.064720 0.010490 0.029920 
28
0.479817 0.014473 0.046210 
0.462778 0.970428 0.462022 
0.057405 0.015099 0.491768 
0.203122 0.014494 0.018193 0.019831 0.039134 
0.039102 0.012107 0.123366 0.020512 0.105506 
0.024788 0.015966 0.018148 0.016703 0.021608 
0.034336 0.035900 0.199723 0.009791 0.027669 
0.087130 0.033470 0.046870 0.049530 0.039770 
0.088610 0.033620 0.036890 0.080480 0.085360 
0.014750 0.040430 0.050680 0.038260 0.040900 
0.069580 0.058540 0.064720 0.010490 0.029920 
29
0.479817 0.014473 0.046210 
0.462778 0.970428 0.462022 
0.057405 0.015099 0.491768 
0.035909 0.007971 0.012159 0.015558 0.529875 
0.020506 0.009227 0.044240 0.013710 0.073568 
0.015929 0.010987 0.012007 0.011681 0.011194 
0.019834 0.021796 0.047916 0.021358 0.064576 
0.087130 0.033470 0.046870 0.049530 0.039770 
0.088610 0.033620 0.036890 0.080480 0.085360 
0.014750 0.040430 0.050680 0.038260 0.040900 
0.069580 0.058540 0.064720 0.010490 0.029920 
30
0.479817 0.014473 0.046210 
0.462778 0.970428 0.462022 
0.057405 0.015099 0.491768 
0.053447 0.004330 0.035450 0.035566 0.017380 
0.038252 0.011792 0.024880 0.051953 0.041081 
0.007487 0.028055 0.447558 0.025221 0.036646 
0.043544 0.037231 0.036672 0.006176 0.017277 
0.087130 0.033470 0.046870 0.049530 0.039770 
0.088610 0.033620 0.036890 0.080480 0.085360 
0.014750 0.040430 0.050680 0.038260 0.040900 
0.069580 0.058540 0.064720 0.010490 0.029920 
31
0.479817 0.088601 0.046210 
0.462778 0.896300 0.462022 
0.043096 0.016308 0.491768 
0.181203 0.007948 0.056053 0.083208 0.027733 
0.056517 0.029612 0.040851 0.065109 0.066285 
0.018531 0.038641 0.029114 0.064982 0.050574 
0.051828 0.043236 0.049322 0.010675 0.028579 
0.087130 0.033470 0.046870 0.049530 0.039770 
0.088610 0.033620 0.036890 0.080480 0.085360 
0.014750 0.040430 0.050680 0.038260 0.040900 
0.069580 0.058540 0.064720 0.010490 0.029920 
32
0.609479 0.029218 0.046210 
0.347425 0.954474 0.462022 
0.041347 0.016532 0.491768 
0.077767 0.010230 0.056150 0.074021 0.027821 
0.066194 0.021036 0.036168 0.050519 0.051977 
0.015220 0.050584 0.035800 0.035486 0.040649 
0.191830 0.069338 0.049245 0.010983 0.028983 
0.087130 0.033470 0.046870 0.049530 0.039770 
0.088610 0.033620 0.036890 0.080480 0.085360 
0.014750 0.040430 0.050680 0.038260 0.040900 
0.069580 0.058540 0.064720 0.010490 0.029920 
33
0.386180 0.016358 0.046210 
0.572472 0.967110 0.462022 
0.054236 0.015299 0.491768 
0.052875 0.009763 0.024226 0.026190 0.091890 
0.044053 0.022642 0.048413 0.019587 0.092519 
0.023288 0.025804 0.018215 0.017828 0.026060 
0.033033 0.031639 0.055892 0.221267 0.114816 
0.087130 0.033470 0.046870 0.049530 0.039770 
0.088610 0.033620 0.036890 0.080480 0.085360 
0.014750 0.040430 0.050680 0.038260 0.040900 
0.069580 0.058540 0.064720 0.010490 0.029920 
34
0.455302 0.014665 0.046210 
0.490462 0.970037 0.462022 
0.057286 0.015106 0.491768 
0.071783 0.006716 0.123309 0.072963 0.022620 
0.060394 0.019617 0.027954 0.052506 0.040657 
0.011959 0.058894 0.034509 0.035234 0.035373 
0.171718 0.080151 0.040980 0.009144 0.023520 
0.087130 0.033470 0.046870 0.049530 0.039770 
0.088610 0.033620 0.036890 0.080480 0.085360 
0.014750 0.040430 0.050680 0.038260 0.040900 
0.069580 0.058540 0.064720 0.010490 0.029920 
35
0.478817 0.014480 0.046210 
0.463897 0.970414 0.462022 
0.057405 0.015099 0.491768 
0.084276 0.006671 0.050563 0.039142 0.022220 
0.327988 0.018792 0.031369 0.052564 0.039322 
0.014761 0.052156 0.029944 0.027259 0.035692 
0.058379 0.044328 0.031405 0.009325 0.023846 
0.087130 0.033470 0.046870 0.049530 0.039770 
0.088610 0.033620 0.036890 0.080480 0.085360 
0.014750 0.040430 0.050680 0.038260 0.040900 
0.069580 0.058540 0.064720 0.010490 0.029920 
36
0.479817 0.014473 0.046210 
0.462778 0.970428 0.462022 
0.057405 0.015099 0.491768 
0.174377 0.013556 0.036653 0.042468 0.068656 
0.061226 0.021448 0.060585 0.035977 0.088031 
0.024441 0.031574 0.028909 0.027956 0.036123 
0.054346 0.047107 0.076184 0.014929 0.055452 
0.087130 0.033470 0.046870 0.049530 0.039770 
0.088610 0.033620 0.036890 0.080480 0.085360 
0.014750 0.040430 0.050680 0.038260 0.040900 
0.069580 0.058540 0.064720 0.010490 0.029920 
37
0.479817 0.014473 0.046210 
0.462778 0.970428 0.462022 
0.057405 0.015099 0.491768 
0.067932 0.006112 0.055642 0.146490 0.024969 
0.241060 0.018717 0.026677 0.054124 0.041487 
0.013499 0.043255 0.027958 0.035113 0.038460 
0.052714 0.039849 0.033008 0.009430 0.023502 
0.087130 0.033470 0.046870 0.049530 0.039770 
0.088610 0.033620 0.036890 0.080480 0.085360 
0.014750 0.040430 0.050680 0.038260 0.040900 
0.069580 0.058540 0.064720 0.010490 0.029920 
38
0.479817 0.014473 0.046210 
0.462778 0.970428 0.462022 
0.057405 0.015099 0.491768 
0.055160 0.005342 0.185393 0.040282 0.015865 
0.326384 0.015246 0.018661 0.036443 0.029021 
0.009762 0.047982 0.025226 0.024589 0.033843 
0.050694 0.032129 0.023146 0.006924 0.017906 
0.087130 0.033470 0.046870 0.049530 0.039770 
0.088610 0.033620 0.036890 0.080480 0.085360 
0.014750 0.040430 0.050680 0.038260 0.040900 
0.069580 0.058540 0.064720 0.010490 0.029920 
39
0.479817 0.014473 0.046210 
0.462778 0.970428 0.462022 
0.057405 0.015099 0.491768 
0.047986 0.012279 0.008094 0.007937 0.036826 
0.016312 0.006890 0.321454 0.010774 0.105531 
0.019813 0.007725 0.011664 0.007775 0.010227 
0.015701 0.027385 0.298230 0.006943 0.020455 
0.087130 0.033470 0.046870 0.049530 0.039770 
0.088610 0.033620 0.036890 0.080480 0.085360 
0.014750 0.040430 0.050680 0.038260 0.040900 
0.069580 0.058540 0.064720 0.010490 0.029920 
40
0.479817 0.014473 0.046210 
0.462778 0.970428 0.462022 
0.057405 0.015099 0.491768 
0.066015 0.006232 0.045444 0.045670 0.021723 
0.050173 0.017761 0.036292 0.125408 0.050708 
0.010989 0.037898 0.235336 0.032651 0.044554 
0.053587 0.044723 0.044245 0.008206 0.022385 
0.087130 0.033470 0.046870 0.049530 0.039770 
0.088610 0.033620 0.036890 0.080480 0.085360 
0.014750 0.040430 0.050680 0.038260 0.040900 
0.069580 0.058540 0.064720 0.010490 0.029920 
41
0.479817 0.014473 0.046210 
0.462778 0.970428 0.462022 
0.057405 0.015099 0.491768 
0.085791 0.012004 0.030199 0.029408 0.037580 
0.069480 0.016842 0.144699 0.029715 0.081895 
0.023280 0.027493 0.026869 0.023204 0.027735 
0.052419 0.143275 0.096149 0.011125 0.030838 
0.087130 0.033470 0.046870 0.049530 0.039770 
0.088610 0.033620 0.036890 0.080480 0.085360 
0.014750 0.040430 0.050680 0.038260 0.040900 
0.069580 0.058540 0.064720 0.010490 0.029920 
42
0.479817 0.014473 0.046210 
0.462778 0.970428 0.462022 
0.057405 0.015099 0.491768 
0.070133 0.005005 0.066152 0.239642 0.020261 
0.043892 0.048385 0.025936 0.075104 0.045314 
0.013227 0.039570 0.026076 0.045774 0.048802 
0.051498 0.068827 0.034090 0.009061 0.023251 
0.087130 0.033470 0.046870 0.049530 0.039770 
0.088610 0.033620 0.036890 0.080480 0.085360 
0.014750 0.040430 0.050680 0.038260 0.040900 
0.069580 0.058540 0.064720 0.010490 0.029920 
43
0.479817 0.014473 0.046210 
0.462778 0.970428 0.462022 
0.057405 0.015099 0.491768 
0.184542 0.006868 0.141107 0.076298 0.022564 
0.068008 0.018692 0.031430 0.058660 0.051785 
0.014712 0.046561 0.028585 0.040165 0.042985 
0.053117 0.041525 0.040327 0.008800 0.023268 
0.087130 0.033470 0.046870 0.049530 0.039770 
0.088610 0.033620 0.036890 0.080480 0.085360 
0.014750 0.040430 0.050680 0.038260 0.040900 
0.069580 0.058540 0.064720 0.010490 0.029920 
44
0.479817 0.014473 0.046210 
0.462778 0.970428 0.462022 
0.057405 0.015099 0.491768 
0.020296 0.005023 0.010400 0.013068 0.069556 
0.015413 0.012236 0.022065 0.012728 0.046113 
0.010990 0.010764 0.009483 0.009650 0.016147 
0.016411 0.015493 0.023208 0.598913 0.062043 
0.087130 0.033470 0.046870 0.049530 0.039770 
0.088610 0.033620 0.036890 0.080480 0.085360 
0.014750 0.040430 0.050680 0.038260 0.040900 
0.069580 0.058540 0.064720 0.010490 0.029920 
45
0.479817 0.014473 0.046210 
0.462778 0.970428 0.462022 
0.057405 0.015099 0.491768 
0.053104 0.003855 0.345602 0.105657 0.014080 
0.043305 0.015454 0.017796 0.048308 0.035267 
0.009294 0.066470 0.022921 0.037170 0.032824 
0.063673 0.037990 0.025173 0.006518 0.015537 
0.087130 0.033470 0.046870 0.049530 0.039770 
0.088610 0.033620 0.036890 0.080480 0.085360 
0.014750 0.040430 0.050680 0.038260 0.040900 
0.069580 0.058540 0.064720 0.010490 0.029920 
46
0.479817 0.014473 0.046210 
0.462778 0.970428 0.462022 
0.057405 0.015099 0.491768 
0.123677 0.004064 0.058848 0.068775 0.015138 
0.056815 0.017185 0.024992 0.257586 0.043721 
0.012055 0.041454 0.026489 0.051686 0.054978 
0.047112 0.038149 0.031560 0.006917 0.018800 
0.087130 0.033470 0.046870 0.049530 0.039770 
0.088610 0.033620 0.036890 0.080480 0.085360 
0.014750 0.040430 0.050680 0.038260 0.040900 
0.069580 0.058540 0.064720 0.010490 0.029920 
47
0.479817 0.014473 0.046210 
0.462778 0.970428 0.462022 
0.057405 0.015099 0.491768 
0.019729 0.004987 0.006795 0.011288 0.049605 
0.014265 0.006325 0.022216 0.009644 0.055092 
0.013257 0.006643 0.006596 0.006496 0.015243 
0.011523 0.010673 0.028044 0.660970 0.040609 
0.087130 0.033470 0.046870 0.049530 0.039770 
0.088610 0.033620 0.036890 0.080480 0.085360 
0.014750 0.040430 0.050680 0.038260 0.040900 
0.069580 0.058540 0.064720 0.010490 0.029920 
48
0.479817 0.014473 0.046210 
0.462778 0.970428 0.462022 
0.057405 0.015099 0.491768 
0.059560 0.002905 0.252606 0.246616 0.013532 
0.036768 0.013311 0.015486 0.050296 0.030115 
0.009099 0.039414 0.020020 0.048088 0.032704 
0.047339 0.034224 0.027915 0.005349 0.014653 
0.087130 0.033470 0.046870 0.049530 0.039770 
0.088610 0.033620 0.036890 0.080480 0.085360 
0.014750 0.040430 0.050680 0.038260 0.040900 
0.069580 0.058540 0.064720 0.010490 0.029920 
49
0.479817 0.014473 0.046210 
0.462778 0.970428 0.462022 
0.057405 0.015099 0.491768 
0.058328 0.002812 0.247393 0.272516 0.013052 
0.036277 0.012871 0.014532 0.049105 0.028945 
0.008735 0.035282 0.019678 0.047569 0.032021 
0.045743 0.033111 0.022536 0.005221 0.014273 
0.087130 0.033470 0.046870 0.049530 0.039770 
0.088610 0.033620 0.036890 0.080480 0.085360 
0.014750 0.040430 0.050680 0.038260 0.040900 
0.069580 0.058540 0.064720 0.010490 0.029920 
50
0.479817 0.014473 0.046210 
0.462778 0.970428 0.462022 
0.057405 0.015099 0.491768 
0.048959 0.004972 0.030176 0.035279 0.010477 
0.032138 0.010850 0.016957 0.032009 0.029097 
0.006296 0.019994 0.571404 0.018760 0.023530 
0.041662 0.028172 0.025898 0.003392 0.009976 
0.087130 0.033470 0.046870 0.049530 0.039770 
0.088610 0.033620 0.036890 0.080480 0.085360 
0.014750 0.040430 0.050680 0.038260 0.040900 
0.069580 0.058540 0.064720 0.010490 0.029920 
51
0.479817 0.014473 0.046210 
0.462778 0.970428 0.462022 
0.057405 0.015099 0.491768 
0.034370 0.008144 0.010749 0.015035 0.509539 
0.019340 0.009634 0.040969 0.012403 0.070465 
0.015163 0.010210 0.011199 0.011237 0.009758 
0.020042 0.021393 0.045760 0.026419 0.098171 
0.087130 0.033470 0.046870 0.049530 0.039770 
0.088610 0.033620 0.036890 0.080480 0.085360 
0.014750 0.040430 0.050680 0.038260 0.040900 
0.069580 0.058540 0.064720 0.010490 0.029920 
52
0.479817 0.014473 0.046210 
0.462778 0.970428 0.462022 
0.057405 0.015099 0.491768 
0.057201 0.004540 0.042085 0.054127 0.015581 
0.036636 0.017572 0.023721 0.094428 0.041157 
0.012355 0.034253 0.024624 0.038646 0.361325 
0.041992 0.039821 0.032333 0.007557 0.020046 
0.087130 0.033470 0.046870 0.049530 0.039770 
0.088610 0.033620 0.036890 0.080480 0.085360 
0.014750 0.040430 0.050680 0.038260 0.040900 
0.069580 0.058540 0.064720 0.010490 0.029920 
53
0.479817 0.014473 0.046210 
0.462778 0.970428 0.462022 
0.057405 0.015099 0.491768 
0.051690 0.010432 0.009314 0.010525 0.038433 
0.017213 0.007944 0.097741 0.011527 0.368746 
0.031433 0.009406 0.010772 0.010798 0.012444 
0.015529 0.024413 0.231364 0.008643 0.021633 
0.087130 0.033470 0.046870 0.049530 0.039770 
0.088610 0.033620 0.036890 0.080480 0.085360 
0.014750 0.040430 0.050680 0.038260 0.040900 
0.069580 0.058540 0.064720 0.010490 0.029920 
54
0.479817 0.014473 0.046210 
0.462778 0.970428 0.462022 
0.057405 0.015099 0.491768 
0.053468 0.007200 0.037775 0.036084 0.018147 
0.038008 0.013338 0.026978 0.032820 0.030808 
0.009787 0.038186 0.025487 0.026058 0.024760 
0.230098 0.282403 0.042427 0.006328 0.019839 
0.087130 0.033470 0.046870 0.049530 0.039770 
0.088610 0.033620 0.036890 0.080480 0.085360 
0.014750 0.040430 0.050680 0.038260 0.040900 
0.069580 0.058540 0.064720 0.010490 0.029920 
55
0.479817 0.014473 0.046210 
0.462778 0.970428 0.462022 
0.057405 0.015099 0.491768 
0.065247 0.010915 0.024590 0.026953 0.085279 
0.044788 0.021956 0.061291 0.024730 0.092631 
0.056742 0.024707 0.018688 0.020888 0.027534 
0.034931 0.035176 0.071081 0.023038 0.228834 
0.087130 0.033470 0.046870 0.049530 0.039770 
0.088610 0.033620 0.036890 0.080480 0.085360 
0.014750 0.040430 0.050680 0.038260 0.040900 
0.069580 0.058540 0.064720 0.010490 0.029920 
56
0.479817 0.014473 0.046210 
0.462778 0.970428 0.462022 
0.057405 0.015099 0.491768 
0.060896 0.004733 0.194286 0.060593 0.016872 
0.042563 0.018121 0.023814 0.061327 0.041144 
0.012147 0.039740 0.030252 0.039008 0.209241 
0.045938 0.039192 0.031779 0.007852 0.020502 
0.087130 0.033470 0.046870 0.049530 0.039770 
0.088610 0.033620 0.036890 0.080480 0.085360 
0.014750 0.040430 0.050680 0.038260 0.040900 
0.069580 0.058540 0.064720 0.010490 0.029920 
57
0.479817 0.014473 0.046210 
0.462778 0.970428 0.462022 
0.057405 0.015099 0.491768 
0.159402 0.005045 0.174051 0.116444 0.018964 
0.049894 0.017368 0.024981 0.061203 0.043652 
0.012272 0.049852 0.025420 0.044167 0.041886 
0.057351 0.038282 0.032319 0.007556 0.019891 
0.087130 0.033470 0.046870 0.049530 0.039770 
0.088610 0.033620 0.036890 0.080480 0.085360 
0.014750 0.040430 0.050680 0.038260 0.040900 
0.069580 0.058540 0.064720 0.010490 0.029920 
58
0.479817 0.014473 0.046210 
0.462778 0.970428 0.462022 
0.057405 0.015099 0.491768 
0.028827 0.008871 0.015986 0.018441 0.101567 
0.018849 0.028143 0.030091 0.019221 0.056298 
0.014314 0.017937 0.013214 0.013857 0.019698 
0.023294 0.021437 0.033011 0.030404 0.486539 
0.087130 0.033470 0.046870 0.049530 0.039770 
0.088610 0.033620 0.036890 0.080480 0.085360 
0.014750 0.040430 0.050680 0.038260 0.040900 
0.069580 0.058540 0.064720 0.010490 0.029920 
59
0.479817 0.014473 0.046210 
0.462778 0.970428 0.462022 
0.057405 0.015099 0.491768 
0.071622 0.012927 0.019811 0.021650 0.043726 
0.036002 0.013247 0.109932 0.023263 0.104121 
0.024068 0.017945 0.020074 0.017434 0.022740 
0.030203 0.036531 0.305916 0.036934 0.031853 
0.087130 0.033470 0.046870 0.049530 0.039770 
0.088610 0.033620 0.036890 0.080480 0.085360 
0.014750 0.040430 0.050680 0.038260 0.040900 
0.069580 0.058540 0.064720 0.010490 0.029920 
60
0.479817 0.014473 0.046210 
0.462778 0.970428 0.462022 
0.057405 0.015099 0.491768 
0.070730 0.004185 0.046044 0.062345 0.016473 
0.036641 0.023613 0.028398 0.224557 0.048714 
0.016258 0.034381 0.024401 0.042944 0.173628 
0.044847 0.037792 0.034974 0.007940 0.021134 
0.087130 0.033470 0.046870 0.049530 0.039770 
0.088610 0.033620 0.036890 0.080480 0.085360 
0.014750 0.040430 0.050680 0.038260 0.040900 
0.069580 0.058540 0.064720 0.010490 0.029920 
61
0.479817 0.014473 0.046210 
0.462778 0.970428 0.462022 
0.057405 0.015099 0.491768 
0.075339 0.013330 0.023179 0.023217 0.063730 
0.051007 0.017946 0.179452 0.024986 0.105023 
0.026778 0.024760 0.021834 0.019386 0.027191 
0.030845 0.038913 0.145709 0.014763 0.072613 
0.087130 0.033470 0.046870 0.049530 0.039770 
0.088610 0.033620 0.036890 0.080480 0.085360 
0.014750 0.040430 0.050680 0.038260 0.040900 
0.069580 0.058540 0.064720 0.010490 0.029920 
62
0.479817 0.014473 0.046210 
0.462778 0.970428 0.462022 
0.057405 0.015099 0.491768 
0.055318 0.005262 0.043447 0.054555 0.017299 
0.038861 0.016880 0.024555 0.054261 0.042844 
0.012140 0.032721 0.024569 0.392610 0.042093 
0.042090 0.039710 0.033920 0.007300 0.019566 
0.087130 0.033470 0.046870 0.049530 0.039770 
0.088610 0.033620 0.036890 0.080480 0.085360 
0.014750 0.040430 0.050680 0.038260 0.040900 
0.069580 0.058540 0.064720 0.010490 0.029920 
63
0.479817 0.014473 0.046210 
0.462778 0.970428 0.462022 
0.057405 0.015099 0.491768 
0.162790 0.007124 0.043326 0.054943 0.024052 
0.079845 0.017859 0.038757 0.062086 0.061974 
0.017632 0.033258 0.026251 0.036980 0.146408 
0.060072 0.037910 0.052386 0.010084 0.026263 
0.087130 0.033470 0.046870 0.049530 0.039770 
0.088610 0.033620 0.036890 0.080480 0.085360 
0.014750 0.040430 0.050680 0.038260 0.040900 
0.069580 0.058540 0.064720 0.010490 0.029920 
64
0.479817 0.014473 0.046210 
0.462778 0.970428 0.462022 
0.057405 0.015099 0.491768 
0.053273 0.003249 0.077985 0.444753 0.012634 
0.042383 0.013430 0.015017 0.049023 0.029219 
0.008898 0.027207 0.020130 0.042221 0.034872 
0.040872 0.040823 0.023496 0.005564 0.014950 
0.087130 0.033470 0.046870 0.049530 0.039770 
0.088610 0.033620 0.036890 0.080480 0.085360 
0.014750 0.040430 0.050680 0.038260 0.040900 
0.069580 0.058540 0.064720 0.010490 0.029920 
65
0.479817 0.014473 0.046210 
0.462778 0.970428 0.462022 
0.057405 0.015099 0.491768 
0.047178 0.005141 0.044891 0.070743 0.011667 
0.035847 0.019258 0.018732 0.370575 0.033303 
0.010326 0.037008 0.028769 0.046857 0.090542 
0.045002 0.039058 0.026043 0.004705 0.014354 
0.087130 0.033470 0.046870 0.049530 0.039770 
0.088610 0.033620 0.036890 0.080480 0.085360 
0.014750 0.040430 0.050680 0.038260 0.040900 
0.069580 0.058540 0.064720 0.010490 0.029920 
66
0.479817 0.014473 0.046210 
0.462778 0.970428 0.462022 
0.057405 0.015099 0.491768 
0.052303 0.003033 0.103329 0.451046 0.012254 
0.033685 0.012749 0.013981 0.046775 0.027839 
0.008439 0.025921 0.019587 0.042370 0.032780 
0.040113 0.031928 0.022257 0.005312 0.014300 
0.087130 0.033470 0.046870 0.049530 0.039770 
0.088610 0.033620 0.036890 0.080480 0.085360 
0.014750 0.040430 0.050680 0.038260 0.040900 
0.069580 0.058540 0.064720 0.010490 0.029920 
67
0.479817 0.014473 0.046210 
0.462778 0.970428 0.462022 
0.057405 0.015099 0.491768 
0.083426 0.005758 0.062647 0.061305 0.020552 
0.055841 0.019795 0.028149 0.088046 0.046562 
0.013364 0.047094 0.033696 0.040559 0.105342 
0.163327 0.055962 0.035988 0.009041 0.023545 
0.087130 0.033470 0.046870 0.049530 0.039770 
0.088610 0.033620 0.036890 0.080480 0.085360 
0.014750 0.040430 0.050680 0.038260 0.040900 
0.069580 0.058540 0.064720 0.010490 0.029920 
68
0.479817 0.014473 0.046210 
0.462778 0.970428 0.462022 
0.057405 0.015099 0.491768 
0.067234 0.005705 0.046132 0.044954 0.018281 
0.297922 0.016703 0.026871 0.114954 0.037733 
0.013163 0.044237 0.029356 0.031276 0.042847 
0.058713 0.044177 0.030543 0.007996 0.021204 
0.087130 0.033470 0.046870 0.049530 0.039770 
0.088610 0.033620 0.036890 0.080480 0.085360 
0.014750 0.040430 0.050680 0.038260 0.040900 
0.069580 0.058540 0.064720 0.010490 0.029920 
69
0.479817 0.014473 0.046210 
0.462778 0.970428 0.462022 
0.057405 0.015099 0.491768 
0.059654 0.010602 0.009875 0.010971 0.043471 
0.018165 0.008270 0.098019 0.012048 0.354422 
0.025163 0.009793 0.011104 0.010815 0.012937 
0.016346 0.030049 0.227829 0.008581 0.021886 
0.087130 0.033470 0.046870 0.049530 0.039770 
0.088610 0.033620 0.036890 0.080480 0.085360 
0.014750 0.040430 0.050680 0.038260 0.040900 
0.069580 0.058540 0.064720 0.010490 0.029920 
70
0.479817 0.014473 0.046210 
0.462778 0.970428 0.462022 
0.057405 0.015099 0.491768 
0.071203 0.006256 0.046332 0.056044 0.027342 
0.058131 0.019662 0.038428 0.186184 0.060100 
0.017270 0.037114 0.031712 0.038794 0.052840 
0.046891 0.043363 0.046576 0.011220 0.104536 
0.087130 0.033470 0.046870 0.049530 0.039770 
0.088610 0.033620 0.036890 0.080480 0.085360 
0.014750 0.040430 0.050680 0.038260 0.040900 
0.069580 0.058540 0.064720 0.010490 0.029920 
71
0.479817 0.014473 0.046210 
0.462778 0.970428 0.462022 
0.057405 0.020080 0.486528 
0.482756 0.009900 0.025773 0.029821 0.020820 
0.046182 0.011636 0.029915 0.028748 0.047885 
0.013410 0.020609 0.018442 0.020922 0.024695 
0.062645 0.032464 0.047716 0.006679 0.018983 
0.087129 0.033470 0.046870 0.049530 0.039770 
0.088609 0.033620 0.036898 0.080479 0.085359 
0.014750 0.040430 0.050680 0.038260 0.040900 
0.069579 0.058539 0.064719 0.010490 0.029920 
72
0.479817 0.014473 0.045718 
0.462778 0.965447 0.467754 
0.057405 0.015099 0.491768 
0.046911 0.012480 0.007773 0.007339 0.035791 
0.015151 0.006568 0.274388 0.010455 0.094538 
0.018219 0.007273 0.011577 0.007144 0.009610 
0.015579 0.027590 0.365349 0.006454 0.019811 
0.087130 0.033470 0.046870 0.049530 0.039770 
0.088610 0.033620 0.036890 0.080480 0.085360 
0.014750 0.040430 0.050680 0.038260 0.040900 
0.069580 0.058540 0.064720 0.010490 0.029920 
73
0.479817 0.014473 0.046210 
0.462778 0.970428 0.462022 
0.057405 0.015099 0.491768 
0.081951 0.010056 0.049106 0.044688 0.040223 
0.061665 0.022793 0.076558 0.049634 0.085940 
0.020761 0.042159 0.041014 0.030634 0.045598 
0.121819 0.054979 0.070130 0.014239 0.036054 
0.087130 0.033470 0.046870 0.049530 0.039770 
0.088610 0.033620 0.036890 0.080480 0.085360 
0.014750 0.040430 0.050680 0.038260 0.040900 
0.069580 0.058540 0.064720 0.010490 0.029920 
74
0.479817 0.014473 0.046210 
0.462778 0.970428 0.462022 
0.057405 0.015099 0.491768 
0.053292 0.004953 0.271054 0.062969 0.015749 
0.060001 0.017991 0.018667 0.044477 0.029401 
0.009046 0.168461 0.026580 0.028732 0.029821 
0.072883 0.039369 0.024326 0.005768 0.016461 
0.087130 0.033470 0.046870 0.049530 0.039770 
0.088610 0.033620 0.036890 0.080480 0.085360 
0.014750 0.040430 0.050680 0.038260 0.040900 
0.069580 0.058540 0.064720 0.010490 0.029920 
75
0.479817 0.014473 0.046210 
0.462778 0.970428 0.462022 
0.057405 0.015099 0.491768 
0.413175 0.011605 0.027343 0.033007 0.025873 
0.050920 0.012512 0.034898 0.031531 0.054958 
0.015613 0.022185 0.019380 0.023306 0.027022 
0.068944 0.043040 0.055804 0.007441 0.021444 
0.087130 0.033470 0.046870 0.049530 0.039770 
0.088610 0.033620 0.036890 0.080480 0.085360 
0.014750 0.040430 0.050680 0.038260 0.040900 
0.069580 0.058540 0.064720 0.010490 0.029920 
76
0.479817 0.014473 0.046210 
0.462778 0.970428 0.462022 
0.057405 0.015099 0.491768 
0.070433 0.012697 0.018033 0.018622 0.134964 
0.032305 0.016790 0.109374 0.018510 0.240532 
0.033168 0.017548 0.016292 0.016844 0.020770 
0.024559 0.031581 0.115202 0.014507 0.037268 
0.087130 0.033470 0.046870 0.049530 0.039770 
0.088610 0.033620 0.036890 0.080480 0.085360 
0.014750 0.040430 0.050680 0.038260 0.040900 
0.069580 0.058540 0.064720 0.010490 0.029920 
77
0.479817 0.014473 0.046210 
0.462778 0.970428 0.462022 
0.057405 0.015099 0.491768 
0.188904 0.013284 0.029823 0.035649 0.033504 
0.049187 0.015987 0.066588 0.033865 0.078589 
0.021360 0.026854 0.024830 0.030954 0.032132 
0.054061 0.043169 0.182047 0.010097 0.029116 
0.087130 0.033470 0.046870 0.049530 0.039770 
0.088610 0.033620 0.036890 0.080480 0.085360 
0.014750 0.040430 0.050680 0.038260 0.040900 
0.069580 0.058540 0.064720 0.010490 0.029920 
78
0.479817 0.014473 0.046210 
0.462778 0.970428 0.462022 
0.057405 0.015099 0.491768 
0.066877 0.004862 0.047274 0.061886 0.017856 
0.039835 0.018832 0.027481 0.068756 0.047230 
0.013883 0.039657 0.025732 0.145903 0.220750 
0.045587 0.041255 0.035587 0.008429 0.022328 
0.087130 0.033470 0.046870 0.049530 0.039770 
0.088610 0.033620 0.036890 0.080480 0.085360 
0.014750 0.040430 0.050680 0.038260 0.040900 
0.069580 0.058540 0.064720 0.010490 0.029920 
79
0.479817 0.014473 0.046210 
0.462778 0.970428 0.462022 
0.057405 0.015099 0.491768 
0.068794 0.007360 0.062682 0.045510 0.020967 
0.069832 0.019740 0.023007 0.044347 0.036633 
0.011148 0.139648 0.032615 0.031096 0.034457 
0.222689 0.065079 0.033082 0.008632 0.022680 
0.087130 0.033470 0.046870 0.049530 0.039770 
0.088610 0.033620 0.036890 0.080480 0.085360 
0.014750 0.040430 0.050680 0.038260 0.040900 
0.069580 0.058540 0.064720 0.010490 0.029920 
80
0.479817 0.014473 0.046210 
0.462778 0.970428 0.462022 
0.057405 0.079896 0.431339 
0.073484 0.007345 0.061162 0.039975 0.022812 
0.263885 0.020082 0.025686 0.043886 0.038446 
0.013134 0.120842 0.032159 0.027500 0.032273 
0.075053 0.039184 0.029110 0.009774 0.024208 
0.087141 0.033466 0.046865 0.049524 0.039765 
0.088693 0.033616 0.036886 0.080471 0.085350 
0.014748 0.040425 0.050674 0.038256 0.040895 
0.069572 0.058533 0.064713 0.010489 0.029917 
81
0.479817 0.014473 0.040532 
0.462778 0.905630 0.528129 
0.057405 0.015099 0.491768 
0.084440 0.009953 0.048035 0.046653 0.035592 
0.074849 0.036872 0.049286 0.044163 0.080082 
0.020662 0.041846 0.032800 0.048830 0.038737 
0.062026 0.139769 0.057668 0.013067 0.034668 
0.087130 0.033470 0.046870 0.049530 0.039770 
0.088610 0.033620 0.036890 0.080480 0.085360 
0.014750 0.040430 0.050680 0.038260 0.040900 
0.069580 0.058540 0.064720 0.010490 0.029920 
82
0.479817 0.014473 0.046210 
0.462778 0.970428 0.462022 
0.057405 0.015099 0.491768 
0.066761 0.011067 0.023436 0.025293 0.090174 
0.039357 0.021897 0.064120 0.023324 0.168788 
0.028591 0.023406 0.017900 0.023334 0.027035 
0.031529 0.032632 0.072689 0.021500 0.187166 
0.087130 0.033470 0.046870 0.049530 0.039770 
0.088610 0.033620 0.036890 0.080480 0.085360 
0.014750 0.040430 0.050680 0.038260 0.040900 
0.069580 0.058540 0.064720 0.010490 0.029920 
83
0.479817 0.014473 0.046210 
0.462778 0.970428 0.462022 
0.057405 0.015099 0.491768 
0.068890 0.005048 0.090806 0.205546 0.020325 
0.065786 0.020341 0.024243 0.064640 0.042525 
0.012396 0.090845 0.027112 0.044741 0.044635 
0.055741 0.053414 0.031646 0.008978 0.022342 
0.087130 0.033470 0.046870 0.049530 0.039770 
0.088610 0.033620 0.036890 0.080480 0.085360 
0.014750 0.040430 0.050680 0.038260 0.040900 
