%  SAM: modelfromalign v3.5 (July 15, 2005) compiled 12/05/20_11:48:22
%  (c) 1992-2001 Regents of the University of California, Santa Cruz
%
%          Sequence Alignment and Modeling Software System
%         http://www.cse.ucsc.edu/research/compbio/sam.html
%
% ----------------- Citations (SAM, SAM-T2K, HMMs) --------------------
% R. Hughey, A. Krogh, Hidden Markov models for sequence analysis:
%  Extension and analysis of the basic method, CABIOS 12:95-107, 1996.
% K. Karplus, et al., What is the value added by human intervention in protein
%  structure prediction, Proteins: Stucture, Function, Genetics 45(S5):86--91, 2001.
% A. Krogh et al., Hidden Markov models in computational biology:
%  Applications to protein modeling, JMB 235:1501-1531, Feb 1994.
% ---------------------------------------------------------------------
%  last   Host: gauntlet    Thu Feb 11 16:21:37 2021
%  dgpinheiro   Dir:  /data/GitHub/sfFinder/example/output/subfamily/TEST1/flowerpower/fp-workspace/final
% ---------------------------------------------------------------------
% Prior File:  Internal (Name: recode3.20comp) 
%   20 priors on 20 characters.
%  Alignment weights from internal calc.  Total (1.57) Max (0.00) Min (0.00)
%  Weights from alignment method 1 (karplus), b=0.500000, e=0.500000
MODEL --  Model from alignment file last.a2m
alphabet protein
FREQAVE
0.000000 0.000000 0.000000 
0.000000 0.000000 0.000000 
0.000000 0.000000 0.000000 
0.073366 0.015731 0.056938 0.066613 0.049655 
0.061768 0.028683 0.052055 0.058198 0.085039 
0.025996 0.041873 0.045380 0.042494 0.052400 
0.059160 0.053814 0.060939 0.022990 0.046909 
0.073366 0.015731 0.056938 0.066613 0.049655 
0.061768 0.028683 0.052055 0.058198 0.085039 
0.025996 0.041873 0.045380 0.042494 0.052400 
0.059160 0.053814 0.060939 0.022990 0.046909 
Begin
0.000000 0.000000 0.000000 
0.000000 0.000000 0.000000 
0.000000 0.102655 0.805442 
0.000000 0.000000 0.000000 0.000000 0.000000 
0.000000 0.000000 0.000000 0.000000 0.000000 
0.000000 0.000000 0.000000 0.000000 0.000000 
0.000000 0.000000 0.000000 0.000000 0.000000 
0.087135 0.033412 0.046877 0.049460 0.039687 
0.088502 0.033556 0.036842 0.080764 0.085459 
0.014906 0.040443 0.050641 0.038240 0.040935 
0.069509 0.058601 0.064641 0.010468 0.029922 
1
0.000000 0.014473 0.062158 
0.000000 0.882872 0.132400 
0.042026 0.016442 0.491768 
0.081152 0.007496 0.057047 0.065590 0.028427 
0.060010 0.021387 0.045582 0.153705 0.069057 
0.029222 0.043387 0.035369 0.044139 0.055874 
0.054627 0.050004 0.055738 0.011664 0.030522 
0.087130 0.033470 0.046870 0.049530 0.039770 
0.088610 0.033620 0.036890 0.080480 0.085360 
0.014750 0.040430 0.050680 0.038260 0.040900 
0.069580 0.058540 0.064720 0.010490 0.029920 
2
0.618666 0.015761 0.046210 
0.339307 0.967797 0.462022 
0.042048 0.016440 0.491768 
0.096333 0.006749 0.058144 0.067263 0.025948 
0.061543 0.021877 0.041545 0.110037 0.063530 
0.018143 0.044558 0.049518 0.045119 0.094062 
0.055872 0.047910 0.050846 0.011313 0.029689 
0.087130 0.033470 0.046870 0.049530 0.039770 
0.088610 0.033620 0.036890 0.080480 0.085360 
0.014750 0.040430 0.050680 0.038260 0.040900 
0.069580 0.058540 0.064720 0.010490 0.029920 
3
0.617844 0.015758 0.046210 
0.340108 0.967802 0.462022 
0.042095 0.016433 0.491768 
0.081871 0.011366 0.034975 0.039562 0.044375 
0.046121 0.018776 0.076712 0.052508 0.216527 
0.034068 0.029278 0.027021 0.029367 0.038398 
0.039110 0.041627 0.087880 0.014817 0.035642 
0.087130 0.033470 0.046870 0.049530 0.039770 
0.088610 0.033620 0.036890 0.080480 0.085360 
0.014750 0.040430 0.050680 0.038260 0.040900 
0.069580 0.058540 0.064720 0.010490 0.029920 
4
0.618547 0.015752 0.046210 
0.339357 0.967814 0.462022 
0.042095 0.016433 0.491768 
0.081572 0.009849 0.060187 0.051053 0.035661 
0.098681 0.024705 0.046944 0.049075 0.097844 
0.019943 0.095194 0.036969 0.034785 0.042138 
0.061342 0.048704 0.056293 0.014038 0.035023 
0.087130 0.033470 0.046870 0.049530 0.039770 
0.088610 0.033620 0.036890 0.080480 0.085360 
0.014750 0.040430 0.050680 0.038260 0.040900 
0.069580 0.058540 0.064720 0.010490 0.029920 
5
0.618547 0.015752 0.046210 
0.339357 0.967814 0.462022 
0.042095 0.016433 0.491768 
0.112155 0.011084 0.045853 0.049635 0.040122 
0.060899 0.022112 0.062861 0.048924 0.137908 
0.026086 0.044089 0.032979 0.041035 0.043918 
0.049207 0.045759 0.074190 0.014271 0.036915 
0.087130 0.033470 0.046870 0.049530 0.039770 
0.088610 0.033620 0.036890 0.080480 0.085360 
0.014750 0.040430 0.050680 0.038260 0.040900 
0.069580 0.058540 0.064720 0.010490 0.029920 
6
0.460775 0.015752 0.046210 
0.497129 0.967814 0.462022 
0.049981 0.015617 0.491768 
0.071759 0.004830 0.050841 0.065880 0.017628 
0.042833 0.019262 0.028326 0.248125 0.048473 
0.014034 0.038706 0.028994 0.045444 0.115573 
0.049017 0.042871 0.036689 0.008358 0.022357 
0.087130 0.033470 0.046870 0.049530 0.039770 
0.088610 0.033620 0.036890 0.080480 0.085360 
0.014750 0.040430 0.050680 0.038260 0.040900 
0.069580 0.058540 0.064720 0.010490 0.029920 
7
0.547091 0.014970 0.046210 
0.402928 0.969413 0.462022 
0.049981 0.015617 0.491768 
0.068115 0.004454 0.218556 0.159540 0.018146 
0.048423 0.017864 0.022160 0.059170 0.039258 
0.011618 0.052275 0.026414 0.046425 0.046164 
0.062330 0.041300 0.030442 0.007546 0.019800 
0.087130 0.033470 0.046870 0.049530 0.039770 
0.088610 0.033620 0.036890 0.080480 0.085360 
0.014750 0.040430 0.050680 0.038260 0.040900 
0.069580 0.058540 0.064720 0.010490 0.029920 
8
0.547091 0.014970 0.046210 
0.402928 0.969413 0.462022 
0.049981 0.015617 0.491768 
0.077534 0.004818 0.096217 0.071179 0.017824 
0.047703 0.019342 0.028212 0.215212 0.048123 
0.013744 0.050738 0.031198 0.046675 0.070439 
0.051801 0.043223 0.035936 0.008148 0.021934 
0.087130 0.033470 0.046870 0.049530 0.039770 
0.088610 0.033620 0.036890 0.080480 0.085360 
0.014750 0.040430 0.050680 0.038260 0.040900 
0.069580 0.058540 0.064720 0.010490 0.029920 
9
0.547091 0.014970 0.046210 
0.402928 0.969413 0.462022 
0.049981 0.015617 0.491768 
0.054410 0.009101 0.024456 0.027946 0.090291 
0.039426 0.022631 0.044892 0.026529 0.070933 
0.018415 0.024261 0.019249 0.021377 0.027639 
0.035858 0.034220 0.057187 0.034465 0.316713 
0.087130 0.033470 0.046870 0.049530 0.039770 
0.088610 0.033620 0.036890 0.080480 0.085360 
0.014750 0.040430 0.050680 0.038260 0.040900 
0.069580 0.058540 0.064720 0.010490 0.029920 
10
0.545869 0.014970 0.046210 
0.404150 0.969413 0.462022 
0.050042 0.015612 0.491768 
0.110626 0.008024 0.048998 0.058837 0.034012 
0.055349 0.023930 0.052080 0.063528 0.080611 
0.022773 0.037997 0.030816 0.064652 0.088824 
0.047782 0.045575 0.060845 0.014008 0.050732 
0.087130 0.033470 0.046870 0.049530 0.039770 
0.088610 0.033620 0.036890 0.080480 0.085360 
0.014750 0.040430 0.050680 0.038260 0.040900 
0.069580 0.058540 0.064720 0.010490 0.029920 
11
0.546537 0.014965 0.046210 
0.403421 0.969423 0.462022 
0.050042 0.015612 0.491768 
0.083873 0.013097 0.049847 0.041250 0.053225 
0.066789 0.029993 0.064608 0.041369 0.106742 
0.026718 0.040521 0.031478 0.029935 0.044725 
0.048158 0.043345 0.071268 0.020554 0.092504 
0.087130 0.033470 0.046870 0.049530 0.039770 
0.088610 0.033620 0.036890 0.080480 0.085360 
0.014750 0.040430 0.050680 0.038260 0.040900 
0.069580 0.058540 0.064720 0.010490 0.029920 
12
0.419517 0.014965 0.046210 
0.530441 0.969423 0.462022 
0.057323 0.015104 0.491768 
0.044671 0.009052 0.008144 0.009385 0.039223 
0.014411 0.007133 0.087221 0.010064 0.473325 
0.116333 0.008428 0.009011 0.009549 0.011011 
0.012974 0.030582 0.072147 0.007970 0.019367 
0.087130 0.033470 0.046870 0.049530 0.039770 
0.088610 0.033620 0.036890 0.080480 0.085360 
0.014750 0.040430 0.050680 0.038260 0.040900 
0.069580 0.058540 0.064720 0.010490 0.029920 
13
0.480557 0.014478 0.046210 
0.462119 0.970418 0.462022 
0.057323 0.015104 0.491768 
0.076459 0.006047 0.030538 0.033416 0.016052 
0.029466 0.011867 0.025510 0.033493 0.034258 
0.012429 0.029763 0.019998 0.024749 0.025733 
0.087078 0.443025 0.037711 0.005607 0.016801 
0.087130 0.033470 0.046870 0.049530 0.039770 
0.088610 0.033620 0.036890 0.080480 0.085360 
0.014750 0.040430 0.050680 0.038260 0.040900 
0.069580 0.058540 0.064720 0.010490 0.029920 
14
0.479840 0.014478 0.046210 
0.462837 0.970418 0.462022 
0.057365 0.015101 0.491768 
0.041612 0.004028 0.032292 0.038897 0.012717 
0.031604 0.013686 0.017991 0.043268 0.031644 
0.009156 0.026265 0.020154 0.027841 0.528436 
0.032438 0.041381 0.025504 0.005763 0.015321 
0.087130 0.033470 0.046870 0.049530 0.039770 
0.088610 0.033620 0.036890 0.080480 0.085360 
0.014750 0.040430 0.050680 0.038260 0.040900 
0.069580 0.058540 0.064720 0.010490 0.029920 
15
0.480184 0.014476 0.046210 
0.462451 0.970423 0.462022 
0.057365 0.015101 0.491768 
0.039644 0.003239 0.432411 0.053720 0.010060 
0.105241 0.012764 0.014447 0.037477 0.021838 
0.006876 0.079967 0.019055 0.025788 0.025855 
0.043690 0.033405 0.019970 0.003378 0.011176 
0.087130 0.033470 0.046870 0.049530 0.039770 
0.088610 0.033620 0.036890 0.080480 0.085360 
0.014750 0.040430 0.050680 0.038260 0.040900 
0.069580 0.058540 0.064720 0.010490 0.029920 
16
0.480184 0.014476 0.046210 
0.462451 0.970423 0.462022 
0.057365 0.015101 0.491768 
0.034681 0.007512 0.005964 0.007188 0.029923 
0.010993 0.005315 0.058058 0.007571 0.570489 
0.101082 0.006492 0.007649 0.007297 0.008132 
0.010340 0.024846 0.074170 0.006609 0.015690 
0.087130 0.033470 0.046870 0.049530 0.039770 
0.088610 0.033620 0.036890 0.080480 0.085360 
0.014750 0.040430 0.050680 0.038260 0.040900 
0.069580 0.058540 0.064720 0.010490 0.029920 
17
0.479479 0.014476 0.046210 
0.463157 0.970423 0.462022 
0.057405 0.015099 0.491768 
0.130848 0.005810 0.105595 0.036019 0.016128 
0.329033 0.015397 0.019572 0.034280 0.030942 
0.010782 0.058324 0.023631 0.022680 0.024970 
0.058164 0.030673 0.022287 0.006991 0.017875 
0.087130 0.033470 0.046870 0.049530 0.039770 
0.088610 0.033620 0.036890 0.080480 0.085360 
0.014750 0.040430 0.050680 0.038260 0.040900 
0.069580 0.058540 0.064720 0.010490 0.029920 
18
0.479817 0.014473 0.046210 
0.462778 0.970428 0.462022 
0.057405 0.015099 0.491768 
0.015604 0.004871 0.007269 0.009310 0.034215 
0.015475 0.005469 0.016011 0.007541 0.041009 
0.009821 0.006036 0.006897 0.004958 0.012156 
0.010102 0.008778 0.020998 0.734117 0.029360 
0.087130 0.033470 0.046870 0.049530 0.039770 
0.088610 0.033620 0.036890 0.080480 0.085360 
0.014750 0.040430 0.050680 0.038260 0.040900 
0.069580 0.058540 0.064720 0.010490 0.029920 
19
0.479817 0.014473 0.046210 
0.462778 0.970428 0.462022 
0.057405 0.015099 0.491768 
0.072455 0.001991 0.136770 0.397390 0.011579 
0.029963 0.010613 0.011945 0.046903 0.026426 
0.008097 0.022936 0.016491 0.054522 0.029325 
0.048633 0.037058 0.019884 0.004575 0.012443 
0.087130 0.033470 0.046870 0.049530 0.039770 
0.088610 0.033620 0.036890 0.080480 0.085360 
0.014750 0.040430 0.050680 0.038260 0.040900 
0.069580 0.058540 0.064720 0.010490 0.029920 
20
0.479817 0.014473 0.046210 
0.462778 0.970428 0.462022 
0.057405 0.015099 0.491768 
0.062562 0.004873 0.034618 0.030724 0.028004 
0.039601 0.009717 0.033285 0.043893 0.060311 
0.007521 0.027669 0.355481 0.021955 0.027191 
0.052174 0.087081 0.047695 0.006625 0.019021 
0.087130 0.033470 0.046870 0.049530 0.039770 
0.088610 0.033620 0.036890 0.080480 0.085360 
0.014750 0.040430 0.050680 0.038260 0.040900 
0.069580 0.058540 0.064720 0.010490 0.029920 
21
0.479817 0.014473 0.046210 
0.462778 0.970428 0.462022 
0.057405 0.015099 0.491768 
0.041309 0.005900 0.031137 0.029084 0.013707 
0.034572 0.010341 0.021205 0.026370 0.020843 
0.007106 0.033483 0.020449 0.021259 0.018679 
0.351150 0.258016 0.035099 0.004652 0.015639 
0.087130 0.033470 0.046870 0.049530 0.039770 
0.088610 0.033620 0.036890 0.080480 0.085360 
0.014750 0.040430 0.050680 0.038260 0.040900 
0.069580 0.058540 0.064720 0.010490 0.029920 
22
0.479817 0.014473 0.046210 
0.462778 0.970428 0.462022 
0.057405 0.015099 0.491768 
0.020875 0.004008 0.012700 0.011974 0.042790 
0.021145 0.011348 0.017942 0.011683 0.029144 
0.006992 0.010549 0.010641 0.008993 0.012407 
0.016375 0.015333 0.024004 0.010604 0.700492 
0.087130 0.033470 0.046870 0.049530 0.039770 
0.088610 0.033620 0.036890 0.080480 0.085360 
0.014750 0.040430 0.050680 0.038260 0.040900 
0.069580 0.058540 0.064720 0.010490 0.029920 
23
0.479817 0.014473 0.046210 
0.462778 0.970428 0.462022 
0.057405 0.015099 0.491768 
0.052574 0.004177 0.042677 0.083936 0.013803 
0.032509 0.015823 0.019501 0.054725 0.034621 
0.010492 0.031213 0.021959 0.372369 0.050227 
0.039983 0.037402 0.058386 0.006400 0.017224 
0.087130 0.033470 0.046870 0.049530 0.039770 
0.088610 0.033620 0.036890 0.080480 0.085360 
0.014750 0.040430 0.050680 0.038260 0.040900 
0.069580 0.058540 0.064720 0.010490 0.029920 
24
0.479817 0.014473 0.046210 
0.462778 0.970428 0.462022 
0.057405 0.015099 0.491768 
0.068573 0.004841 0.073610 0.057002 0.017917 
0.049370 0.016614 0.026602 0.147476 0.042801 
0.011039 0.044448 0.085102 0.037274 0.053417 
0.112030 0.090831 0.033967 0.007312 0.019772 
0.087130 0.033470 0.046870 0.049530 0.039770 
0.088610 0.033620 0.036890 0.080480 0.085360 
0.014750 0.040430 0.050680 0.038260 0.040900 
0.069580 0.058540 0.064720 0.010490 0.029920 
25
0.479817 0.014473 0.046210 
0.462778 0.970428 0.462022 
0.057405 0.015099 0.491768 
0.084863 0.004311 0.049424 0.091709 0.020266 
0.037983 0.049691 0.040190 0.199237 0.062948 
0.028328 0.033494 0.025558 0.045423 0.074715 
0.042594 0.033881 0.041175 0.009351 0.024860 
0.087130 0.033470 0.046870 0.049530 0.039770 
0.088610 0.033620 0.036890 0.080480 0.085360 
0.014750 0.040430 0.050680 0.038260 0.040900 
0.069580 0.058540 0.064720 0.010490 0.029920 
26
0.479817 0.014473 0.046210 
0.462778 0.970428 0.462022 
0.057405 0.015099 0.491768 
0.075333 0.001504 0.215318 0.293591 0.011078 
0.030805 0.009986 0.011056 0.069444 0.025612 
0.007466 0.027918 0.015456 0.064754 0.028734 
0.050642 0.028119 0.018120 0.003948 0.011114 
0.087130 0.033470 0.046870 0.049530 0.039770 
0.088610 0.033620 0.036890 0.080480 0.085360 
0.014750 0.040430 0.050680 0.038260 0.040900 
0.069580 0.058540 0.064720 0.010490 0.029920 
27
0.479817 0.014473 0.046210 
0.462778 0.970428 0.462022 
0.057405 0.015099 0.491768 
0.069503 0.002676 0.320172 0.143999 0.011111 
0.037392 0.012848 0.014827 0.086871 0.026201 
0.007861 0.056710 0.019055 0.040409 0.031142 
0.046278 0.032532 0.024288 0.003976 0.012150 
0.087130 0.033470 0.046870 0.049530 0.039770 
0.088610 0.033620 0.036890 0.080480 0.085360 
0.014750 0.040430 0.050680 0.038260 0.040900 
0.069580 0.058540 0.064720 0.010490 0.029920 
28
0.479817 0.014473 0.046210 
0.462778 0.970428 0.462022 
0.057405 0.015099 0.491768 
0.051086 0.012091 0.006065 0.005077 0.032122 
0.011493 0.005418 0.306330 0.008591 0.084033 
0.014487 0.005510 0.010292 0.005133 0.007446 
0.013378 0.026268 0.372573 0.005187 0.017421 
0.087130 0.033470 0.046870 0.049530 0.039770 
0.088610 0.033620 0.036890 0.080480 0.085360 
0.014750 0.040430 0.050680 0.038260 0.040900 
0.069580 0.058540 0.064720 0.010490 0.029920 
29
0.479817 0.014473 0.046210 
0.462778 0.970428 0.462022 
0.057405 0.015099 0.491768 
0.022248 0.007023 0.004803 0.010809 0.550720 
0.011083 0.007761 0.030528 0.007420 0.054212 
0.010930 0.005311 0.007164 0.007923 0.003986 
0.015450 0.016030 0.032669 0.033319 0.160613 
0.087130 0.033470 0.046870 0.049530 0.039770 
0.088610 0.033620 0.036890 0.080480 0.085360 
0.014750 0.040430 0.050680 0.038260 0.040900 
0.069580 0.058540 0.064720 0.010490 0.029920 
30
0.479817 0.014473 0.046210 
0.462778 0.970428 0.462022 
0.057405 0.015099 0.491768 
0.040071 0.003447 0.027714 0.026831 0.013252 
0.031644 0.009315 0.018258 0.039664 0.030551 
0.005521 0.021251 0.578742 0.018731 0.028582 
0.033155 0.027837 0.027333 0.004772 0.013330 
0.087130 0.033470 0.046870 0.049530 0.039770 
0.088610 0.033620 0.036890 0.080480 0.085360 
0.014750 0.040430 0.050680 0.038260 0.040900 
0.069580 0.058540 0.064720 0.010490 0.029920 
31
0.479817 0.088601 0.046210 
0.462778 0.896300 0.462022 
0.043096 0.016308 0.491768 
0.084519 0.007971 0.077733 0.086014 0.032912 
0.058782 0.088026 0.037947 0.058401 0.062884 
0.018219 0.048753 0.029303 0.068851 0.047792 
0.055791 0.043839 0.044281 0.014062 0.033921 
0.087130 0.033470 0.046870 0.049530 0.039770 
0.088610 0.033620 0.036890 0.080480 0.085360 
0.014750 0.040430 0.050680 0.038260 0.040900 
0.069580 0.058540 0.064720 0.010490 0.029920 
32
0.609479 0.029218 0.046210 
0.347425 0.954474 0.462022 
0.041347 0.016532 0.491768 
0.082188 0.013475 0.057580 0.073912 0.033124 
0.060636 0.024168 0.050771 0.065768 0.077766 
0.021534 0.045473 0.053527 0.042807 0.056268 
0.068477 0.062461 0.065866 0.011358 0.032840 
0.087130 0.033470 0.046870 0.049530 0.039770 
0.088610 0.033620 0.036890 0.080480 0.085360 
0.014750 0.040430 0.050680 0.038260 0.040900 
0.069580 0.058540 0.064720 0.010490 0.029920 
33
0.386180 0.016358 0.046210 
0.572472 0.967110 0.462022 
0.054236 0.015299 0.491768 
0.060589 0.010413 0.025227 0.026642 0.106286 
0.044885 0.027000 0.052373 0.022504 0.106257 
0.023673 0.028724 0.018921 0.022621 0.028118 
0.035505 0.035647 0.062306 0.029484 0.232828 
0.087130 0.033470 0.046870 0.049530 0.039770 
0.088610 0.033620 0.036890 0.080480 0.085360 
0.014750 0.040430 0.050680 0.038260 0.040900 
0.069580 0.058540 0.064720 0.010490 0.029920 
34
0.455302 0.014665 0.046210 
0.490462 0.970037 0.462022 
0.057286 0.015106 0.491768 
0.071300 0.002040 0.169740 0.318253 0.012565 
0.032571 0.011275 0.013891 0.057019 0.028365 
0.008386 0.027680 0.017224 0.054906 0.030869 
0.062069 0.039675 0.024347 0.004811 0.013012 
0.087130 0.033470 0.046870 0.049530 0.039770 
0.088610 0.033620 0.036890 0.080480 0.085360 
0.014750 0.040430 0.050680 0.038260 0.040900 
0.069580 0.058540 0.064720 0.010490 0.029920 
35
0.478817 0.014480 0.046210 
0.463897 0.970414 0.462022 
0.057405 0.015099 0.491768 
0.103931 0.004643 0.080386 0.074355 0.022825 
0.057082 0.034570 0.038843 0.103908 0.065000 
0.017262 0.042294 0.022912 0.049756 0.119659 
0.050530 0.036094 0.040256 0.010237 0.025459 
0.087130 0.033470 0.046870 0.049530 0.039770 
0.088610 0.033620 0.036890 0.080480 0.085360 
0.014750 0.040430 0.050680 0.038260 0.040900 
0.069580 0.058540 0.064720 0.010490 0.029920 
36
0.479817 0.014473 0.046210 
0.462778 0.970428 0.462022 
0.057405 0.015099 0.491768 
0.032522 0.007625 0.007483 0.016097 0.515733 
0.014607 0.009553 0.030953 0.010402 0.056208 
0.011768 0.007941 0.008742 0.010243 0.006766 
0.021931 0.021817 0.035305 0.034580 0.139725 
0.087130 0.033470 0.046870 0.049530 0.039770 
0.088610 0.033620 0.036890 0.080480 0.085360 
0.014750 0.040430 0.050680 0.038260 0.040900 
0.069580 0.058540 0.064720 0.010490 0.029920 
37
0.479817 0.014473 0.046210 
0.462778 0.970428 0.462022 
0.057405 0.015099 0.491768 
0.046130 0.002818 0.058813 0.506979 0.013855 
0.045577 0.011894 0.013242 0.052012 0.025866 
0.008009 0.023900 0.017702 0.037753 0.031255 
0.035673 0.029696 0.020847 0.004868 0.013111 
0.087130 0.033470 0.046870 0.049530 0.039770 
0.088610 0.033620 0.036890 0.080480 0.085360 
0.014750 0.040430 0.050680 0.038260 0.040900 
0.069580 0.058540 0.064720 0.010490 0.029920 
38
0.479817 0.014473 0.046210 
0.462778 0.970428 0.462022 
0.057405 0.015099 0.491768 
0.044005 0.002840 0.039157 0.016711 0.006544 
0.706555 0.006604 0.008328 0.018567 0.013905 
0.005068 0.021952 0.014458 0.010874 0.017077 
0.028604 0.017202 0.009326 0.003245 0.008976 
0.087130 0.033470 0.046870 0.049530 0.039770 
0.088610 0.033620 0.036890 0.080480 0.085360 
0.014750 0.040430 0.050680 0.038260 0.040900 
0.069580 0.058540 0.064720 0.010490 0.029920 
39
0.479817 0.014473 0.046210 
0.462778 0.970428 0.462022 
0.057405 0.015099 0.491768 
0.036335 0.008652 0.006305 0.007176 0.031097 
0.011755 0.005422 0.538150 0.008264 0.103719 
0.019733 0.006586 0.008723 0.007074 0.008300 
0.011554 0.019534 0.138771 0.006457 0.016393 
0.087130 0.033470 0.046870 0.049530 0.039770 
0.088610 0.033620 0.036890 0.080480 0.085360 
0.014750 0.040430 0.050680 0.038260 0.040900 
0.069580 0.058540 0.064720 0.010490 0.029920 
40
0.479817 0.014473 0.046210 
0.462778 0.970428 0.462022 
0.057405 0.015099 0.491768 
0.051250 0.004662 0.038515 0.050361 0.012302 
0.031297 0.018974 0.022269 0.447257 0.032570 
0.009798 0.030994 0.034536 0.036719 0.056134 
0.038637 0.035322 0.026258 0.005998 0.016148 
0.087130 0.033470 0.046870 0.049530 0.039770 
0.088610 0.033620 0.036890 0.080480 0.085360 
0.014750 0.040430 0.050680 0.038260 0.040900 
0.069580 0.058540 0.064720 0.010490 0.029920 
41
0.479817 0.014473 0.046210 
0.462778 0.970428 0.462022 
0.057405 0.015099 0.491768 
0.050683 0.009097 0.009669 0.011233 0.030645 
0.024942 0.006794 0.506613 0.012905 0.090011 
0.021456 0.009295 0.010639 0.009913 0.011880 
0.015798 0.027829 0.116474 0.006635 0.017490 
0.087130 0.033470 0.046870 0.049530 0.039770 
0.088610 0.033620 0.036890 0.080480 0.085360 
0.014750 0.040430 0.050680 0.038260 0.040900 
0.069580 0.058540 0.064720 0.010490 0.029920 
42
0.479817 0.014473 0.046210 
0.462778 0.970428 0.462022 
0.057405 0.015099 0.491768 
0.050437 0.005472 0.039836 0.077638 0.016451 
0.036130 0.045251 0.023346 0.053271 0.033223 
0.010578 0.035547 0.024405 0.032232 0.035828 
0.069690 0.349984 0.034213 0.006872 0.019596 
0.087130 0.033470 0.046870 0.049530 0.039770 
0.088610 0.033620 0.036890 0.080480 0.085360 
0.014750 0.040430 0.050680 0.038260 0.040900 
0.069580 0.058540 0.064720 0.010490 0.029920 
43
0.479817 0.014473 0.046210 
0.462778 0.970428 0.462022 
0.057405 0.015099 0.491768 
0.050908 0.002910 0.489924 0.063384 0.009383 
0.042942 0.012156 0.014292 0.038211 0.021423 
0.006754 0.074668 0.017893 0.025172 0.024552 
0.040613 0.031353 0.019802 0.003094 0.010565 
0.087130 0.033470 0.046870 0.049530 0.039770 
0.088610 0.033620 0.036890 0.080480 0.085360 
0.014750 0.040430 0.050680 0.038260 0.040900 
0.069580 0.058540 0.064720 0.010490 0.029920 
44
0.479817 0.014473 0.046210 
0.462778 0.970428 0.462022 
0.057405 0.015099 0.491768 
0.020296 0.005023 0.010400 0.013068 0.069556 
0.015413 0.012236 0.022065 0.012728 0.046113 
0.010990 0.010764 0.009483 0.009650 0.016147 
0.016411 0.015493 0.023208 0.598913 0.062043 
0.087130 0.033470 0.046870 0.049530 0.039770 
0.088610 0.033620 0.036890 0.080480 0.085360 
0.014750 0.040430 0.050680 0.038260 0.040900 
0.069580 0.058540 0.064720 0.010490 0.029920 
45
0.479817 0.014473 0.046210 
0.462778 0.970428 0.462022 
0.057405 0.015099 0.491768 
0.042470 0.002939 0.421713 0.090406 0.010195 
0.036594 0.012589 0.014600 0.040111 0.026058 
0.007208 0.075562 0.018577 0.029360 0.025459 
0.077124 0.033298 0.020511 0.004048 0.011177 
0.087130 0.033470 0.046870 0.049530 0.039770 
0.088610 0.033620 0.036890 0.080480 0.085360 
0.014750 0.040430 0.050680 0.038260 0.040900 
0.069580 0.058540 0.064720 0.010490 0.029920 
46
0.479817 0.014473 0.046210 
0.462778 0.970428 0.462022 
0.057405 0.015099 0.491768 
0.115043 0.003134 0.053830 0.066557 0.011501 
0.043802 0.015440 0.018501 0.321027 0.034300 
0.009194 0.037078 0.020705 0.079489 0.050423 
0.042559 0.032971 0.024263 0.005385 0.014797 
0.087130 0.033470 0.046870 0.049530 0.039770 
0.088610 0.033620 0.036890 0.080480 0.085360 
0.014750 0.040430 0.050680 0.038260 0.040900 
0.069580 0.058540 0.064720 0.010490 0.029920 
47
0.479817 0.014473 0.046210 
0.462778 0.970428 0.462022 
0.057405 0.015099 0.491768 
0.015685 0.004356 0.005090 0.009144 0.045952 
0.012279 0.005364 0.018242 0.007363 0.048524 
0.011717 0.005080 0.005326 0.004834 0.013326 
0.009326 0.008252 0.023524 0.709106 0.037509 
0.087130 0.033470 0.046870 0.049530 0.039770 
0.088610 0.033620 0.036890 0.080480 0.085360 
0.014750 0.040430 0.050680 0.038260 0.040900 
0.069580 0.058540 0.064720 0.010490 0.029920 
48
0.479817 0.014473 0.046210 
0.462778 0.970428 0.462022 
0.057405 0.015099 0.491768 
0.048975 0.002337 0.118643 0.477440 0.010817 
0.028821 0.010714 0.011824 0.041753 0.024693 
0.007619 0.022006 0.016658 0.042776 0.028257 
0.037235 0.028477 0.024139 0.004534 0.012281 
0.087130 0.033470 0.046870 0.049530 0.039770 
0.088610 0.033620 0.036890 0.080480 0.085360 
0.014750 0.040430 0.050680 0.038260 0.040900 
0.069580 0.058540 0.064720 0.010490 0.029920 
49
0.479817 0.014473 0.046210 
0.462778 0.970428 0.462022 
0.057405 0.015099 0.491768 
0.033396 0.002737 0.557031 0.091253 0.008705 
0.031586 0.010604 0.011542 0.031774 0.018806 
0.005736 0.046914 0.016571 0.022462 0.021839 
0.032802 0.025809 0.017097 0.003254 0.010082 
0.087130 0.033470 0.046870 0.049530 0.039770 
0.088610 0.033620 0.036890 0.080480 0.085360 
0.014750 0.040430 0.050680 0.038260 0.040900 
0.069580 0.058540 0.064720 0.010490 0.029920 
50
0.479817 0.014473 0.046210 
0.462778 0.970428 0.462022 
0.057405 0.015099 0.491768 
0.048959 0.004972 0.030176 0.035279 0.010477 
0.032138 0.010850 0.016957 0.032009 0.029097 
0.006296 0.019994 0.571404 0.018760 0.023530 
0.041662 0.028172 0.025898 0.003392 0.009976 
0.087130 0.033470 0.046870 0.049530 0.039770 
0.088610 0.033620 0.036890 0.080480 0.085360 
0.014750 0.040430 0.050680 0.038260 0.040900 
0.069580 0.058540 0.064720 0.010490 0.029920 
51
0.479817 0.014473 0.046210 
0.462778 0.970428 0.462022 
0.057405 0.015099 0.491768 
0.022927 0.006387 0.006950 0.010699 0.633886 
0.013747 0.006424 0.029758 0.008047 0.053165 
0.010860 0.006229 0.008310 0.007625 0.005131 
0.014422 0.015348 0.032438 0.024665 0.082983 
0.087130 0.033470 0.046870 0.049530 0.039770 
0.088610 0.033620 0.036890 0.080480 0.085360 
0.014750 0.040430 0.050680 0.038260 0.040900 
0.069580 0.058540 0.064720 0.010490 0.029920 
52
0.479817 0.014473 0.046210 
0.462778 0.970428 0.462022 
0.057405 0.015099 0.491768 
0.045679 0.003853 0.035462 0.045022 0.012444 
0.031014 0.015018 0.018002 0.081819 0.031864 
0.009729 0.029398 0.021058 0.032544 0.468989 
0.035723 0.034280 0.025864 0.006064 0.016173 
0.087130 0.033470 0.046870 0.049530 0.039770 
0.088610 0.033620 0.036890 0.080480 0.085360 
0.014750 0.040430 0.050680 0.038260 0.040900 
0.069580 0.058540 0.064720 0.010490 0.029920 
53
0.479817 0.014473 0.046210 
0.462778 0.970428 0.462022 
0.057405 0.015099 0.491768 
0.033249 0.007442 0.005269 0.006431 0.030008 
0.010299 0.004947 0.071108 0.006711 0.632474 
0.028397 0.005950 0.007439 0.006911 0.007377 
0.009694 0.016878 0.087454 0.006552 0.015409 
0.087130 0.033470 0.046870 0.049530 0.039770 
0.088610 0.033620 0.036890 0.080480 0.085360 
0.014750 0.040430 0.050680 0.038260 0.040900 
0.069580 0.058540 0.064720 0.010490 0.029920 
54
0.479817 0.014473 0.046210 
0.462778 0.970428 0.462022 
0.057405 0.015099 0.491768 
0.037101 0.004877 0.027982 0.028321 0.012780 
0.028909 0.010545 0.018838 0.027857 0.024757 
0.007366 0.026167 0.018768 0.020414 0.021560 
0.094311 0.541505 0.029010 0.004725 0.014205 
0.087130 0.033470 0.046870 0.049530 0.039770 
0.088610 0.033620 0.036890 0.080480 0.085360 
0.014750 0.040430 0.050680 0.038260 0.040900 
0.069580 0.058540 0.064720 0.010490 0.029920 
55
0.479817 0.014473 0.046210 
0.462778 0.970428 0.462022 
0.057405 0.015099 0.491768 
0.054435 0.009469 0.016506 0.019982 0.043940 
0.024595 0.010161 0.064269 0.021037 0.104684 
0.391605 0.015326 0.014155 0.016367 0.019286 
0.023145 0.028307 0.070265 0.009413 0.043053 
0.087130 0.033470 0.046870 0.049530 0.039770 
0.088610 0.033620 0.036890 0.080480 0.085360 
0.014750 0.040430 0.050680 0.038260 0.040900 
0.069580 0.058540 0.064720 0.010490 0.029920 
56
0.479817 0.014473 0.046210 
0.462778 0.970428 0.462022 
0.057405 0.015099 0.491768 
0.033864 0.002972 0.565519 0.043314 0.009090 
0.031823 0.011347 0.012397 0.033973 0.020167 
0.006156 0.046160 0.022359 0.022270 0.045984 
0.032990 0.027002 0.018192 0.003587 0.010834 
0.087130 0.033470 0.046870 0.049530 0.039770 
0.088610 0.033620 0.036890 0.080480 0.085360 
0.014750 0.040430 0.050680 0.038260 0.040900 
0.069580 0.058540 0.064720 0.010490 0.029920 
57
0.479817 0.014473 0.046210 
0.462778 0.970428 0.462022 
0.057405 0.015099 0.491768 
0.301604 0.008664 0.039889 0.061067 0.019818 
0.046891 0.013797 0.028276 0.041337 0.044502 
0.013022 0.030801 0.021571 0.028836 0.031705 
0.106981 0.091119 0.043490 0.006897 0.019733 
0.087130 0.033470 0.046870 0.049530 0.039770 
0.088610 0.033620 0.036890 0.080480 0.085360 
0.014750 0.040430 0.050680 0.038260 0.040900 
0.069580 0.058540 0.064720 0.010490 0.029920 
58
0.479817 0.014473 0.046210 
0.462778 0.970428 0.462022 
0.057405 0.015099 0.491768 
0.028827 0.008871 0.015986 0.018441 0.101567 
0.018849 0.028143 0.030091 0.019221 0.056298 
0.014314 0.017937 0.013214 0.013857 0.019698 
0.023294 0.021437 0.033011 0.030404 0.486539 
0.087130 0.033470 0.046870 0.049530 0.039770 
0.088610 0.033620 0.036890 0.080480 0.085360 
0.014750 0.040430 0.050680 0.038260 0.040900 
0.069580 0.058540 0.064720 0.010490 0.029920 
59
0.479817 0.014473 0.046210 
0.462778 0.970428 0.462022 
0.057405 0.015099 0.491768 
0.016751 0.004404 0.005676 0.009402 0.039344 
0.012613 0.005412 0.019660 0.007850 0.049087 
0.011750 0.005497 0.005738 0.005256 0.013092 
0.009689 0.008965 0.042282 0.694421 0.033113 
0.087130 0.033470 0.046870 0.049530 0.039770 
0.088610 0.033620 0.036890 0.080480 0.085360 
0.014750 0.040430 0.050680 0.038260 0.040900 
0.069580 0.058540 0.064720 0.010490 0.029920 
60
0.479817 0.014473 0.046210 
0.462778 0.970428 0.462022 
0.057405 0.015099 0.491768 
0.047788 0.003676 0.036852 0.047972 0.011863 
0.030179 0.022136 0.017203 0.484012 0.030839 
0.011621 0.030065 0.020914 0.034440 0.051014 
0.038594 0.034496 0.024953 0.005799 0.015585 
0.087130 0.033470 0.046870 0.049530 0.039770 
0.088610 0.033620 0.036890 0.080480 0.085360 
0.014750 0.040430 0.050680 0.038260 0.040900 
0.069580 0.058540 0.064720 0.010490 0.029920 
61
0.479817 0.014473 0.046210 
0.462778 0.970428 0.462022 
0.057405 0.015099 0.491768 
0.024793 0.005655 0.007559 0.011645 0.133276 
0.014470 0.024320 0.026415 0.012322 0.040931 
0.010577 0.014638 0.007354 0.011850 0.016862 
0.021549 0.020597 0.041369 0.026239 0.527579 
0.087130 0.033470 0.046870 0.049530 0.039770 
0.088610 0.033620 0.036890 0.080480 0.085360 
0.014750 0.040430 0.050680 0.038260 0.040900 
0.069580 0.058540 0.064720 0.010490 0.029920 
62
0.479817 0.014473 0.046210 
0.462778 0.970428 0.462022 
0.057405 0.015099 0.491768 
0.042414 0.004255 0.034023 0.041232 0.013470 
0.032659 0.013768 0.018827 0.042766 0.033190 
0.009394 0.026419 0.020524 0.520584 0.033650 
0.033283 0.031646 0.026590 0.005814 0.015493 
0.087130 0.033470 0.046870 0.049530 0.039770 
0.088610 0.033620 0.036890 0.080480 0.085360 
0.014750 0.040430 0.050680 0.038260 0.040900 
0.069580 0.058540 0.064720 0.010490 0.029920 
63
0.479817 0.014473 0.046210 
0.462778 0.970428 0.462022 
0.057405 0.015099 0.491768 
0.397296 0.012157 0.025204 0.030582 0.022630 
0.090445 0.011753 0.032043 0.029081 0.050047 
0.014885 0.020816 0.018064 0.021742 0.036401 
0.062067 0.034807 0.062076 0.007086 0.020820 
0.087130 0.033470 0.046870 0.049530 0.039770 
0.088610 0.033620 0.036890 0.080480 0.085360 
0.014750 0.040430 0.050680 0.038260 0.040900 
0.069580 0.058540 0.064720 0.010490 0.029920 
64
0.479817 0.014473 0.046210 
0.462778 0.970428 0.462022 
0.057405 0.015099 0.491768 
0.042540 0.002686 0.066448 0.543892 0.010247 
0.037341 0.011014 0.011807 0.039004 0.023311 
0.007146 0.021932 0.016969 0.034542 0.028049 
0.033249 0.034046 0.019009 0.004534 0.012235 
0.087130 0.033470 0.046870 0.049530 0.039770 
0.088610 0.033620 0.036890 0.080480 0.085360 
0.014750 0.040430 0.050680 0.038260 0.040900 
0.069580 0.058540 0.064720 0.010490 0.029920 
65
0.479817 0.014473 0.046210 
0.462778 0.970428 0.462022 
0.057405 0.015099 0.491768 
0.047178 0.005141 0.044891 0.070743 0.011667 
0.035847 0.019258 0.018732 0.370575 0.033303 
0.010326 0.037008 0.028769 0.046857 0.090542 
0.045002 0.039058 0.026043 0.004705 0.014354 
0.087130 0.033470 0.046870 0.049530 0.039770 
0.088610 0.033620 0.036890 0.080480 0.085360 
0.014750 0.040430 0.050680 0.038260 0.040900 
0.069580 0.058540 0.064720 0.010490 0.029920 
66
0.479817 0.014473 0.046210 
0.462778 0.970428 0.462022 
0.057405 0.015099 0.491768 
0.041500 0.002518 0.091368 0.550784 0.009944 
0.028754 0.010324 0.010850 0.036401 0.021955 
0.006678 0.020512 0.016446 0.034197 0.025794 
0.032395 0.025762 0.017857 0.004311 0.011650 
0.087130 0.033470 0.046870 0.049530 0.039770 
0.088610 0.033620 0.036890 0.080480 0.085360 
0.014750 0.040430 0.050680 0.038260 0.040900 
0.069580 0.058540 0.064720 0.010490 0.029920 
67
0.479817 0.014473 0.046210 
0.462778 0.970428 0.462022 
0.057405 0.015099 0.491768 
0.074825 0.003457 0.050174 0.058711 0.012608 
0.031689 0.015680 0.020518 0.315180 0.036719 
0.010434 0.031421 0.021286 0.040358 0.138339 
0.048527 0.040529 0.026924 0.006120 0.016500 
0.087130 0.033470 0.046870 0.049530 0.039770 
0.088610 0.033620 0.036890 0.080480 0.085360 
0.014750 0.040430 0.050680 0.038260 0.040900 
0.069580 0.058540 0.064720 0.010490 0.029920 
68
0.479817 0.014473 0.046210 
0.462778 0.970428 0.462022 
0.057405 0.015099 0.491768 
0.048577 0.003565 0.037214 0.048507 0.011471 
0.054818 0.014886 0.016556 0.455861 0.029795 
0.009055 0.029824 0.020867 0.034476 0.052823 
0.045188 0.041552 0.024111 0.005642 0.015211 
0.087130 0.033470 0.046870 0.049530 0.039770 
0.088610 0.033620 0.036890 0.080480 0.085360 
0.014750 0.040430 0.050680 0.038260 0.040900 
0.069580 0.058540 0.064720 0.010490 0.029920 
69
0.479817 0.014473 0.046210 
0.462778 0.970428 0.462022 
0.057405 0.015099 0.491768 
0.038462 0.007361 0.005360 0.006524 0.035845 
0.010411 0.004947 0.069705 0.006801 0.626973 
0.020314 0.005994 0.007412 0.006710 0.007424 
0.009808 0.021346 0.086907 0.006457 0.015238 
0.087130 0.033470 0.046870 0.049530 0.039770 
0.088610 0.033620 0.036890 0.080480 0.085360 
0.014750 0.040430 0.050680 0.038260 0.040900 
0.069580 0.058540 0.064720 0.010490 0.029920 
70
0.479817 0.014473 0.046210 
0.462778 0.970428 0.462022 
0.057405 0.015099 0.491768 
0.022587 0.004017 0.013960 0.014659 0.049880 
0.029358 0.013293 0.015406 0.019308 0.027367 
0.006961 0.012205 0.011007 0.011285 0.015271 
0.018779 0.017389 0.024011 0.012395 0.660865 
0.087130 0.033470 0.046870 0.049530 0.039770 
0.088610 0.033620 0.036890 0.080480 0.085360 
0.014750 0.040430 0.050680 0.038260 0.040900 
0.069580 0.058540 0.064720 0.010490 0.029920 
71
0.479817 0.014473 0.046210 
0.462778 0.970428 0.462022 
0.057405 0.020080 0.486528 
0.586185 0.008022 0.020717 0.022880 0.016521 
0.037890 0.009424 0.023042 0.021956 0.037219 
0.010392 0.016535 0.015308 0.016054 0.019265 
0.054573 0.025770 0.037721 0.005358 0.015167 
0.087129 0.033470 0.046870 0.049530 0.039770 
0.088609 0.033620 0.036898 0.080479 0.085359 
0.014750 0.040430 0.050680 0.038260 0.040900 
0.069579 0.058539 0.064719 0.010490 0.029920 
72
0.479817 0.014473 0.045718 
0.462778 0.965447 0.467754 
0.057405 0.015099 0.491768 
0.038159 0.010227 0.006159 0.006067 0.031384 
0.011695 0.005384 0.420839 0.008282 0.087382 
0.017088 0.006014 0.009449 0.006042 0.007783 
0.012305 0.022337 0.270817 0.005811 0.016777 
0.087130 0.033470 0.046870 0.049530 0.039770 
0.088610 0.033620 0.036890 0.080480 0.085360 
0.014750 0.040430 0.050680 0.038260 0.040900 
0.069580 0.058540 0.064720 0.010490 0.029920 
73
0.479817 0.014473 0.046210 
0.462778 0.970428 0.462022 
0.057405 0.015099 0.491768 
0.059446 0.011320 0.018173 0.017312 0.233493 
0.033874 0.015110 0.141927 0.019548 0.146387 
0.025292 0.017451 0.015017 0.015380 0.021507 
0.026693 0.029491 0.096842 0.014161 0.041575 
0.087130 0.033470 0.046870 0.049530 0.039770 
0.088610 0.033620 0.036890 0.080480 0.085360 
0.014750 0.040430 0.050680 0.038260 0.040900 
0.069580 0.058540 0.064720 0.010490 0.029920 
74
0.479817 0.014473 0.046210 
0.462778 0.970428 0.462022 
0.057405 0.015099 0.491768 
0.043445 0.002907 0.484871 0.064132 0.009362 
0.035168 0.012335 0.014428 0.038376 0.021432 
0.006789 0.083681 0.018062 0.025108 0.024601 
0.049964 0.031872 0.019970 0.002997 0.010499 
0.087130 0.033470 0.046870 0.049530 0.039770 
0.088610 0.033620 0.036890 0.080480 0.085360 
0.014750 0.040430 0.050680 0.038260 0.040900 
0.069580 0.058540 0.064720 0.010490 0.029920 
75
0.479817 0.014473 0.046210 
0.462778 0.970428 0.462022 
0.057405 0.015099 0.491768 
0.507796 0.010173 0.022105 0.026342 0.021790 
0.042880 0.010401 0.028672 0.025175 0.045566 
0.013020 0.018331 0.016118 0.018874 0.022057 
0.062087 0.036858 0.047610 0.006221 0.017924 
0.087130 0.033470 0.046870 0.049530 0.039770 
0.088610 0.033620 0.036890 0.080480 0.085360 
0.014750 0.040430 0.050680 0.038260 0.040900 
0.069580 0.058540 0.064720 0.010490 0.029920 
76
0.479817 0.014473 0.046210 
0.462778 0.970428 0.462022 
0.057405 0.015099 0.491768 
0.030082 0.007803 0.005307 0.009462 0.543609 
0.011587 0.008014 0.058915 0.007435 0.098479 
0.018841 0.005952 0.007747 0.007786 0.005570 
0.013824 0.017312 0.059693 0.022413 0.060169 
0.087130 0.033470 0.046870 0.049530 0.039770 
0.088610 0.033620 0.036890 0.080480 0.085360 
0.014750 0.040430 0.050680 0.038260 0.040900 
0.069580 0.058540 0.064720 0.010490 0.029920 
77
0.479817 0.014473 0.046210 
0.462778 0.970428 0.462022 
0.057405 0.015099 0.491768 
0.368235 0.010768 0.028580 0.039296 0.021389 
0.048008 0.012517 0.030417 0.034206 0.047918 
0.014147 0.026487 0.019090 0.034239 0.028107 
0.107439 0.038057 0.063905 0.006941 0.020255 
0.087130 0.033470 0.046870 0.049530 0.039770 
0.088610 0.033620 0.036890 0.080480 0.085360 
0.014750 0.040430 0.050680 0.038260 0.040900 
0.069580 0.058540 0.064720 0.010490 0.029920 
78
0.479817 0.014473 0.046210 
0.462778 0.970428 0.462022 
0.057405 0.015099 0.491768 
0.048833 0.004020 0.039291 0.050947 0.012897 
0.032304 0.015758 0.018135 0.054164 0.032422 
0.009932 0.034433 0.021906 0.416476 0.084115 
0.038545 0.036460 0.026548 0.006184 0.016629 
0.087130 0.033470 0.046870 0.049530 0.039770 
0.088610 0.033620 0.036890 0.080480 0.085360 
0.014750 0.040430 0.050680 0.038260 0.040900 
0.069580 0.058540 0.064720 0.010490 0.029920 
79
0.479817 0.014473 0.046210 
0.462778 0.970428 0.462022 
0.057405 0.015099 0.491768 
0.053927 0.005066 0.055871 0.039658 0.014094 
0.050363 0.015938 0.016128 0.041664 0.028486 
0.008682 0.399975 0.024675 0.027480 0.032509 
0.102430 0.036855 0.023595 0.006161 0.016444 
0.087130 0.033470 0.046870 0.049530 0.039770 
0.088610 0.033620 0.036890 0.080480 0.085360 
0.014750 0.040430 0.050680 0.038260 0.040900 
0.069580 0.058540 0.064720 0.010490 0.029920 
80
0.479817 0.014473 0.046210 
0.462778 0.970428 0.462022 
0.057405 0.079896 0.431339 
0.054677 0.004965 0.063518 0.043749 0.014121 
0.068606 0.017054 0.016260 0.054458 0.029122 
0.009132 0.383653 0.025533 0.030715 0.036554 
0.063981 0.036930 0.023605 0.006385 0.016983 
0.087141 0.033466 0.046865 0.049524 0.039765 
0.088693 0.033616 0.036886 0.080471 0.085350 
0.014748 0.040425 0.050674 0.038256 0.040895 
0.069572 0.058533 0.064713 0.010489 0.029917 
81
0.479817 0.014473 0.040532 
0.462778 0.905630 0.528129 
0.057405 0.015099 0.491768 
0.076902 0.007045 0.038513 0.030848 0.022688 
0.390085 0.026322 0.033221 0.033450 0.042474 
0.015351 0.043486 0.025709 0.029960 0.026736 
0.052630 0.039184 0.032300 0.009243 0.023853 
0.087130 0.033470 0.046870 0.049530 0.039770 
0.088610 0.033620 0.036890 0.080480 0.085360 
0.014750 0.040430 0.050680 0.038260 0.040900 
0.069580 0.058540 0.064720 0.010490 0.029920 
82
0.479817 0.014473 0.046210 
0.462778 0.970428 0.462022 
0.057405 0.015099 0.491768 
0.067575 0.010768 0.038217 0.037785 0.052663 
0.051450 0.161856 0.050004 0.029943 0.129989 
0.025089 0.038253 0.023025 0.040091 0.031771 
0.043337 0.038334 0.056601 0.018131 0.055118 
0.087130 0.033470 0.046870 0.049530 0.039770 
0.088610 0.033620 0.036890 0.080480 0.085360 
0.014750 0.040430 0.050680 0.038260 0.040900 
0.069580 0.058540 0.064720 0.010490 0.029920 
83
0.479817 0.014473 0.046210 
0.462778 0.970428 0.462022 
0.057405 0.015099 0.491768 
0.067526 0.005577 0.064599 0.089247 0.020830 
0.056198 0.019653 0.026695 0.059844 0.049385 
0.012833 0.080989 0.025635 0.152157 0.042079 
0.054761 0.107561 0.033413 0.008774 0.022246 
0.087130 0.033470 0.046870 0.049530 0.039770 
0.088610 0.033620 0.036890 0.080480 0.085360 
0.014750 0.040430 0.050680 0.038260 0.040900 
