%  SAM: modelfromalign v3.5 (July 15, 2005) compiled 12/05/20_11:48:22
%  (c) 1992-2001 Regents of the University of California, Santa Cruz
%
%          Sequence Alignment and Modeling Software System
%         http://www.cse.ucsc.edu/research/compbio/sam.html
%
% ----------------- Citations (SAM, SAM-T2K, HMMs) --------------------
% R. Hughey, A. Krogh, Hidden Markov models for sequence analysis:
%  Extension and analysis of the basic method, CABIOS 12:95-107, 1996.
% K. Karplus, et al., What is the value added by human intervention in protein
%  structure prediction, Proteins: Stucture, Function, Genetics 45(S5):86--91, 2001.
% A. Krogh et al., Hidden Markov models in computational biology:
%  Applications to protein modeling, JMB 235:1501-1531, Feb 1994.
% ---------------------------------------------------------------------
%  last   Host: gauntlet    Thu Feb 11 16:21:37 2021
%  dgpinheiro   Dir:  /data/GitHub/sfFinder/example/output/subfamily/TEST1/flowerpower/fp-workspace/final
% ---------------------------------------------------------------------
% Prior File:  Internal (Name: recode3.20comp) 
%   20 priors on 20 characters.
%  Alignment weights from internal calc.  Total (1.57) Max (0.00) Min (0.00)
%  Weights from alignment method 1 (karplus), b=0.500000, e=0.500000
MODEL --  Model from alignment file last.a2m
alphabet protein
FREQAVE
0.000000 0.000000 0.000000 
0.000000 0.000000 0.000000 
0.000000 0.000000 0.000000 
0.073366 0.015731 0.056938 0.066613 0.049655 
0.061768 0.028683 0.052055 0.058198 0.085039 
0.025996 0.041873 0.045380 0.042494 0.052400 
0.059160 0.053814 0.060939 0.022990 0.046909 
0.073366 0.015731 0.056938 0.066613 0.049655 
0.061768 0.028683 0.052055 0.058198 0.085039 
0.025996 0.041873 0.045380 0.042494 0.052400 
0.059160 0.053814 0.060939 0.022990 0.046909 
Begin
0.000000 0.000000 0.000000 
0.000000 0.000000 0.000000 
0.000000 0.102655 0.805442 
0.000000 0.000000 0.000000 0.000000 0.000000 
0.000000 0.000000 0.000000 0.000000 0.000000 
0.000000 0.000000 0.000000 0.000000 0.000000 
0.000000 0.000000 0.000000 0.000000 0.000000 
0.087135 0.033412 0.046877 0.049460 0.039687 
0.088502 0.033556 0.036842 0.080764 0.085459 
0.014906 0.040443 0.050641 0.038240 0.040935 
0.069509 0.058601 0.064641 0.010468 0.029922 
1
0.000000 0.014473 0.062158 
0.000000 0.882872 0.132400 
0.042026 0.016442 0.491768 
0.073849 0.011341 0.055382 0.077859 0.031255 
0.050288 0.025736 0.049513 0.089142 0.078273 
0.026549 0.045530 0.043371 0.049018 0.065838 
0.064217 0.059435 0.061456 0.010921 0.031030 
0.087130 0.033470 0.046870 0.049530 0.039770 
0.088610 0.033620 0.036890 0.080480 0.085360 
0.014750 0.040430 0.050680 0.038260 0.040900 
0.069580 0.058540 0.064720 0.010490 0.029920 
2
0.618666 0.015761 0.046210 
0.339307 0.967797 0.462022 
0.042048 0.016440 0.491768 
0.074739 0.010126 0.063498 0.084080 0.026698 
0.060192 0.025813 0.038238 0.088947 0.061874 
0.018736 0.050333 0.054556 0.049766 0.074188 
0.069149 0.060331 0.050480 0.009851 0.028406 
0.087130 0.033470 0.046870 0.049530 0.039770 
0.088610 0.033620 0.036890 0.080480 0.085360 
0.014750 0.040430 0.050680 0.038260 0.040900 
0.069580 0.058540 0.064720 0.010490 0.029920 
3
0.617844 0.015758 0.046210 
0.340108 0.967802 0.462022 
0.042095 0.016433 0.491768 
0.075283 0.013325 0.039952 0.058160 0.039798 
0.039698 0.021959 0.079821 0.058221 0.137312 
0.030767 0.034545 0.039807 0.038387 0.050279 
0.053063 0.053742 0.090968 0.012015 0.032897 
0.087130 0.033470 0.046870 0.049530 0.039770 
0.088610 0.033620 0.036890 0.080480 0.085360 
0.014750 0.040430 0.050680 0.038260 0.040900 
0.069580 0.058540 0.064720 0.010490 0.029920 
4
0.618547 0.015752 0.046210 
0.339357 0.967814 0.462022 
0.042095 0.016433 0.491768 
0.074470 0.011193 0.066467 0.075944 0.029588 
0.077857 0.027171 0.039441 0.070181 0.067469 
0.019285 0.061384 0.047580 0.045919 0.059332 
0.071320 0.060815 0.051646 0.010886 0.032052 
0.087130 0.033470 0.046870 0.049530 0.039770 
0.088610 0.033620 0.036890 0.080480 0.085360 
0.014750 0.040430 0.050680 0.038260 0.040900 
0.069580 0.058540 0.064720 0.010490 0.029920 
5
0.618547 0.015752 0.046210 
0.339357 0.967814 0.462022 
0.042095 0.016433 0.491768 
0.077863 0.012022 0.054511 0.075319 0.033208 
0.050080 0.024899 0.051036 0.071051 0.092181 
0.023279 0.045847 0.049439 0.046073 0.060199 
0.064166 0.060179 0.064689 0.011180 0.032780 
0.087130 0.033470 0.046870 0.049530 0.039770 
0.088610 0.033620 0.036890 0.080480 0.085360 
0.014750 0.040430 0.050680 0.038260 0.040900 
0.069580 0.058540 0.064720 0.010490 0.029920 
6
0.460775 0.015752 0.046210 
0.497129 0.967814 0.462022 
0.049981 0.015617 0.491768 
0.058386 0.006475 0.054328 0.086911 0.015776 
0.041800 0.024336 0.024485 0.210568 0.042774 
0.013576 0.046245 0.034638 0.057087 0.117180 
0.057665 0.049217 0.033500 0.006348 0.018703 
0.087130 0.033470 0.046870 0.049530 0.039770 
0.088610 0.033620 0.036890 0.080480 0.085360 
0.014750 0.040430 0.050680 0.038260 0.040900 
0.069580 0.058540 0.064720 0.010490 0.029920 
7
0.547091 0.014970 0.046210 
0.402928 0.969413 0.462022 
0.049981 0.015617 0.491768 
0.061071 0.005471 0.158234 0.197128 0.012725 
0.048753 0.021745 0.017676 0.076203 0.030690 
0.010078 0.055198 0.037563 0.054882 0.052457 
0.064271 0.048034 0.026714 0.005377 0.015729 
0.087130 0.033470 0.046870 0.049530 0.039770 
0.088610 0.033620 0.036890 0.080480 0.085360 
0.014750 0.040430 0.050680 0.038260 0.040900 
0.069580 0.058540 0.064720 0.010490 0.029920 
8
0.547091 0.014970 0.046210 
0.402928 0.969413 0.462022 
0.049981 0.015617 0.491768 
0.061652 0.007017 0.062463 0.087754 0.017622 
0.046438 0.025381 0.025751 0.131883 0.044357 
0.014203 0.059647 0.034406 0.055809 0.148140 
0.062829 0.052161 0.034942 0.007116 0.020431 
0.087130 0.033470 0.046870 0.049530 0.039770 
0.088610 0.033620 0.036890 0.080480 0.085360 
0.014750 0.040430 0.050680 0.038260 0.040900 
0.069580 0.058540 0.064720 0.010490 0.029920 
9
0.547091 0.014970 0.046210 
0.402928 0.969413 0.462022 
0.049981 0.015617 0.491768 
0.047400 0.012881 0.026540 0.033000 0.094555 
0.030530 0.037167 0.042998 0.034163 0.073580 
0.021553 0.030200 0.022428 0.025489 0.034388 
0.040320 0.038620 0.050102 0.041444 0.262642 
0.087130 0.033470 0.046870 0.049530 0.039770 
0.088610 0.033620 0.036890 0.080480 0.085360 
0.014750 0.040430 0.050680 0.038260 0.040900 
0.069580 0.058540 0.064720 0.010490 0.029920 
10
0.545869 0.014970 0.046210 
0.404150 0.969413 0.462022 
0.050042 0.015612 0.491768 
0.097952 0.009845 0.034896 0.039091 0.054817 
0.051898 0.023971 0.049115 0.038102 0.072291 
0.020442 0.032250 0.025429 0.030062 0.046483 
0.044773 0.045951 0.067787 0.018627 0.196218 
0.087130 0.033470 0.046870 0.049530 0.039770 
0.088610 0.033620 0.036890 0.080480 0.085360 
0.014750 0.040430 0.050680 0.038260 0.040900 
0.069580 0.058540 0.064720 0.010490 0.029920 
11
0.546537 0.014965 0.046210 
0.403421 0.969423 0.462022 
0.050042 0.015612 0.491768 
0.084453 0.005911 0.087184 0.068858 0.023888 
0.051946 0.022078 0.040180 0.146309 0.086331 
0.018467 0.041699 0.034575 0.043935 0.064745 
0.052211 0.041994 0.046028 0.010229 0.028980 
0.087130 0.033470 0.046870 0.049530 0.039770 
0.088610 0.033620 0.036890 0.080480 0.085360 
0.014750 0.040430 0.050680 0.038260 0.040900 
0.069580 0.058540 0.064720 0.010490 0.029920 
12
0.419517 0.014965 0.046210 
0.530441 0.969423 0.462022 
0.057323 0.015104 0.491768 
0.066718 0.011793 0.015505 0.017364 0.047848 
0.025456 0.011960 0.100242 0.018730 0.365690 
0.060691 0.014652 0.013917 0.015882 0.020111 
0.021491 0.041139 0.091529 0.011327 0.027957 
0.087130 0.033470 0.046870 0.049530 0.039770 
0.088610 0.033620 0.036890 0.080480 0.085360 
0.014750 0.040430 0.050680 0.038260 0.040900 
0.069580 0.058540 0.064720 0.010490 0.029920 
13
0.480557 0.014478 0.046210 
0.462119 0.970418 0.462022 
0.057323 0.015104 0.491768 
0.118745 0.012007 0.034742 0.036821 0.037855 
0.057836 0.019185 0.061171 0.036064 0.086129 
0.098650 0.030306 0.023083 0.027838 0.034272 
0.052907 0.114309 0.073113 0.012205 0.032760 
0.087130 0.033470 0.046870 0.049530 0.039770 
0.088610 0.033620 0.036890 0.080480 0.085360 
0.014750 0.040430 0.050680 0.038260 0.040900 
0.069580 0.058540 0.064720 0.010490 0.029920 
14
0.479840 0.014478 0.046210 
0.462837 0.970418 0.462022 
0.057365 0.015101 0.491768 
0.065749 0.006264 0.045516 0.054366 0.021636 
0.046415 0.019266 0.032653 0.059535 0.051264 
0.015074 0.037619 0.029265 0.038447 0.181601 
0.051530 0.166934 0.042473 0.009359 0.025035 
0.087130 0.033470 0.046870 0.049530 0.039770 
0.088610 0.033620 0.036890 0.080480 0.085360 
0.014750 0.040430 0.050680 0.038260 0.040900 
0.069580 0.058540 0.064720 0.010490 0.029920 
15
0.480184 0.014476 0.046210 
0.462451 0.970423 0.462022 
0.057365 0.015101 0.491768 
0.073657 0.006452 0.120411 0.067020 0.025446 
0.118967 0.021945 0.031854 0.059453 0.051303 
0.015189 0.058373 0.031153 0.069417 0.075420 
0.058621 0.041383 0.036463 0.010898 0.026575 
0.087130 0.033470 0.046870 0.049530 0.039770 
0.088610 0.033620 0.036890 0.080480 0.085360 
0.014750 0.040430 0.050680 0.038260 0.040900 
0.069580 0.058540 0.064720 0.010490 0.029920 
16
0.480184 0.014476 0.046210 
0.462451 0.970423 0.462022 
0.057365 0.015101 0.491768 
0.045544 0.009106 0.009807 0.011868 0.035548 
0.015893 0.007472 0.068137 0.012637 0.546882 
0.030209 0.009888 0.010610 0.010983 0.012644 
0.015320 0.033185 0.086282 0.008227 0.019759 
0.087130 0.033470 0.046870 0.049530 0.039770 
0.088610 0.033620 0.036890 0.080480 0.085360 
0.014750 0.040430 0.050680 0.038260 0.040900 
0.069580 0.058540 0.064720 0.010490 0.029920 
17
0.479479 0.014476 0.046210 
0.463157 0.970423 0.462022 
0.057405 0.015099 0.491768 
0.092605 0.005167 0.059271 0.028798 0.014047 
0.452770 0.013370 0.020111 0.032152 0.027464 
0.011052 0.052090 0.022357 0.019905 0.022996 
0.052868 0.030404 0.019400 0.006364 0.016810 
0.087130 0.033470 0.046870 0.049530 0.039770 
0.088610 0.033620 0.036890 0.080480 0.085360 
0.014750 0.040430 0.050680 0.038260 0.040900 
0.069580 0.058540 0.064720 0.010490 0.029920 
18
0.479817 0.014473 0.046210 
0.462778 0.970428 0.462022 
0.057405 0.015099 0.491768 
0.017529 0.004853 0.008578 0.010524 0.034796 
0.017217 0.006011 0.017452 0.008805 0.043139 
0.010312 0.007021 0.007874 0.005832 0.013123 
0.011387 0.010068 0.022730 0.712957 0.029791 
0.087130 0.033470 0.046870 0.049530 0.039770 
0.088610 0.033620 0.036890 0.080480 0.085360 
0.014750 0.040430 0.050680 0.038260 0.040900 
0.069580 0.058540 0.064720 0.010490 0.029920 
19
0.479817 0.014473 0.046210 
0.462778 0.970428 0.462022 
0.057405 0.015099 0.491768 
0.075322 0.002236 0.228568 0.265123 0.012794 
0.034660 0.011750 0.013572 0.050255 0.028374 
0.008478 0.034978 0.017886 0.055471 0.030218 
0.053205 0.038002 0.021131 0.004792 0.013186 
0.087130 0.033470 0.046870 0.049530 0.039770 
0.088610 0.033620 0.036890 0.080480 0.085360 
0.014750 0.040430 0.050680 0.038260 0.040900 
0.069580 0.058540 0.064720 0.010490 0.029920 
20
0.479817 0.014473 0.046210 
0.462778 0.970428 0.462022 
0.057405 0.015099 0.491768 
0.061222 0.008352 0.035366 0.035822 0.037392 
0.042540 0.015030 0.040517 0.034585 0.068411 
0.014707 0.033685 0.053863 0.026336 0.027852 
0.081562 0.295987 0.054023 0.008453 0.024294 
0.087130 0.033470 0.046870 0.049530 0.039770 
0.088610 0.033620 0.036890 0.080480 0.085360 
0.014750 0.040430 0.050680 0.038260 0.040900 
0.069580 0.058540 0.064720 0.010490 0.029920 
21
0.479817 0.014473 0.046210 
0.462778 0.970428 0.462022 
0.057405 0.015099 0.491768 
0.047926 0.006708 0.035214 0.032964 0.015991 
0.039775 0.011861 0.024293 0.029701 0.024858 
0.008336 0.037251 0.023386 0.023907 0.021316 
0.264959 0.288484 0.039637 0.005473 0.017961 
0.087130 0.033470 0.046870 0.049530 0.039770 
0.088610 0.033620 0.036890 0.080480 0.085360 
0.014750 0.040430 0.050680 0.038260 0.040900 
0.069580 0.058540 0.064720 0.010490 0.029920 
22
0.479817 0.014473 0.046210 
0.462778 0.970428 0.462022 
0.057405 0.015099 0.491768 
0.028722 0.005230 0.015921 0.016513 0.055487 
0.024790 0.014369 0.024398 0.016619 0.040346 
0.009797 0.013863 0.012946 0.012697 0.016910 
0.021430 0.020565 0.032533 0.013674 0.603189 
0.087130 0.033470 0.046870 0.049530 0.039770 
0.088610 0.033620 0.036890 0.080480 0.085360 
0.014750 0.040430 0.050680 0.038260 0.040900 
0.069580 0.058540 0.064720 0.010490 0.029920 
23
0.479817 0.014473 0.046210 
0.462778 0.970428 0.462022 
0.057405 0.015099 0.491768 
0.063297 0.004954 0.050161 0.094521 0.017282 
0.037630 0.017792 0.024621 0.060991 0.042732 
0.012641 0.034583 0.024708 0.279243 0.054804 
0.045370 0.041461 0.064910 0.007686 0.020613 
0.087130 0.033470 0.046870 0.049530 0.039770 
0.088610 0.033620 0.036890 0.080480 0.085360 
0.014750 0.040430 0.050680 0.038260 0.040900 
0.069580 0.058540 0.064720 0.010490 0.029920 
24
0.479817 0.014473 0.046210 
0.462778 0.970428 0.462022 
0.057405 0.015099 0.491768 
0.060462 0.006086 0.113699 0.047761 0.022682 
0.063729 0.018093 0.026577 0.052281 0.042966 
0.009967 0.058606 0.171812 0.029902 0.036973 
0.116484 0.054060 0.036466 0.008807 0.022588 
0.087130 0.033470 0.046870 0.049530 0.039770 
0.088610 0.033620 0.036890 0.080480 0.085360 
0.014750 0.040430 0.050680 0.038260 0.040900 
0.069580 0.058540 0.064720 0.010490 0.029920 
25
0.479817 0.014473 0.046210 
0.462778 0.970428 0.462022 
0.057405 0.015099 0.491768 
0.077087 0.008741 0.040678 0.063555 0.032241 
0.053027 0.021578 0.060614 0.057216 0.076412 
0.170530 0.033569 0.026798 0.034624 0.053953 
0.042122 0.043018 0.058704 0.012719 0.032814 
0.087130 0.033470 0.046870 0.049530 0.039770 
0.088610 0.033620 0.036890 0.080480 0.085360 
0.014750 0.040430 0.050680 0.038260 0.040900 
0.069580 0.058540 0.064720 0.010490 0.029920 
26
0.479817 0.014473 0.046210 
0.462778 0.970428 0.462022 
0.057405 0.015099 0.491768 
0.057615 0.003171 0.361479 0.116672 0.012073 
0.039345 0.013958 0.016050 0.051469 0.027031 
0.008405 0.065271 0.020653 0.044578 0.030483 
0.055458 0.035731 0.022891 0.004369 0.013299 
0.087130 0.033470 0.046870 0.049530 0.039770 
0.088610 0.033620 0.036890 0.080480 0.085360 
0.014750 0.040430 0.050680 0.038260 0.040900 
0.069580 0.058540 0.064720 0.010490 0.029920 
27
0.479817 0.014473 0.046210 
0.462778 0.970428 0.462022 
0.057405 0.015099 0.491768 
0.070301 0.003584 0.088472 0.129908 0.013432 
0.035514 0.016623 0.021039 0.276325 0.038222 
0.010688 0.035028 0.023579 0.046470 0.052185 
0.045305 0.036390 0.033573 0.006289 0.017074 
0.087130 0.033470 0.046870 0.049530 0.039770 
0.088610 0.033620 0.036890 0.080480 0.085360 
0.014750 0.040430 0.050680 0.038260 0.040900 
0.069580 0.058540 0.064720 0.010490 0.029920 
28
0.479817 0.014473 0.046210 
0.462778 0.970428 0.462022 
0.057405 0.015099 0.491768 
0.064027 0.012504 0.007683 0.007259 0.034734 
0.015360 0.006427 0.211834 0.010200 0.094229 
0.017444 0.007153 0.011414 0.006997 0.009380 
0.016240 0.027999 0.413503 0.006218 0.019393 
0.087130 0.033470 0.046870 0.049530 0.039770 
0.088610 0.033620 0.036890 0.080480 0.085360 
0.014750 0.040430 0.050680 0.038260 0.040900 
0.069580 0.058540 0.064720 0.010490 0.029920 
29
0.479817 0.014473 0.046210 
0.462778 0.970428 0.462022 
0.057405 0.015099 0.491768 
0.031765 0.007425 0.010413 0.013867 0.568639 
0.017981 0.008173 0.040716 0.011980 0.068311 
0.014567 0.009380 0.010753 0.010358 0.009363 
0.017765 0.019643 0.043563 0.021515 0.063824 
0.087130 0.033470 0.046870 0.049530 0.039770 
0.088610 0.033620 0.036890 0.080480 0.085360 
0.014750 0.040430 0.050680 0.038260 0.040900 
0.069580 0.058540 0.064720 0.010490 0.029920 
30
0.479817 0.014473 0.046210 
0.462778 0.970428 0.462022 
0.057405 0.015099 0.491768 
0.049780 0.004050 0.033158 0.032943 0.016210 
0.036141 0.010982 0.023055 0.048567 0.038228 
0.006851 0.025978 0.485337 0.023299 0.034260 
0.040617 0.034548 0.034150 0.005745 0.016101 
0.087130 0.033470 0.046870 0.049530 0.039770 
0.088610 0.033620 0.036890 0.080480 0.085360 
0.014750 0.040430 0.050680 0.038260 0.040900 
0.069580 0.058540 0.064720 0.010490 0.029920 
31
0.479817 0.088601 0.046210 
0.462778 0.896300 0.462022 
0.043096 0.016308 0.491768 
0.089860 0.008354 0.061734 0.083514 0.033831 
0.061810 0.071187 0.041579 0.061321 0.066686 
0.019359 0.047956 0.031411 0.068538 0.050508 
0.056771 0.046916 0.048794 0.014017 0.035853 
0.087130 0.033470 0.046870 0.049530 0.039770 
0.088610 0.033620 0.036890 0.080480 0.085360 
0.014750 0.040430 0.050680 0.038260 0.040900 
0.069580 0.058540 0.064720 0.010490 0.029920 
32
0.609479 0.029218 0.046210 
0.347425 0.954474 0.462022 
0.041347 0.016532 0.491768 
0.082188 0.013475 0.057580 0.073912 0.033124 
0.060636 0.024168 0.050771 0.065768 0.077766 
0.021534 0.045473 0.053527 0.042807 0.056268 
0.068477 0.062461 0.065866 0.011358 0.032840 
0.087130 0.033470 0.046870 0.049530 0.039770 
0.088610 0.033620 0.036890 0.080480 0.085360 
0.014750 0.040430 0.050680 0.038260 0.040900 
0.069580 0.058540 0.064720 0.010490 0.029920 
33
0.386180 0.016358 0.046210 
0.572472 0.967110 0.462022 
0.054236 0.015299 0.491768 
0.056432 0.010063 0.021151 0.023614 0.109128 
0.039135 0.023830 0.051925 0.020740 0.094762 
0.023150 0.022857 0.017425 0.018807 0.024832 
0.033532 0.035999 0.063647 0.030559 0.278414 
0.087130 0.033470 0.046870 0.049530 0.039770 
0.088610 0.033620 0.036890 0.080480 0.085360 
0.014750 0.040430 0.050680 0.038260 0.040900 
0.069580 0.058540 0.064720 0.010490 0.029920 
34
0.455302 0.014665 0.046210 
0.490462 0.970037 0.462022 
0.057286 0.015106 0.491768 
0.058317 0.003664 0.337595 0.096534 0.013338 
0.043407 0.014874 0.018878 0.051216 0.028499 
0.008772 0.074091 0.022430 0.034541 0.029889 
0.069320 0.047317 0.028402 0.004695 0.014222 
0.087130 0.033470 0.046870 0.049530 0.039770 
0.088610 0.033620 0.036890 0.080480 0.085360 
0.014750 0.040430 0.050680 0.038260 0.040900 
0.069580 0.058540 0.064720 0.010490 0.029920 
35
0.478817 0.014480 0.046210 
0.463897 0.970414 0.462022 
0.057405 0.015099 0.491768 
0.100501 0.004126 0.060572 0.073917 0.016533 
0.069649 0.019847 0.028329 0.219863 0.048443 
0.013116 0.041937 0.028139 0.049134 0.067575 
0.050132 0.047267 0.033534 0.007407 0.019980 
0.087130 0.033470 0.046870 0.049530 0.039770 
0.088610 0.033620 0.036890 0.080480 0.085360 
0.014750 0.040430 0.050680 0.038260 0.040900 
0.069580 0.058540 0.064720 0.010490 0.029920 
36
0.479817 0.014473 0.046210 
0.462778 0.970428 0.462022 
0.057405 0.015099 0.491768 
0.036942 0.007344 0.011144 0.017406 0.268735 
0.021027 0.020671 0.029677 0.013240 0.051787 
0.012786 0.013683 0.010114 0.013225 0.015797 
0.027549 0.025740 0.041197 0.030887 0.331050 
0.087130 0.033470 0.046870 0.049530 0.039770 
0.088610 0.033620 0.036890 0.080480 0.085360 
0.014750 0.040430 0.050680 0.038260 0.040900 
0.069580 0.058540 0.064720 0.010490 0.029920 
37
0.479817 0.014473 0.046210 
0.462778 0.970428 0.462022 
0.057405 0.015099 0.491768 
0.053727 0.003200 0.066562 0.437918 0.015883 
0.048719 0.013573 0.015496 0.059860 0.030005 
0.009236 0.027543 0.019886 0.043092 0.036099 
0.040878 0.033777 0.023936 0.005596 0.015015 
0.087130 0.033470 0.046870 0.049530 0.039770 
0.088610 0.033620 0.036890 0.080480 0.085360 
0.014750 0.040430 0.050680 0.038260 0.040900 
0.069580 0.058540 0.064720 0.010490 0.029920 
38
0.479817 0.014473 0.046210 
0.462778 0.970428 0.462022 
0.057405 0.015099 0.491768 
0.049837 0.003247 0.041048 0.019359 0.007703 
0.665244 0.007571 0.010308 0.021713 0.016429 
0.006090 0.025041 0.016070 0.012840 0.019759 
0.032397 0.019916 0.011326 0.003751 0.010352 
0.087130 0.033470 0.046870 0.049530 0.039770 
0.088610 0.033620 0.036890 0.080480 0.085360 
0.014750 0.040430 0.050680 0.038260 0.040900 
0.069580 0.058540 0.064720 0.010490 0.029920 
39
0.479817 0.014473 0.046210 
0.462778 0.970428 0.462022 
0.057405 0.015099 0.491768 
0.042040 0.009937 0.007531 0.008408 0.034551 
0.014245 0.006296 0.475937 0.009867 0.111788 
0.021423 0.007671 0.010121 0.008154 0.009754 
0.013707 0.022746 0.160093 0.007143 0.018588 
0.087130 0.033470 0.046870 0.049530 0.039770 
0.088610 0.033620 0.036890 0.080480 0.085360 
0.014750 0.040430 0.050680 0.038260 0.040900 
0.069580 0.058540 0.064720 0.010490 0.029920 
40
0.479817 0.014473 0.046210 
0.462778 0.970428 0.462022 
0.057405 0.015099 0.491768 
0.061365 0.005235 0.044249 0.057534 0.014666 
0.036334 0.020590 0.027520 0.367714 0.039929 
0.011642 0.034583 0.039440 0.041277 0.058079 
0.043739 0.039080 0.031270 0.006963 0.018789 
0.087130 0.033470 0.046870 0.049530 0.039770 
0.088610 0.033620 0.036890 0.080480 0.085360 
0.014750 0.040430 0.050680 0.038260 0.040900 
0.069580 0.058540 0.064720 0.010490 0.029920 
41
0.479817 0.014473 0.046210 
0.462778 0.970428 0.462022 
0.057405 0.015099 0.491768 
0.059520 0.010522 0.011949 0.013508 0.033921 
0.031038 0.008215 0.430552 0.015622 0.095422 
0.022766 0.011205 0.012694 0.011748 0.014411 
0.019405 0.032422 0.137340 0.007454 0.020285 
0.087130 0.033470 0.046870 0.049530 0.039770 
0.088610 0.033620 0.036890 0.080480 0.085360 
0.014750 0.040430 0.050680 0.038260 0.040900 
0.069580 0.058540 0.064720 0.010490 0.029920 
42
0.479817 0.014473 0.046210 
0.462778 0.970428 0.462022 
0.057405 0.015099 0.491768 
0.066162 0.006028 0.051720 0.098926 0.023326 
0.047434 0.145102 0.029807 0.116868 0.049627 
0.014746 0.041670 0.027202 0.040138 0.048721 
0.049693 0.068665 0.037263 0.010383 0.026520 
0.087130 0.033470 0.046870 0.049530 0.039770 
0.088610 0.033620 0.036890 0.080480 0.085360 
0.014750 0.040430 0.050680 0.038260 0.040900 
0.069580 0.058540 0.064720 0.010490 0.029920 
43
0.479817 0.014473 0.046210 
0.462778 0.970428 0.462022 
0.057405 0.015099 0.491768 
0.058436 0.003316 0.426583 0.074423 0.011024 
0.046677 0.013626 0.016023 0.043199 0.024778 
0.007764 0.077289 0.020090 0.029622 0.027988 
0.045834 0.034936 0.022253 0.003818 0.012322 
0.087130 0.033470 0.046870 0.049530 0.039770 
0.088610 0.033620 0.036890 0.080480 0.085360 
0.014750 0.040430 0.050680 0.038260 0.040900 
0.069580 0.058540 0.064720 0.010490 0.029920 
44
0.479817 0.014473 0.046210 
0.462778 0.970428 0.462022 
0.057405 0.015099 0.491768 
0.020296 0.005023 0.010400 0.013068 0.069556 
0.015413 0.012236 0.022065 0.012728 0.046113 
0.010990 0.010764 0.009483 0.009650 0.016147 
0.016411 0.015493 0.023208 0.598913 0.062043 
0.087130 0.033470 0.046870 0.049530 0.039770 
0.088610 0.033620 0.036890 0.080480 0.085360 
0.014750 0.040430 0.050680 0.038260 0.040900 
0.069580 0.058540 0.064720 0.010490 0.029920 
45
0.479817 0.014473 0.046210 
0.462778 0.970428 0.462022 
0.057405 0.015099 0.491768 
0.059875 0.002816 0.262871 0.221653 0.013686 
0.037663 0.013199 0.015138 0.049285 0.033802 
0.008919 0.045726 0.019704 0.048097 0.031237 
0.059351 0.033747 0.022661 0.006144 0.014429 
0.087130 0.033470 0.046870 0.049530 0.039770 
0.088610 0.033620 0.036890 0.080480 0.085360 
0.014750 0.040430 0.050680 0.038260 0.040900 
0.069580 0.058540 0.064720 0.010490 0.029920 
46
0.479817 0.014473 0.046210 
0.462778 0.970428 0.462022 
0.057405 0.015099 0.491768 
0.245124 0.006030 0.052838 0.061485 0.019694 
0.071403 0.017374 0.031857 0.111623 0.052902 
0.014776 0.038126 0.027217 0.044540 0.049632 
0.046950 0.039053 0.039739 0.007924 0.021713 
0.087130 0.033470 0.046870 0.049530 0.039770 
0.088610 0.033620 0.036890 0.080480 0.085360 
0.014750 0.040430 0.050680 0.038260 0.040900 
0.069580 0.058540 0.064720 0.010490 0.029920 
47
0.479817 0.014473 0.046210 
0.462778 0.970428 0.462022 
0.057405 0.015099 0.491768 
0.017235 0.004619 0.005699 0.009985 0.047565 
0.013014 0.005739 0.019848 0.008251 0.051421 
0.012400 0.005656 0.005793 0.005468 0.014155 
0.010157 0.009167 0.025369 0.689370 0.039090 
0.087130 0.033470 0.046870 0.049530 0.039770 
0.088610 0.033620 0.036890 0.080480 0.085360 
0.014750 0.040430 0.050680 0.038260 0.040900 
0.069580 0.058540 0.064720 0.010490 0.029920 
48
0.479817 0.014473 0.046210 
0.462778 0.970428 0.462022 
0.057405 0.015099 0.491768 
0.055646 0.002690 0.125923 0.415554 0.012304 
0.032118 0.012255 0.013851 0.048142 0.028356 
0.008661 0.025646 0.018639 0.047213 0.032527 
0.041903 0.032103 0.027342 0.005176 0.013952 
0.087130 0.033470 0.046870 0.049530 0.039770 
0.088610 0.033620 0.036890 0.080480 0.085360 
0.014750 0.040430 0.050680 0.038260 0.040900 
0.069580 0.058540 0.064720 0.010490 0.029920 
49
0.479817 0.014473 0.046210 
0.462778 0.970428 0.462022 
0.057405 0.015099 0.491768 
0.041142 0.003075 0.470675 0.110884 0.010392 
0.035573 0.012339 0.013738 0.038765 0.022902 
0.007042 0.053162 0.018903 0.028927 0.026335 
0.039432 0.030666 0.020245 0.003906 0.011899 
0.087130 0.033470 0.046870 0.049530 0.039770 
0.088610 0.033620 0.036890 0.080480 0.085360 
0.014750 0.040430 0.050680 0.038260 0.040900 
0.069580 0.058540 0.064720 0.010490 0.029920 
50
0.479817 0.014473 0.046210 
0.462778 0.970428 0.462022 
0.057405 0.015099 0.491768 
0.048959 0.004972 0.030176 0.035279 0.010477 
0.032138 0.010850 0.016957 0.032009 0.029097 
0.006296 0.019994 0.571404 0.018760 0.023530 
0.041662 0.028172 0.025898 0.003392 0.009976 
0.087130 0.033470 0.046870 0.049530 0.039770 
0.088610 0.033620 0.036890 0.080480 0.085360 
0.014750 0.040430 0.050680 0.038260 0.040900 
0.069580 0.058540 0.064720 0.010490 0.029920 
51
0.479817 0.014473 0.046210 
0.462778 0.970428 0.462022 
0.057405 0.015099 0.491768 
0.030163 0.007578 0.009165 0.013465 0.551348 
0.016940 0.008395 0.037256 0.010848 0.065122 
0.013735 0.008588 0.010077 0.009947 0.007960 
0.017966 0.019251 0.041218 0.026340 0.094636 
0.087130 0.033470 0.046870 0.049530 0.039770 
0.088610 0.033620 0.036890 0.080480 0.085360 
0.014750 0.040430 0.050680 0.038260 0.040900 
0.069580 0.058540 0.064720 0.010490 0.029920 
52
0.479817 0.014473 0.046210 
0.462778 0.970428 0.462022 
0.057405 0.015099 0.491768 
0.053788 0.004341 0.040209 0.051587 0.014618 
0.034935 0.016875 0.021948 0.091511 0.038337 
0.011574 0.032936 0.023604 0.036994 0.391715 
0.040263 0.038363 0.030405 0.007107 0.018890 
0.087130 0.033470 0.046870 0.049530 0.039770 
0.088610 0.033620 0.036890 0.080480 0.085360 
0.014750 0.040430 0.050680 0.038260 0.040900 
0.069580 0.058540 0.064720 0.010490 0.029920 
53
0.479817 0.014473 0.046210 
0.462778 0.970428 0.462022 
0.057405 0.015099 0.491768 
0.046074 0.009314 0.008358 0.009670 0.036166 
0.015058 0.007314 0.081198 0.010390 0.398690 
0.177163 0.008641 0.009288 0.010142 0.011407 
0.013392 0.021820 0.097732 0.008231 0.019953 
0.087130 0.033470 0.046870 0.049530 0.039770 
0.088610 0.033620 0.036890 0.080480 0.085360 
0.014750 0.040430 0.050680 0.038260 0.040900 
0.069580 0.058540 0.064720 0.010490 0.029920 
54
0.479817 0.014473 0.046210 
0.462778 0.970428 0.462022 
0.057405 0.015099 0.491768 
0.045101 0.005816 0.032484 0.033534 0.015410 
0.033081 0.012315 0.023080 0.033015 0.030280 
0.009046 0.030574 0.021687 0.024275 0.025508 
0.104754 0.462412 0.035098 0.005620 0.016910 
0.087130 0.033470 0.046870 0.049530 0.039770 
0.088610 0.033620 0.036890 0.080480 0.085360 
0.014750 0.040430 0.050680 0.038260 0.040900 
0.069580 0.058540 0.064720 0.010490 0.029920 
55
0.479817 0.014473 0.046210 
0.462778 0.970428 0.462022 
0.057405 0.015099 0.491768 
0.067960 0.011127 0.021392 0.024959 0.050405 
0.034814 0.013420 0.072163 0.025704 0.113544 
0.277754 0.019558 0.016985 0.020030 0.024529 
0.029184 0.034040 0.079640 0.012259 0.050535 
0.087130 0.033470 0.046870 0.049530 0.039770 
0.088610 0.033620 0.036890 0.080480 0.085360 
0.014750 0.040430 0.050680 0.038260 0.040900 
0.069580 0.058540 0.064720 0.010490 0.029920 
56
0.479817 0.014473 0.046210 
0.462778 0.970428 0.462022 
0.057405 0.015099 0.491768 
0.041237 0.003465 0.482284 0.054071 0.010961 
0.036428 0.013426 0.014977 0.041329 0.024702 
0.007573 0.052659 0.024577 0.027744 0.053698 
0.039573 0.032168 0.021756 0.004386 0.012987 
0.087130 0.033470 0.046870 0.049530 0.039770 
0.088610 0.033620 0.036890 0.080480 0.085360 
0.014750 0.040430 0.050680 0.038260 0.040900 
0.069580 0.058540 0.064720 0.010490 0.029920 
57
0.479817 0.014473 0.046210 
0.462778 0.970428 0.462022 
0.057405 0.015099 0.491768 
0.257476 0.008080 0.049555 0.075163 0.020413 
0.053615 0.015744 0.028133 0.050377 0.045973 
0.013259 0.036605 0.024652 0.034067 0.037336 
0.134805 0.044326 0.041902 0.007597 0.020922 
0.087130 0.033470 0.046870 0.049530 0.039770 
0.088610 0.033620 0.036890 0.080480 0.085360 
0.014750 0.040430 0.050680 0.038260 0.040900 
0.069580 0.058540 0.064720 0.010490 0.029920 
58
0.479817 0.014473 0.046210 
0.462778 0.970428 0.462022 
0.057405 0.015099 0.491768 
0.028827 0.008871 0.015986 0.018441 0.101567 
0.018849 0.028143 0.030091 0.019221 0.056298 
0.014314 0.017937 0.013214 0.013857 0.019698 
0.023294 0.021437 0.033011 0.030404 0.486539 
0.087130 0.033470 0.046870 0.049530 0.039770 
0.088610 0.033620 0.036890 0.080480 0.085360 
0.014750 0.040430 0.050680 0.038260 0.040900 
0.069580 0.058540 0.064720 0.010490 0.029920 
59
0.479817 0.014473 0.046210 
0.462778 0.970428 0.462022 
0.057405 0.015099 0.491768 
0.019221 0.004793 0.006529 0.010473 0.040694 
0.013554 0.005883 0.022492 0.009049 0.053504 
0.012747 0.006303 0.006412 0.006160 0.014020 
0.010829 0.010368 0.050433 0.662657 0.033879 
0.087130 0.033470 0.046870 0.049530 0.039770 
0.088610 0.033620 0.036890 0.080480 0.085360 
0.014750 0.040430 0.050680 0.038260 0.040900 
0.069580 0.058540 0.064720 0.010490 0.029920 
60
0.479817 0.014473 0.046210 
0.462778 0.970428 0.462022 
0.057405 0.015099 0.491768 
0.056044 0.004067 0.042098 0.055063 0.013539 
0.034155 0.023826 0.020217 0.414323 0.035941 
0.013226 0.033475 0.023546 0.038998 0.057339 
0.043412 0.038049 0.028488 0.006546 0.017649 
0.087130 0.033470 0.046870 0.049530 0.039770 
0.088610 0.033620 0.036890 0.080480 0.085360 
0.014750 0.040430 0.050680 0.038260 0.040900 
0.069580 0.058540 0.064720 0.010490 0.029920 
61
0.479817 0.014473 0.046210 
0.462778 0.970428 0.462022 
0.057405 0.015099 0.491768 
0.034939 0.007146 0.011858 0.015720 0.131758 
0.021468 0.022799 0.037904 0.015269 0.054484 
0.013893 0.019678 0.010486 0.014284 0.019240 
0.025936 0.025007 0.052004 0.026265 0.439860 
0.087130 0.033470 0.046870 0.049530 0.039770 
0.088610 0.033620 0.036890 0.080480 0.085360 
0.014750 0.040430 0.050680 0.038260 0.040900 
0.069580 0.058540 0.064720 0.010490 0.029920 
62
0.479817 0.014473 0.046210 
0.462778 0.970428 0.462022 
0.057405 0.015099 0.491768 
0.051561 0.004967 0.040754 0.050822 0.016138 
0.037003 0.016028 0.022860 0.051181 0.040049 
0.011355 0.030998 0.023444 0.428810 0.039841 
0.039623 0.037522 0.031815 0.006863 0.018364 
0.087130 0.033470 0.046870 0.049530 0.039770 
0.088610 0.033620 0.036890 0.080480 0.085360 
0.014750 0.040430 0.050680 0.038260 0.040900 
0.069580 0.058540 0.064720 0.010490 0.029920 
63
0.479817 0.014473 0.046210 
0.462778 0.970428 0.462022 
0.057405 0.015099 0.491768 
0.149747 0.007853 0.033549 0.029004 0.018290 
0.375052 0.012265 0.026041 0.030535 0.036639 
0.013112 0.036053 0.022010 0.020326 0.030661 
0.062841 0.033135 0.036278 0.007177 0.019433 
0.087130 0.033470 0.046870 0.049530 0.039770 
0.088610 0.033620 0.036890 0.080480 0.085360 
0.014750 0.040430 0.050680 0.038260 0.040900 
0.069580 0.058540 0.064720 0.010490 0.029920 
64
0.479817 0.014473 0.046210 
0.462778 0.970428 0.462022 
0.057405 0.015099 0.491768 
0.050066 0.003061 0.075081 0.474362 0.011872 
0.040628 0.012675 0.013970 0.046024 0.027373 
0.008363 0.025545 0.019157 0.040162 0.032791 
0.038627 0.038823 0.022102 0.005231 0.014088 
0.087130 0.033470 0.046870 0.049530 0.039770 
0.088610 0.033620 0.036890 0.080480 0.085360 
0.014750 0.040430 0.050680 0.038260 0.040900 
0.069580 0.058540 0.064720 0.010490 0.029920 
65
0.479817 0.014473 0.046210 
0.462778 0.970428 0.462022 
0.057405 0.015099 0.491768 
0.047178 0.005141 0.044891 0.070743 0.011667 
0.035847 0.019258 0.018732 0.370575 0.033303 
0.010326 0.037008 0.028769 0.046857 0.090542 
0.045002 0.039058 0.026043 0.004705 0.014354 
0.087130 0.033470 0.046870 0.049530 0.039770 
0.088610 0.033620 0.036890 0.080480 0.085360 
0.014750 0.040430 0.050680 0.038260 0.040900 
0.069580 0.058540 0.064720 0.010490 0.029920 
66
0.479817 0.014473 0.046210 
0.462778 0.970428 0.462022 
0.057405 0.015099 0.491768 
0.051288 0.002288 0.156667 0.436407 0.011106 
0.030553 0.010648 0.011559 0.042082 0.024716 
0.007554 0.022411 0.016957 0.044596 0.027750 
0.038746 0.028504 0.019282 0.004545 0.012339 
0.087130 0.033470 0.046870 0.049530 0.039770 
0.088610 0.033620 0.036890 0.080480 0.085360 
0.014750 0.040430 0.050680 0.038260 0.040900 
0.069580 0.058540 0.064720 0.010490 0.029920 
67
0.479817 0.014473 0.046210 
0.462778 0.970428 0.462022 
0.057405 0.015099 0.491768 
0.085397 0.003876 0.054833 0.065205 0.015283 
0.036149 0.017052 0.026401 0.237770 0.045956 
0.012842 0.034123 0.024182 0.044131 0.142605 
0.052038 0.042793 0.032543 0.007292 0.019530 
0.087130 0.033470 0.046870 0.049530 0.039770 
0.088610 0.033620 0.036890 0.080480 0.085360 
0.014750 0.040430 0.050680 0.038260 0.040900 
0.069580 0.058540 0.064720 0.010490 0.029920 
68
0.479817 0.014473 0.046210 
0.462778 0.970428 0.462022 
0.057405 0.015099 0.491768 
0.057588 0.003954 0.042890 0.056022 0.013184 
0.059314 0.016479 0.019724 0.382614 0.035093 
0.010426 0.033402 0.023839 0.039173 0.059310 
0.050363 0.045283 0.027706 0.006382 0.017253 
0.087130 0.033470 0.046870 0.049530 0.039770 
0.088610 0.033620 0.036890 0.080480 0.085360 
0.014750 0.040430 0.050680 0.038260 0.040900 
0.069580 0.058540 0.064720 0.010490 0.029920 
69
0.479817 0.014473 0.046210 
0.462778 0.970428 0.462022 
0.057405 0.015099 0.491768 
0.046569 0.008564 0.007022 0.008407 0.040360 
0.013057 0.006142 0.078075 0.008823 0.565356 
0.023097 0.007533 0.008855 0.008417 0.009474 
0.012262 0.025125 0.097428 0.007503 0.017932 
0.087130 0.033470 0.046870 0.049530 0.039770 
0.088610 0.033620 0.036890 0.080480 0.085360 
0.014750 0.040430 0.050680 0.038260 0.040900 
0.069580 0.058540 0.064720 0.010490 0.029920 
70
0.479817 0.014473 0.046210 
0.462778 0.970428 0.462022 
0.057405 0.015099 0.491768 
0.031300 0.005171 0.018023 0.020656 0.062662 
0.033155 0.016775 0.021263 0.026671 0.037215 
0.009648 0.016421 0.013557 0.016072 0.021022 
0.024887 0.023497 0.031964 0.015660 0.554380 
0.087130 0.033470 0.046870 0.049530 0.039770 
0.088610 0.033620 0.036890 0.080480 0.085360 
0.014750 0.040430 0.050680 0.038260 0.040900 
0.069580 0.058540 0.064720 0.010490 0.029920 
71
0.479817 0.014473 0.046210 
0.462778 0.970428 0.462022 
0.057405 0.020080 0.486528 
0.512134 0.009414 0.024262 0.027785 0.019606 
0.043807 0.011001 0.027943 0.026765 0.044858 
0.012566 0.019432 0.017512 0.019525 0.023131 
0.060459 0.030606 0.044994 0.006301 0.017900 
0.087129 0.033470 0.046870 0.049530 0.039770 
0.088609 0.033620 0.036898 0.080479 0.085359 
0.014750 0.040430 0.050680 0.038260 0.040900 
0.069579 0.058539 0.064719 0.010490 0.029920 
72
0.479817 0.014473 0.045718 
0.462778 0.965447 0.467754 
0.057405 0.015099 0.491768 
0.043237 0.011347 0.007210 0.007100 0.034317 
0.013995 0.006154 0.372906 0.009648 0.094182 
0.018520 0.006942 0.010651 0.006967 0.009046 
0.014175 0.025124 0.283404 0.006393 0.018683 
0.087130 0.033470 0.046870 0.049530 0.039770 
0.088610 0.033620 0.036890 0.080480 0.085360 
0.014750 0.040430 0.050680 0.038260 0.040900 
0.069580 0.058540 0.064720 0.010490 0.029920 
73
0.479817 0.014473 0.046210 
0.462778 0.970428 0.462022 
0.057405 0.015099 0.491768 
0.073095 0.013104 0.019837 0.019886 0.047409 
0.039720 0.014636 0.222068 0.027516 0.132465 
0.047243 0.016585 0.015636 0.018212 0.029683 
0.024688 0.034692 0.162191 0.010709 0.030624 
0.087130 0.033470 0.046870 0.049530 0.039770 
0.088610 0.033620 0.036890 0.080480 0.085360 
0.014750 0.040430 0.050680 0.038260 0.040900 
0.069580 0.058540 0.064720 0.010490 0.029920 
74
0.479817 0.014473 0.046210 
0.462778 0.970428 0.462022 
0.057405 0.015099 0.491768 
0.049114 0.003294 0.426540 0.073927 0.010885 
0.039301 0.013726 0.015933 0.042777 0.024434 
0.007691 0.086404 0.020173 0.029095 0.027736 
0.055724 0.035258 0.022169 0.003676 0.012142 
0.087130 0.033470 0.046870 0.049530 0.039770 
0.088610 0.033620 0.036890 0.080480 0.085360 
0.014750 0.040430 0.050680 0.038260 0.040900 
0.069580 0.058540 0.064720 0.010490 0.029920 
75
0.479817 0.014473 0.046210 
0.462778 0.970428 0.462022 
0.057405 0.015099 0.491768 
0.387894 0.011891 0.026217 0.031566 0.024858 
0.051747 0.011886 0.032725 0.029456 0.051149 
0.014855 0.021419 0.018768 0.022119 0.025226 
0.111680 0.043694 0.054894 0.007132 0.020823 
0.087130 0.033470 0.046870 0.049530 0.039770 
0.088610 0.033620 0.036890 0.080480 0.085360 
0.014750 0.040430 0.050680 0.038260 0.040900 
0.069580 0.058540 0.064720 0.010490 0.029920 
76
0.479817 0.014473 0.046210 
0.462778 0.970428 0.462022 
0.057405 0.015099 0.491768 
0.040289 0.009316 0.008370 0.011841 0.444562 
0.017454 0.010817 0.072912 0.009579 0.116083 
0.023095 0.009134 0.010136 0.009927 0.008702 
0.017732 0.021653 0.075236 0.021742 0.061419 
0.087130 0.033470 0.046870 0.049530 0.039770 
0.088610 0.033620 0.036890 0.080480 0.085360 
0.014750 0.040430 0.050680 0.038260 0.040900 
0.069580 0.058540 0.064720 0.010490 0.029920 
77
0.479817 0.014473 0.046210 
0.462778 0.970428 0.462022 
0.057405 0.015099 0.491768 
0.342339 0.010896 0.033389 0.045389 0.024290 
0.050551 0.014723 0.036197 0.040849 0.056988 
0.016444 0.029929 0.021923 0.038693 0.033847 
0.061847 0.040003 0.070518 0.008046 0.023138 
0.087130 0.033470 0.046870 0.049530 0.039770 
0.088610 0.033620 0.036890 0.080480 0.085360 
0.014750 0.040430 0.050680 0.038260 0.040900 
0.069580 0.058540 0.064720 0.010490 0.029920 
78
0.479817 0.014473 0.046210 
0.462778 0.970428 0.462022 
0.057405 0.015099 0.491768 
0.057947 0.004616 0.045818 0.059731 0.015318 
0.037202 0.017774 0.021686 0.061907 0.038402 
0.011572 0.038617 0.024623 0.332047 0.090548 
0.044076 0.040813 0.030785 0.007180 0.019336 
0.087130 0.033470 0.046870 0.049530 0.039770 
0.088610 0.033620 0.036890 0.080480 0.085360 
0.014750 0.040430 0.050680 0.038260 0.040900 
0.069580 0.058540 0.064720 0.010490 0.029920 
79
0.479817 0.014473 0.046210 
0.462778 0.970428 0.462022 
0.057405 0.015099 0.491768 
0.061152 0.006121 0.068056 0.044578 0.017573 
0.061812 0.018680 0.019327 0.045368 0.033444 
0.010193 0.307819 0.028733 0.030424 0.035392 
0.112715 0.043791 0.027541 0.007533 0.019749 
0.087130 0.033470 0.046870 0.049530 0.039770 
0.088610 0.033620 0.036890 0.080480 0.085360 
0.014750 0.040430 0.050680 0.038260 0.040900 
0.069580 0.058540 0.064720 0.010490 0.029920 
80
0.479817 0.014473 0.046210 
0.462778 0.970428 0.462022 
0.057405 0.079896 0.431339 
0.061275 0.005889 0.071539 0.047746 0.017421 
0.079528 0.019449 0.019370 0.057174 0.033976 
0.010539 0.306096 0.029169 0.032983 0.038904 
0.072478 0.041556 0.027174 0.007687 0.020046 
0.087141 0.033466 0.046865 0.049524 0.039765 
0.088693 0.033616 0.036886 0.080471 0.085350 
0.014748 0.040425 0.050674 0.038256 0.040895 
0.069572 0.058533 0.064713 0.010489 0.029917 
81
0.479817 0.014473 0.040532 
0.462778 0.905630 0.528129 
0.057405 0.015099 0.491768 
0.082509 0.010067 0.051482 0.049562 0.040422 
0.115788 0.064497 0.047053 0.044435 0.078595 
0.021667 0.048481 0.029288 0.070011 0.040250 
0.054266 0.045480 0.051072 0.016308 0.038766 
0.087130 0.033470 0.046870 0.049530 0.039770 
0.088610 0.033620 0.036890 0.080480 0.085360 
0.014750 0.040430 0.050680 0.038260 0.040900 
0.069580 0.058540 0.064720 0.010490 0.029920 
82
0.479817 0.014473 0.046210 
0.462778 0.970428 0.462022 
0.057405 0.015099 0.491768 
0.082092 0.011463 0.027726 0.031242 0.052329 
0.035514 0.018917 0.072070 0.033669 0.262761 
0.033246 0.023863 0.018673 0.061162 0.034669 
0.030343 0.035056 0.077137 0.013327 0.044740 
0.087130 0.033470 0.046870 0.049530 0.039770 
0.088610 0.033620 0.036890 0.080480 0.085360 
0.014750 0.040430 0.050680 0.038260 0.040900 
0.069580 0.058540 0.064720 0.010490 0.029920 
83
0.479817 0.014473 0.046210 
0.462778 0.970428 0.462022 
0.057405 0.015099 0.491768 
0.058093 0.005863 0.099469 0.077343 0.019064 
0.083946 0.021130 0.021672 0.091339 0.037185 
0.011162 0.191853 0.031464 0.035285 0.039650 
0.067162 0.051391 0.027815 0.008164 0.020952 
0.087130 0.033470 0.046870 0.049530 0.039770 
0.088610 0.033620 0.036890 0.080480 0.085360 
0.014750 0.040430 0.050680 0.038260 0.040900 
