%  SAM: modelfromalign v3.5 (July 15, 2005) compiled 12/05/20_11:48:22
%  (c) 1992-2001 Regents of the University of California, Santa Cruz
%
%          Sequence Alignment and Modeling Software System
%         http://www.cse.ucsc.edu/research/compbio/sam.html
%
% ----------------- Citations (SAM, SAM-T2K, HMMs) --------------------
% R. Hughey, A. Krogh, Hidden Markov models for sequence analysis:
%  Extension and analysis of the basic method, CABIOS 12:95-107, 1996.
% K. Karplus, et al., What is the value added by human intervention in protein
%  structure prediction, Proteins: Stucture, Function, Genetics 45(S5):86--91, 2001.
% A. Krogh et al., Hidden Markov models in computational biology:
%  Applications to protein modeling, JMB 235:1501-1531, Feb 1994.
% ---------------------------------------------------------------------
%  last   Host: gauntlet    Thu Feb 11 16:21:37 2021
%  dgpinheiro   Dir:  /data/GitHub/sfFinder/example/output/subfamily/TEST1/flowerpower/fp-workspace/final
% ---------------------------------------------------------------------
% Prior File:  Internal (Name: recode3.20comp) 
%   20 priors on 20 characters.
%  Alignment weights from internal calc.  Total (1.57) Max (0.00) Min (0.00)
%  Weights from alignment method 1 (karplus), b=0.500000, e=0.500000
MODEL --  Model from alignment file last.a2m
alphabet protein
FREQAVE
0.000000 0.000000 0.000000 
0.000000 0.000000 0.000000 
0.000000 0.000000 0.000000 
0.073366 0.015731 0.056938 0.066613 0.049655 
0.061768 0.028683 0.052055 0.058198 0.085039 
0.025996 0.041873 0.045380 0.042494 0.052400 
0.059160 0.053814 0.060939 0.022990 0.046909 
0.073366 0.015731 0.056938 0.066613 0.049655 
0.061768 0.028683 0.052055 0.058198 0.085039 
0.025996 0.041873 0.045380 0.042494 0.052400 
0.059160 0.053814 0.060939 0.022990 0.046909 
Begin
0.000000 0.000000 0.000000 
0.000000 0.000000 0.000000 
0.000000 0.102655 0.805442 
0.000000 0.000000 0.000000 0.000000 0.000000 
0.000000 0.000000 0.000000 0.000000 0.000000 
0.000000 0.000000 0.000000 0.000000 0.000000 
0.000000 0.000000 0.000000 0.000000 0.000000 
0.087135 0.033412 0.046877 0.049460 0.039687 
0.088502 0.033556 0.036842 0.080764 0.085459 
0.014906 0.040443 0.050641 0.038240 0.040935 
0.069509 0.058601 0.064641 0.010468 0.029922 
1
0.000000 0.014473 0.062158 
0.000000 0.882872 0.132400 
0.042026 0.016442 0.491768 
0.073849 0.011341 0.055382 0.077859 0.031255 
0.050288 0.025736 0.049513 0.089142 0.078273 
0.026549 0.045530 0.043371 0.049018 0.065838 
0.064217 0.059435 0.061456 0.010921 0.031030 
0.087130 0.033470 0.046870 0.049530 0.039770 
0.088610 0.033620 0.036890 0.080480 0.085360 
0.014750 0.040430 0.050680 0.038260 0.040900 
0.069580 0.058540 0.064720 0.010490 0.029920 
2
0.618666 0.015761 0.046210 
0.339307 0.967797 0.462022 
0.042048 0.016440 0.491768 
0.074739 0.010126 0.063498 0.084080 0.026698 
0.060192 0.025813 0.038238 0.088947 0.061874 
0.018736 0.050333 0.054556 0.049766 0.074188 
0.069149 0.060331 0.050480 0.009851 0.028406 
0.087130 0.033470 0.046870 0.049530 0.039770 
0.088610 0.033620 0.036890 0.080480 0.085360 
0.014750 0.040430 0.050680 0.038260 0.040900 
0.069580 0.058540 0.064720 0.010490 0.029920 
3
0.617844 0.015758 0.046210 
0.340108 0.967802 0.462022 
0.042095 0.016433 0.491768 
0.075283 0.013325 0.039952 0.058160 0.039798 
0.039698 0.021959 0.079821 0.058221 0.137312 
0.030767 0.034545 0.039807 0.038387 0.050279 
0.053063 0.053742 0.090968 0.012015 0.032897 
0.087130 0.033470 0.046870 0.049530 0.039770 
0.088610 0.033620 0.036890 0.080480 0.085360 
0.014750 0.040430 0.050680 0.038260 0.040900 
0.069580 0.058540 0.064720 0.010490 0.029920 
4
0.618547 0.015752 0.046210 
0.339357 0.967814 0.462022 
0.042095 0.016433 0.491768 
0.074470 0.011193 0.066467 0.075944 0.029588 
0.077857 0.027171 0.039441 0.070181 0.067469 
0.019285 0.061384 0.047580 0.045919 0.059332 
0.071320 0.060815 0.051646 0.010886 0.032052 
0.087130 0.033470 0.046870 0.049530 0.039770 
0.088610 0.033620 0.036890 0.080480 0.085360 
0.014750 0.040430 0.050680 0.038260 0.040900 
0.069580 0.058540 0.064720 0.010490 0.029920 
5
0.618547 0.015752 0.046210 
0.339357 0.967814 0.462022 
0.042095 0.016433 0.491768 
0.077863 0.012022 0.054511 0.075319 0.033208 
0.050080 0.024899 0.051036 0.071051 0.092181 
0.023279 0.045847 0.049439 0.046073 0.060199 
0.064166 0.060179 0.064689 0.011180 0.032780 
0.087130 0.033470 0.046870 0.049530 0.039770 
0.088610 0.033620 0.036890 0.080480 0.085360 
0.014750 0.040430 0.050680 0.038260 0.040900 
0.069580 0.058540 0.064720 0.010490 0.029920 
6
0.460775 0.015752 0.046210 
0.497129 0.967814 0.462022 
0.049981 0.015617 0.491768 
0.058386 0.006475 0.054328 0.086911 0.015776 
0.041800 0.024336 0.024485 0.210568 0.042774 
0.013576 0.046245 0.034638 0.057087 0.117180 
0.057665 0.049217 0.033500 0.006348 0.018703 
0.087130 0.033470 0.046870 0.049530 0.039770 
0.088610 0.033620 0.036890 0.080480 0.085360 
0.014750 0.040430 0.050680 0.038260 0.040900 
0.069580 0.058540 0.064720 0.010490 0.029920 
7
0.547091 0.014970 0.046210 
0.402928 0.969413 0.462022 
0.049981 0.015617 0.491768 
0.061071 0.005471 0.158234 0.197128 0.012725 
0.048753 0.021745 0.017676 0.076203 0.030690 
0.010078 0.055198 0.037563 0.054882 0.052457 
0.064271 0.048034 0.026714 0.005377 0.015729 
0.087130 0.033470 0.046870 0.049530 0.039770 
0.088610 0.033620 0.036890 0.080480 0.085360 
0.014750 0.040430 0.050680 0.038260 0.040900 
0.069580 0.058540 0.064720 0.010490 0.029920 
8
0.547091 0.014970 0.046210 
0.402928 0.969413 0.462022 
0.049981 0.015617 0.491768 
0.061652 0.007017 0.062463 0.087754 0.017622 
0.046438 0.025381 0.025751 0.131883 0.044357 
0.014203 0.059647 0.034406 0.055809 0.148140 
0.062829 0.052161 0.034942 0.007116 0.020431 
0.087130 0.033470 0.046870 0.049530 0.039770 
0.088610 0.033620 0.036890 0.080480 0.085360 
0.014750 0.040430 0.050680 0.038260 0.040900 
0.069580 0.058540 0.064720 0.010490 0.029920 
9
0.547091 0.014970 0.046210 
0.402928 0.969413 0.462022 
0.049981 0.015617 0.491768 
0.047400 0.012881 0.026540 0.033000 0.094555 
0.030530 0.037167 0.042998 0.034163 0.073580 
0.021553 0.030200 0.022428 0.025489 0.034388 
0.040320 0.038620 0.050102 0.041444 0.262642 
0.087130 0.033470 0.046870 0.049530 0.039770 
0.088610 0.033620 0.036890 0.080480 0.085360 
0.014750 0.040430 0.050680 0.038260 0.040900 
0.069580 0.058540 0.064720 0.010490 0.029920 
10
0.545869 0.014970 0.046210 
0.404150 0.969413 0.462022 
0.050042 0.015612 0.491768 
0.128421 0.010540 0.054607 0.072358 0.029903 
0.048537 0.026931 0.041887 0.067755 0.066054 
0.021013 0.051402 0.036645 0.054033 0.064150 
0.065952 0.061567 0.052470 0.011337 0.034436 
0.087130 0.033470 0.046870 0.049530 0.039770 
0.088610 0.033620 0.036890 0.080480 0.085360 
0.014750 0.040430 0.050680 0.038260 0.040900 
0.069580 0.058540 0.064720 0.010490 0.029920 
11
0.546537 0.014965 0.046210 
0.403421 0.969423 0.462022 
0.050042 0.015612 0.491768 
0.100819 0.014983 0.035024 0.047561 0.046060 
0.036197 0.030729 0.065282 0.048986 0.111321 
0.040082 0.034847 0.031909 0.037529 0.048805 
0.058697 0.061044 0.081518 0.016623 0.051983 
0.087130 0.033470 0.046870 0.049530 0.039770 
0.088610 0.033620 0.036890 0.080480 0.085360 
0.014750 0.040430 0.050680 0.038260 0.040900 
0.069580 0.058540 0.064720 0.010490 0.029920 
12
0.419517 0.014965 0.046210 
0.530441 0.969423 0.462022 
0.057323 0.015104 0.491768 
0.062932 0.011257 0.014298 0.016050 0.045515 
0.024960 0.011225 0.094337 0.017320 0.271906 
0.188253 0.013661 0.012581 0.014909 0.018666 
0.020004 0.039944 0.085192 0.010645 0.026346 
0.087130 0.033470 0.046870 0.049530 0.039770 
0.088610 0.033620 0.036890 0.080480 0.085360 
0.014750 0.040430 0.050680 0.038260 0.040900 
0.069580 0.058540 0.064720 0.010490 0.029920 
13
0.480557 0.014478 0.046210 
0.462119 0.970418 0.462022 
0.057323 0.015104 0.491768 
0.092172 0.007453 0.034735 0.037689 0.019998 
0.036938 0.013796 0.031425 0.037092 0.042390 
0.015306 0.032910 0.023405 0.027608 0.029006 
0.090950 0.354368 0.045625 0.006855 0.020280 
0.087130 0.033470 0.046870 0.049530 0.039770 
0.088610 0.033620 0.036890 0.080480 0.085360 
0.014750 0.040430 0.050680 0.038260 0.040900 
0.069580 0.058540 0.064720 0.010490 0.029920 
14
0.479840 0.014478 0.046210 
0.462837 0.970418 0.462022 
0.057365 0.015101 0.491768 
0.052313 0.004810 0.038479 0.047554 0.015844 
0.036580 0.016293 0.023422 0.053320 0.040540 
0.011717 0.031304 0.023557 0.033959 0.424784 
0.038955 0.048259 0.032063 0.007195 0.019053 
0.087130 0.033470 0.046870 0.049530 0.039770 
0.088610 0.033620 0.036890 0.080480 0.085360 
0.014750 0.040430 0.050680 0.038260 0.040900 
0.069580 0.058540 0.064720 0.010490 0.029920 
15
0.480184 0.014476 0.046210 
0.462451 0.970423 0.462022 
0.057365 0.015101 0.491768 
0.049561 0.004350 0.333463 0.061500 0.013995 
0.122323 0.015762 0.017600 0.043377 0.028232 
0.008828 0.078299 0.023683 0.031490 0.031599 
0.053123 0.038246 0.023915 0.005347 0.015307 
0.087130 0.033470 0.046870 0.049530 0.039770 
0.088610 0.033620 0.036890 0.080480 0.085360 
0.014750 0.040430 0.050680 0.038260 0.040900 
0.069580 0.058540 0.064720 0.010490 0.029920 
16
0.480184 0.014476 0.046210 
0.462451 0.970423 0.462022 
0.057365 0.015101 0.491768 
0.041008 0.008454 0.008449 0.010301 0.033324 
0.014003 0.006620 0.064157 0.010952 0.583491 
0.028866 0.008699 0.009595 0.009689 0.011022 
0.013547 0.030609 0.081525 0.007584 0.018104 
0.087130 0.033470 0.046870 0.049530 0.039770 
0.088610 0.033620 0.036890 0.080480 0.085360 
0.014750 0.040430 0.050680 0.038260 0.040900 
0.069580 0.058540 0.064720 0.010490 0.029920 
17
0.479479 0.014476 0.046210 
0.463157 0.970423 0.462022 
0.057405 0.015099 0.491768 
0.137059 0.007024 0.063130 0.035581 0.019860 
0.329677 0.016671 0.026051 0.035626 0.038017 
0.013206 0.052418 0.025655 0.023808 0.027276 
0.055277 0.034385 0.029847 0.008252 0.021182 
0.087130 0.033470 0.046870 0.049530 0.039770 
0.088610 0.033620 0.036890 0.080480 0.085360 
0.014750 0.040430 0.050680 0.038260 0.040900 
0.069580 0.058540 0.064720 0.010490 0.029920 
18
0.479817 0.014473 0.046210 
0.462778 0.970428 0.462022 
0.057405 0.015099 0.491768 
0.018065 0.004852 0.008838 0.010876 0.035148 
0.017464 0.006147 0.017935 0.009198 0.043962 
0.010512 0.007260 0.008050 0.006103 0.013446 
0.011703 0.010414 0.023288 0.706679 0.030059 
0.087130 0.033470 0.046870 0.049530 0.039770 
0.088610 0.033620 0.036890 0.080480 0.085360 
0.014750 0.040430 0.050680 0.038260 0.040900 
0.069580 0.058540 0.064720 0.010490 0.029920 
19
0.479817 0.014473 0.046210 
0.462778 0.970428 0.462022 
0.057405 0.015099 0.491768 
0.081846 0.002680 0.138681 0.321769 0.013851 
0.035203 0.013055 0.015463 0.055479 0.031797 
0.009430 0.029108 0.019396 0.056611 0.035451 
0.054176 0.041754 0.023620 0.005627 0.015003 
0.087130 0.033470 0.046870 0.049530 0.039770 
0.088610 0.033620 0.036890 0.080480 0.085360 
0.014750 0.040430 0.050680 0.038260 0.040900 
0.069580 0.058540 0.064720 0.010490 0.029920 
20
0.479817 0.014473 0.046210 
0.462778 0.970428 0.462022 
0.057405 0.015099 0.491768 
0.068936 0.007927 0.044586 0.036630 0.035639 
0.059796 0.017038 0.038627 0.039140 0.060861 
0.012347 0.042978 0.176343 0.025291 0.029244 
0.108902 0.105423 0.052431 0.010446 0.027417 
0.087130 0.033470 0.046870 0.049530 0.039770 
0.088610 0.033620 0.036890 0.080480 0.085360 
0.014750 0.040430 0.050680 0.038260 0.040900 
0.069580 0.058540 0.064720 0.010490 0.029920 
21
0.479817 0.014473 0.046210 
0.462778 0.970428 0.462022 
0.057405 0.015099 0.491768 
0.057092 0.007215 0.041094 0.038889 0.018199 
0.054351 0.014520 0.024899 0.036531 0.031648 
0.009992 0.041478 0.026568 0.027251 0.027502 
0.310388 0.166180 0.039432 0.006730 0.020039 
0.087130 0.033470 0.046870 0.049530 0.039770 
0.088610 0.033620 0.036890 0.080480 0.085360 
0.014750 0.040430 0.050680 0.038260 0.040900 
0.069580 0.058540 0.064720 0.010490 0.029920 
22
0.479817 0.014473 0.046210 
0.462778 0.970428 0.462022 
0.057405 0.015099 0.491768 
0.031057 0.005569 0.016938 0.017829 0.058010 
0.026024 0.015048 0.026185 0.017976 0.043349 
0.010554 0.014836 0.013659 0.013702 0.018098 
0.022856 0.022012 0.034785 0.014340 0.577171 
0.087130 0.033470 0.046870 0.049530 0.039770 
0.088610 0.033620 0.036890 0.080480 0.085360 
0.014750 0.040430 0.050680 0.038260 0.040900 
0.069580 0.058540 0.064720 0.010490 0.029920 
23
0.479817 0.014473 0.046210 
0.462778 0.970428 0.462022 
0.057405 0.015099 0.491768 
0.065692 0.005164 0.051575 0.095792 0.018239 
0.038865 0.018235 0.026070 0.062044 0.044910 
0.013215 0.035268 0.025360 0.259364 0.055590 
0.046421 0.042264 0.066401 0.008030 0.021501 
0.087130 0.033470 0.046870 0.049530 0.039770 
0.088610 0.033620 0.036890 0.080480 0.085360 
0.014750 0.040430 0.050680 0.038260 0.040900 
0.069580 0.058540 0.064720 0.010490 0.029920 
24
0.479817 0.014473 0.046210 
0.462778 0.970428 0.462022 
0.057405 0.015099 0.491768 
0.073523 0.005590 0.071091 0.059872 0.022900 
0.052041 0.020116 0.034405 0.075226 0.055615 
0.015683 0.042174 0.075635 0.040015 0.158908 
0.070906 0.048862 0.041119 0.010279 0.026039 
0.087130 0.033470 0.046870 0.049530 0.039770 
0.088610 0.033620 0.036890 0.080480 0.085360 
0.014750 0.040430 0.050680 0.038260 0.040900 
0.069580 0.058540 0.064720 0.010490 0.029920 
25
0.479817 0.014473 0.046210 
0.462778 0.970428 0.462022 
0.057405 0.015099 0.491768 
0.078656 0.011320 0.045868 0.051001 0.055104 
0.071731 0.051749 0.062310 0.040664 0.090440 
0.033454 0.044836 0.028842 0.030768 0.047307 
0.048415 0.041756 0.063439 0.022726 0.079616 
0.087130 0.033470 0.046870 0.049530 0.039770 
0.088610 0.033620 0.036890 0.080480 0.085360 
0.014750 0.040430 0.050680 0.038260 0.040900 
0.069580 0.058540 0.064720 0.010490 0.029920 
26
0.479817 0.014473 0.046210 
0.462778 0.970428 0.462022 
0.057405 0.015099 0.491768 
0.075653 0.002553 0.190247 0.261961 0.014035 
0.036982 0.013194 0.015528 0.062171 0.031940 
0.009319 0.034882 0.019571 0.064013 0.035192 
0.055954 0.033425 0.023094 0.005507 0.014777 
0.087130 0.033470 0.046870 0.049530 0.039770 
0.088610 0.033620 0.036890 0.080480 0.085360 
0.014750 0.040430 0.050680 0.038260 0.040900 
0.069580 0.058540 0.064720 0.010490 0.029920 
27
0.479817 0.014473 0.046210 
0.462778 0.970428 0.462022 
0.057405 0.015099 0.491768 
0.062814 0.003393 0.257666 0.147447 0.013735 
0.040258 0.015279 0.018387 0.102743 0.032938 
0.009674 0.051808 0.022891 0.044811 0.039169 
0.049926 0.036385 0.029636 0.005515 0.015524 
0.087130 0.033470 0.046870 0.049530 0.039770 
0.088610 0.033620 0.036890 0.080480 0.085360 
0.014750 0.040430 0.050680 0.038260 0.040900 
0.069580 0.058540 0.064720 0.010490 0.029920 
28
0.479817 0.014473 0.046210 
0.462778 0.970428 0.462022 
0.057405 0.015099 0.491768 
0.062314 0.012854 0.007883 0.007237 0.035489 
0.015867 0.006690 0.282161 0.010598 0.095031 
0.017500 0.007244 0.011679 0.007085 0.009743 
0.016060 0.028804 0.339542 0.006280 0.019936 
0.087130 0.033470 0.046870 0.049530 0.039770 
0.088610 0.033620 0.036890 0.080480 0.085360 
0.014750 0.040430 0.050680 0.038260 0.040900 
0.069580 0.058540 0.064720 0.010490 0.029920 
29
0.479817 0.014473 0.046210 
0.462778 0.970428 0.462022 
0.057405 0.015099 0.491768 
0.033915 0.007707 0.011374 0.014747 0.548549 
0.019409 0.008727 0.042507 0.012875 0.070990 
0.015259 0.010233 0.011451 0.011035 0.010321 
0.018857 0.020764 0.045792 0.021385 0.064103 
0.087130 0.033470 0.046870 0.049530 0.039770 
0.088610 0.033620 0.036890 0.080480 0.085360 
0.014750 0.040430 0.050680 0.038260 0.040900 
0.069580 0.058540 0.064720 0.010490 0.029920 
30
0.479817 0.014473 0.046210 
0.462778 0.970428 0.462022 
0.057405 0.015099 0.491768 
0.051800 0.004200 0.034440 0.034426 0.016831 
0.037295 0.011436 0.024016 0.050506 0.039744 
0.007191 0.027130 0.464475 0.024387 0.035627 
0.042237 0.036037 0.035501 0.005978 0.016742 
0.087130 0.033470 0.046870 0.049530 0.039770 
0.088610 0.033620 0.036890 0.080480 0.085360 
0.014750 0.040430 0.050680 0.038260 0.040900 
0.069580 0.058540 0.064720 0.010490 0.029920 
31
0.479817 0.088601 0.046210 
0.462778 0.896300 0.462022 
0.043096 0.016308 0.491768 
0.083741 0.005298 0.060402 0.109382 0.019738 
0.043658 0.033082 0.026901 0.068706 0.046978 
0.013627 0.038534 0.026549 0.212720 0.050612 
0.050395 0.042807 0.035275 0.008585 0.023010 
0.087130 0.033470 0.046870 0.049530 0.039770 
0.088610 0.033620 0.036890 0.080480 0.085360 
0.014750 0.040430 0.050680 0.038260 0.040900 
0.069580 0.058540 0.064720 0.010490 0.029920 
32
0.609479 0.029218 0.046210 
0.347425 0.954474 0.462022 
0.041347 0.016532 0.491768 
0.082188 0.013475 0.057580 0.073912 0.033124 
0.060636 0.024168 0.050771 0.065768 0.077766 
0.021534 0.045473 0.053527 0.042807 0.056268 
0.068477 0.062461 0.065866 0.011358 0.032840 
0.087130 0.033470 0.046870 0.049530 0.039770 
0.088610 0.033620 0.036890 0.080480 0.085360 
0.014750 0.040430 0.050680 0.038260 0.040900 
0.069580 0.058540 0.064720 0.010490 0.029920 
33
0.386180 0.016358 0.046210 
0.572472 0.967110 0.462022 
0.054236 0.015299 0.491768 
0.053049 0.014311 0.021584 0.031487 0.105030 
0.026731 0.032027 0.056185 0.033346 0.100161 
0.031762 0.027126 0.023176 0.027143 0.035545 
0.039840 0.044104 0.064196 0.024888 0.208308 
0.087130 0.033470 0.046870 0.049530 0.039770 
0.088610 0.033620 0.036890 0.080480 0.085360 
0.014750 0.040430 0.050680 0.038260 0.040900 
0.069580 0.058540 0.064720 0.010490 0.029920 
34
0.455302 0.014665 0.046210 
0.490462 0.970037 0.462022 
0.057286 0.015106 0.491768 
0.078146 0.003390 0.166594 0.224304 0.016697 
0.041118 0.015201 0.020736 0.064801 0.036942 
0.010552 0.040200 0.022482 0.051669 0.038047 
0.068518 0.045540 0.030893 0.006720 0.017449 
0.087130 0.033470 0.046870 0.049530 0.039770 
0.088610 0.033620 0.036890 0.080480 0.085360 
0.014750 0.040430 0.050680 0.038260 0.040900 
0.069580 0.058540 0.064720 0.010490 0.029920 
35
0.478817 0.014480 0.046210 
0.463897 0.970414 0.462022 
0.057405 0.015099 0.491768 
0.083145 0.007370 0.061025 0.044417 0.024741 
0.234746 0.021416 0.029931 0.054861 0.043109 
0.014240 0.064947 0.035673 0.029840 0.037465 
0.098021 0.047054 0.032192 0.010324 0.025484 
0.087130 0.033470 0.046870 0.049530 0.039770 
0.088610 0.033620 0.036890 0.080480 0.085360 
0.014750 0.040430 0.050680 0.038260 0.040900 
0.069580 0.058540 0.064720 0.010490 0.029920 
36
0.479817 0.014473 0.046210 
0.462778 0.970428 0.462022 
0.057405 0.015099 0.491768 
0.050838 0.009254 0.016510 0.023513 0.360405 
0.029354 0.016876 0.039950 0.016345 0.065717 
0.015800 0.017205 0.014241 0.015623 0.015546 
0.032299 0.030704 0.047993 0.031239 0.150586 
0.087130 0.033470 0.046870 0.049530 0.039770 
0.088610 0.033620 0.036890 0.080480 0.085360 
0.014750 0.040430 0.050680 0.038260 0.040900 
0.069580 0.058540 0.064720 0.010490 0.029920 
37
0.479817 0.014473 0.046210 
0.462778 0.970428 0.462022 
0.057405 0.015099 0.491768 
0.055499 0.003304 0.068101 0.421843 0.016443 
0.049812 0.013974 0.016095 0.061524 0.031047 
0.009529 0.028414 0.020419 0.044137 0.037193 
0.042035 0.034649 0.024691 0.005789 0.015503 
0.087130 0.033470 0.046870 0.049530 0.039770 
0.088610 0.033620 0.036890 0.080480 0.085360 
0.014750 0.040430 0.050680 0.038260 0.040900 
0.069580 0.058540 0.064720 0.010490 0.029920 
38
0.479817 0.014473 0.046210 
0.462778 0.970428 0.462022 
0.057405 0.015099 0.491768 
0.050755 0.003332 0.041442 0.019836 0.007956 
0.657619 0.007768 0.010712 0.022255 0.016910 
0.006281 0.025576 0.016383 0.013191 0.020282 
0.033044 0.020418 0.011758 0.003854 0.010629 
0.087130 0.033470 0.046870 0.049530 0.039770 
0.088610 0.033620 0.036890 0.080480 0.085360 
0.014750 0.040430 0.050680 0.038260 0.040900 
0.069580 0.058540 0.064720 0.010490 0.029920 
39
0.479817 0.014473 0.046210 
0.462778 0.970428 0.462022 
0.057405 0.015099 0.491768 
0.043473 0.010222 0.007887 0.008775 0.035339 
0.014980 0.006536 0.461839 0.010318 0.113515 
0.021828 0.007981 0.010482 0.008465 0.010173 
0.014274 0.023523 0.163934 0.007320 0.019135 
0.087130 0.033470 0.046870 0.049530 0.039770 
0.088610 0.033620 0.036890 0.080480 0.085360 
0.014750 0.040430 0.050680 0.038260 0.040900 
0.069580 0.058540 0.064720 0.010490 0.029920 
40
0.479817 0.014473 0.046210 
0.462778 0.970428 0.462022 
0.057405 0.015099 0.491768 
0.063538 0.005345 0.045441 0.058882 0.015232 
0.037537 0.020868 0.028764 0.349770 0.041648 
0.012075 0.035308 0.040497 0.042098 0.059403 
0.044754 0.039792 0.032448 0.007192 0.019408 
0.087130 0.033470 0.046870 0.049530 0.039770 
0.088610 0.033620 0.036890 0.080480 0.085360 
0.014750 0.040430 0.050680 0.038260 0.040900 
0.069580 0.058540 0.064720 0.010490 0.029920 
41
0.479817 0.014473 0.046210 
0.462778 0.970428 0.462022 
0.057405 0.015099 0.491768 
0.061708 0.010830 0.012559 0.014105 0.034702 
0.032838 0.008604 0.413268 0.016299 0.096623 
0.023124 0.011716 0.013225 0.012231 0.015094 
0.020303 0.033489 0.140575 0.007688 0.021019 
0.087130 0.033470 0.046870 0.049530 0.039770 
0.088610 0.033620 0.036890 0.080480 0.085360 
0.014750 0.040430 0.050680 0.038260 0.040900 
0.069580 0.058540 0.064720 0.010490 0.029920 
42
0.479817 0.014473 0.046210 
0.462778 0.970428 0.462022 
0.057405 0.015099 0.491768 
0.062280 0.006894 0.049036 0.084426 0.023501 
0.048516 0.047259 0.031977 0.058789 0.046304 
0.014272 0.041312 0.029684 0.036273 0.041402 
0.068198 0.231858 0.042345 0.009581 0.026090 
0.087130 0.033470 0.046870 0.049530 0.039770 
0.088610 0.033620 0.036890 0.080480 0.085360 
0.014750 0.040430 0.050680 0.038260 0.040900 
0.069580 0.058540 0.064720 0.010490 0.029920 
43
0.479817 0.014473 0.046210 
0.462778 0.970428 0.462022 
0.057405 0.015099 0.491768 
0.060535 0.003446 0.410668 0.076821 0.011550 
0.047936 0.014035 0.016507 0.044459 0.025787 
0.008052 0.077042 0.020721 0.030762 0.028954 
0.047074 0.035770 0.022921 0.004074 0.012883 
0.087130 0.033470 0.046870 0.049530 0.039770 
0.088610 0.033620 0.036890 0.080480 0.085360 
0.014750 0.040430 0.050680 0.038260 0.040900 
0.069580 0.058540 0.064720 0.010490 0.029920 
44
0.479817 0.014473 0.046210 
0.462778 0.970428 0.462022 
0.057405 0.015099 0.491768 
0.020296 0.005023 0.010400 0.013068 0.069556 
0.015413 0.012236 0.022065 0.012728 0.046113 
0.010990 0.010764 0.009483 0.009650 0.016147 
0.016411 0.015493 0.023208 0.598913 0.062043 
0.087130 0.033470 0.046870 0.049530 0.039770 
0.088610 0.033620 0.036890 0.080480 0.085360 
0.014750 0.040430 0.050680 0.038260 0.040900 
0.069580 0.058540 0.064720 0.010490 0.029920 
45
0.479817 0.014473 0.046210 
0.462778 0.970428 0.462022 
0.057405 0.015099 0.491768 
0.056741 0.004714 0.262730 0.100276 0.016922 
0.052328 0.017199 0.019072 0.048225 0.037183 
0.009875 0.068750 0.026299 0.037402 0.033216 
0.115049 0.041958 0.026385 0.007702 0.017974 
0.087130 0.033470 0.046870 0.049530 0.039770 
0.088610 0.033620 0.036890 0.080480 0.085360 
0.014750 0.040430 0.050680 0.038260 0.040900 
0.069580 0.058540 0.064720 0.010490 0.029920 
46
0.479817 0.014473 0.046210 
0.462778 0.970428 0.462022 
0.057405 0.015099 0.491768 
0.123590 0.004117 0.063870 0.079807 0.016157 
0.053958 0.017465 0.026218 0.146249 0.046483 
0.012368 0.040545 0.024482 0.146393 0.055765 
0.048686 0.036453 0.031602 0.006934 0.018857 
0.087130 0.033470 0.046870 0.049530 0.039770 
0.088610 0.033620 0.036890 0.080480 0.085360 
0.014750 0.040430 0.050680 0.038260 0.040900 
0.069580 0.058540 0.064720 0.010490 0.029920 
47
0.479817 0.014473 0.046210 
0.462778 0.970428 0.462022 
0.057405 0.015099 0.491768 
0.018159 0.004761 0.006095 0.010469 0.048371 
0.013478 0.005956 0.020746 0.008768 0.052879 
0.012740 0.006014 0.006088 0.005845 0.014580 
0.010658 0.009720 0.026390 0.678547 0.039735 
0.087130 0.033470 0.046870 0.049530 0.039770 
0.088610 0.033620 0.036890 0.080480 0.085360 
0.014750 0.040430 0.050680 0.038260 0.040900 
0.069580 0.058540 0.064720 0.010490 0.029920 
48
0.479817 0.014473 0.046210 
0.462778 0.970428 0.462022 
0.057405 0.015099 0.491768 
0.057196 0.002798 0.126979 0.400786 0.012713 
0.032981 0.012677 0.014444 0.049696 0.029341 
0.008935 0.026655 0.019167 0.048030 0.033634 
0.042989 0.032997 0.028207 0.005360 0.014417 
0.087130 0.033470 0.046870 0.049530 0.039770 
0.088610 0.033620 0.036890 0.080480 0.085360 
0.014750 0.040430 0.050680 0.038260 0.040900 
0.069580 0.058540 0.064720 0.010490 0.029920 
49
0.479817 0.014473 0.046210 
0.462778 0.970428 0.462022 
0.057405 0.015099 0.491768 
0.042990 0.003170 0.451525 0.114781 0.010843 
0.036578 0.012760 0.014254 0.040369 0.023919 
0.007353 0.054020 0.019487 0.030406 0.027425 
0.040912 0.031735 0.020985 0.004101 0.012386 
0.087130 0.033470 0.046870 0.049530 0.039770 
0.088610 0.033620 0.036890 0.080480 0.085360 
0.014750 0.040430 0.050680 0.038260 0.040900 
0.069580 0.058540 0.064720 0.010490 0.029920 
50
0.479817 0.014473 0.046210 
0.462778 0.970428 0.462022 
0.057405 0.015099 0.491768 
0.048959 0.004972 0.030176 0.035279 0.010477 
0.032138 0.010850 0.016957 0.032009 0.029097 
0.006296 0.019994 0.571404 0.018760 0.023530 
0.041662 0.028172 0.025898 0.003392 0.009976 
0.087130 0.033470 0.046870 0.049530 0.039770 
0.088610 0.033620 0.036890 0.080480 0.085360 
0.014750 0.040430 0.050680 0.038260 0.040900 
0.069580 0.058540 0.064720 0.010490 0.029920 
51
0.479817 0.014473 0.046210 
0.462778 0.970428 0.462022 
0.057405 0.015099 0.491768 
0.032434 0.007888 0.010007 0.014315 0.528441 
0.018206 0.009059 0.039278 0.011697 0.068077 
0.014515 0.009449 0.010678 0.010648 0.008928 
0.019087 0.020414 0.043690 0.026417 0.096770 
0.087130 0.033470 0.046870 0.049530 0.039770 
0.088610 0.033620 0.036890 0.080480 0.085360 
0.014750 0.040430 0.050680 0.038260 0.040900 
0.069580 0.058540 0.064720 0.010490 0.029920 
52
0.479817 0.014473 0.046210 
0.462778 0.970428 0.462022 
0.057405 0.015099 0.491768 
0.055711 0.004453 0.041267 0.053027 0.015159 
0.035885 0.017271 0.022944 0.093224 0.039928 
0.012015 0.033683 0.024177 0.037935 0.374487 
0.041243 0.039196 0.031493 0.007360 0.019542 
0.087130 0.033470 0.046870 0.049530 0.039770 
0.088610 0.033620 0.036890 0.080480 0.085360 
0.014750 0.040430 0.050680 0.038260 0.040900 
0.069580 0.058540 0.064720 0.010490 0.029920 
53
0.479817 0.014473 0.046210 
0.462778 0.970428 0.462022 
0.057405 0.015099 0.491768 
0.041812 0.008900 0.007241 0.008692 0.035235 
0.013406 0.006377 0.081655 0.009154 0.559518 
0.031822 0.007790 0.009178 0.009075 0.009860 
0.012567 0.020818 0.100343 0.007860 0.018698 
0.087130 0.033470 0.046870 0.049530 0.039770 
0.088610 0.033620 0.036890 0.080480 0.085360 
0.014750 0.040430 0.050680 0.038260 0.040900 
0.069580 0.058540 0.064720 0.010490 0.029920 
54
0.479817 0.014473 0.046210 
0.462778 0.970428 0.462022 
0.057405 0.015099 0.491768 
0.047124 0.006046 0.033566 0.034783 0.016110 
0.034252 0.012763 0.024165 0.034248 0.031776 
0.009486 0.031533 0.022417 0.025173 0.026486 
0.106170 0.443862 0.036576 0.005862 0.017603 
0.087130 0.033470 0.046870 0.049530 0.039770 
0.088610 0.033620 0.036890 0.080480 0.085360 
0.014750 0.040430 0.050680 0.038260 0.040900 
0.069580 0.058540 0.064720 0.010490 0.029920 
55
0.479817 0.014473 0.046210 
0.462778 0.970428 0.462022 
0.057405 0.015099 0.491768 
0.070910 0.011452 0.022675 0.026177 0.051675 
0.037519 0.014275 0.073578 0.026823 0.114609 
0.252969 0.020656 0.017669 0.020886 0.025858 
0.030590 0.035278 0.081338 0.012978 0.052086 
0.087130 0.033470 0.046870 0.049530 0.039770 
0.088610 0.033620 0.036890 0.080480 0.085360 
0.014750 0.040430 0.050680 0.038260 0.040900 
0.069580 0.058540 0.064720 0.010490 0.029920 
56
0.479817 0.014473 0.046210 
0.462778 0.970428 0.462022 
0.057405 0.015099 0.491768 
0.042970 0.003598 0.463627 0.056368 0.011465 
0.037685 0.013909 0.015556 0.042880 0.025782 
0.007893 0.053519 0.025262 0.028949 0.055536 
0.041033 0.033241 0.022560 0.004616 0.013552 
0.087130 0.033470 0.046870 0.049530 0.039770 
0.088610 0.033620 0.036890 0.080480 0.085360 
0.014750 0.040430 0.050680 0.038260 0.040900 
0.069580 0.058540 0.064720 0.010490 0.029920 
57
0.479817 0.014473 0.046210 
0.462778 0.970428 0.462022 
0.057405 0.015099 0.491768 
0.164378 0.006651 0.074138 0.078764 0.022179 
0.062548 0.020270 0.027107 0.054772 0.045918 
0.013298 0.150623 0.028691 0.036377 0.041224 
0.063062 0.042401 0.034997 0.009235 0.023366 
0.087130 0.033470 0.046870 0.049530 0.039770 
0.088610 0.033620 0.036890 0.080480 0.085360 
0.014750 0.040430 0.050680 0.038260 0.040900 
0.069580 0.058540 0.064720 0.010490 0.029920 
58
0.479817 0.014473 0.046210 
0.462778 0.970428 0.462022 
0.057405 0.015099 0.491768 
0.028827 0.008871 0.015986 0.018441 0.101567 
0.018849 0.028143 0.030091 0.019221 0.056298 
0.014314 0.017937 0.013214 0.013857 0.019698 
0.023294 0.021437 0.033011 0.030404 0.486539 
0.087130 0.033470 0.046870 0.049530 0.039770 
0.088610 0.033620 0.036890 0.080480 0.085360 
0.014750 0.040430 0.050680 0.038260 0.040900 
0.069580 0.058540 0.064720 0.010490 0.029920 
59
0.479817 0.014473 0.046210 
0.462778 0.970428 0.462022 
0.057405 0.015099 0.491768 
0.021711 0.005149 0.007500 0.011566 0.041620 
0.014635 0.006371 0.025050 0.010260 0.057163 
0.013575 0.007181 0.007145 0.007084 0.014863 
0.012048 0.011805 0.056095 0.634844 0.034333 
0.087130 0.033470 0.046870 0.049530 0.039770 
0.088610 0.033620 0.036890 0.080480 0.085360 
0.014750 0.040430 0.050680 0.038260 0.040900 
0.069580 0.058540 0.064720 0.010490 0.029920 
60
0.479817 0.014473 0.046210 
0.462778 0.970428 0.462022 
0.057405 0.015099 0.491768 
0.058031 0.004158 0.043304 0.056637 0.013973 
0.035133 0.024159 0.021043 0.398122 0.037282 
0.013620 0.034211 0.024168 0.039972 0.058669 
0.044444 0.038788 0.029392 0.006733 0.018162 
0.087130 0.033470 0.046870 0.049530 0.039770 
0.088610 0.033620 0.036890 0.080480 0.085360 
0.014750 0.040430 0.050680 0.038260 0.040900 
0.069580 0.058540 0.064720 0.010490 0.029920 
61
0.479817 0.014473 0.046210 
0.462778 0.970428 0.462022 
0.057405 0.015099 0.491768 
0.048792 0.009965 0.018476 0.020680 0.243429 
0.036334 0.021911 0.056094 0.015918 0.074170 
0.018871 0.024233 0.015665 0.016292 0.018847 
0.030583 0.029675 0.065011 0.029508 0.205546 
0.087130 0.033470 0.046870 0.049530 0.039770 
0.088610 0.033620 0.036890 0.080480 0.085360 
0.014750 0.040430 0.050680 0.038260 0.040900 
0.069580 0.058540 0.064720 0.010490 0.029920 
62
0.479817 0.014473 0.046210 
0.462778 0.970428 0.462022 
0.057405 0.015099 0.491768 
0.053688 0.005134 0.042280 0.052950 0.016786 
0.038042 0.016514 0.023811 0.052950 0.041625 
0.011799 0.031982 0.024082 0.408267 0.041134 
0.041028 0.038776 0.033005 0.007109 0.019039 
0.087130 0.033470 0.046870 0.049530 0.039770 
0.088610 0.033620 0.036890 0.080480 0.085360 
0.014750 0.040430 0.050680 0.038260 0.040900 
0.069580 0.058540 0.064720 0.010490 0.029920 
63
0.479817 0.014473 0.046210 
0.462778 0.970428 0.462022 
0.057405 0.015099 0.491768 
0.310956 0.012374 0.031721 0.037730 0.025937 
0.097373 0.014273 0.037767 0.036661 0.058633 
0.017104 0.025589 0.022310 0.026312 0.042244 
0.065468 0.038758 0.066171 0.008445 0.024174 
0.087130 0.033470 0.046870 0.049530 0.039770 
0.088610 0.033620 0.036890 0.080480 0.085360 
0.014750 0.040430 0.050680 0.038260 0.040900 
0.069580 0.058540 0.064720 0.010490 0.029920 
64
0.479817 0.014473 0.046210 
0.462778 0.970428 0.462022 
0.057405 0.015099 0.491768 
0.051904 0.003163 0.076825 0.457447 0.012295 
0.041576 0.013100 0.014550 0.047749 0.028410 
0.008668 0.026481 0.019703 0.041392 0.033982 
0.039917 0.039965 0.022886 0.005417 0.014570 
0.087130 0.033470 0.046870 0.049530 0.039770 
0.088610 0.033620 0.036890 0.080480 0.085360 
0.014750 0.040430 0.050680 0.038260 0.040900 
0.069580 0.058540 0.064720 0.010490 0.029920 
65
0.479817 0.014473 0.046210 
0.462778 0.970428 0.462022 
0.057405 0.015099 0.491768 
0.047178 0.005141 0.044891 0.070743 0.011667 
0.035847 0.019258 0.018732 0.370575 0.033303 
0.010326 0.037008 0.028769 0.046857 0.090542 
0.045002 0.039058 0.026043 0.004705 0.014354 
0.087130 0.033470 0.046870 0.049530 0.039770 
0.088610 0.033620 0.036890 0.080480 0.085360 
0.014750 0.040430 0.050680 0.038260 0.040900 
0.069580 0.058540 0.064720 0.010490 0.029920 
66
0.479817 0.014473 0.046210 
0.462778 0.970428 0.462022 
0.057405 0.015099 0.491768 
0.050943 0.002954 0.102217 0.463674 0.011934 
0.033005 0.012411 0.013526 0.045420 0.027036 
0.008206 0.025160 0.019158 0.041476 0.031837 
0.039151 0.031135 0.021658 0.005169 0.013930 
0.087130 0.033470 0.046870 0.049530 0.039770 
0.088610 0.033620 0.036890 0.080480 0.085360 
0.014750 0.040430 0.050680 0.038260 0.040900 
0.069580 0.058540 0.064720 0.010490 0.029920 
67
0.479817 0.014473 0.046210 
0.462778 0.970428 0.462022 
0.057405 0.015099 0.491768 
0.079639 0.004421 0.052055 0.058424 0.016784 
0.037500 0.017669 0.027744 0.107125 0.047181 
0.013871 0.034396 0.024802 0.040588 0.274971 
0.051946 0.046240 0.035034 0.008128 0.021480 
0.087130 0.033470 0.046870 0.049530 0.039770 
0.088610 0.033620 0.036890 0.080480 0.085360 
0.014750 0.040430 0.050680 0.038260 0.040900 
0.069580 0.058540 0.064720 0.010490 0.029920 
68
0.479817 0.014473 0.046210 
0.462778 0.970428 0.462022 
0.057405 0.015099 0.491768 
0.059642 0.004047 0.044160 0.057589 0.013620 
0.060695 0.016803 0.020557 0.365921 0.036416 
0.010766 0.034177 0.024572 0.040110 0.060547 
0.051448 0.046022 0.028595 0.006563 0.017749 
0.087130 0.033470 0.046870 0.049530 0.039770 
0.088610 0.033620 0.036890 0.080480 0.085360 
0.014750 0.040430 0.050680 0.038260 0.040900 
0.069580 0.058540 0.064720 0.010490 0.029920 
69
0.479817 0.014473 0.046210 
0.462778 0.970428 0.462022 
0.057405 0.015099 0.491768 
0.048710 0.008863 0.007526 0.008968 0.041391 
0.013825 0.006488 0.079949 0.009432 0.549648 
0.023740 0.007980 0.009252 0.008908 0.010092 
0.012958 0.026079 0.099773 0.007772 0.018644 
0.087130 0.033470 0.046870 0.049530 0.039770 
0.088610 0.033620 0.036890 0.080480 0.085360 
0.014750 0.040430 0.050680 0.038260 0.040900 
0.069580 0.058540 0.064720 0.010490 0.029920 
70
0.479817 0.014473 0.046210 
0.462778 0.970428 0.462022 
0.057405 0.015099 0.491768 
0.033906 0.005479 0.019366 0.022432 0.064478 
0.034745 0.017511 0.022844 0.028697 0.039705 
0.010351 0.017701 0.014388 0.017379 0.022550 
0.026613 0.025177 0.033930 0.016245 0.526503 
0.087130 0.033470 0.046870 0.049530 0.039770 
0.088610 0.033620 0.036890 0.080480 0.085360 
0.014750 0.040430 0.050680 0.038260 0.040900 
0.069580 0.058540 0.064720 0.010490 0.029920 
71
0.479817 0.014473 0.046210 
0.462778 0.970428 0.462022 
0.057405 0.020080 0.486528 
0.495570 0.009694 0.025102 0.028918 0.020296 
0.045145 0.011357 0.029060 0.027867 0.046580 
0.013045 0.020090 0.018031 0.020305 0.024002 
0.061712 0.031655 0.046547 0.006514 0.018510 
0.087129 0.033470 0.046870 0.049530 0.039770 
0.088609 0.033620 0.036898 0.080479 0.085359 
0.014750 0.040430 0.050680 0.038260 0.040900 
0.069579 0.058539 0.064719 0.010490 0.029920 
72
0.479817 0.014473 0.045718 
0.462778 0.965447 0.467754 
0.057405 0.015099 0.491768 
0.044434 0.011558 0.007501 0.007408 0.034946 
0.014649 0.006357 0.363001 0.010008 0.095709 
0.018892 0.007202 0.010934 0.007236 0.009401 
0.014629 0.025715 0.284741 0.006547 0.019131 
0.087130 0.033470 0.046870 0.049530 0.039770 
0.088610 0.033620 0.036890 0.080480 0.085360 
0.014750 0.040430 0.050680 0.038260 0.040900 
0.069580 0.058540 0.064720 0.010490 0.029920 
73
0.479817 0.014473 0.046210 
0.462778 0.970428 0.462022 
0.057405 0.015099 0.491768 
0.076930 0.013114 0.027102 0.025788 0.120910 
0.051083 0.021140 0.132572 0.028603 0.125936 
0.028132 0.025030 0.021904 0.021766 0.031833 
0.034071 0.037792 0.114187 0.016214 0.045892 
0.087130 0.033470 0.046870 0.049530 0.039770 
0.088610 0.033620 0.036890 0.080480 0.085360 
0.014750 0.040430 0.050680 0.038260 0.040900 
0.069580 0.058540 0.064720 0.010490 0.029920 
74
0.479817 0.014473 0.046210 
0.462778 0.970428 0.462022 
0.057405 0.015099 0.491768 
0.050722 0.003419 0.411672 0.076070 0.011380 
0.040489 0.014123 0.016361 0.043918 0.025345 
0.007952 0.086332 0.020789 0.030140 0.028633 
0.057187 0.036097 0.022780 0.003918 0.012673 
0.087130 0.033470 0.046870 0.049530 0.039770 
0.088610 0.033620 0.036890 0.080480 0.085360 
0.014750 0.040430 0.050680 0.038260 0.040900 
0.069580 0.058540 0.064720 0.010490 0.029920 
75
0.479817 0.014473 0.046210 
0.462778 0.970428 0.462022 
0.057405 0.015099 0.491768 
0.424660 0.011474 0.026623 0.032129 0.025400 
0.049935 0.012236 0.034160 0.030694 0.053876 
0.015317 0.021671 0.018935 0.022740 0.026376 
0.068216 0.042322 0.054934 0.007288 0.021013 
0.087130 0.033470 0.046870 0.049530 0.039770 
0.088610 0.033620 0.036890 0.080480 0.085360 
0.014750 0.040430 0.050680 0.038260 0.040900 
0.069580 0.058540 0.064720 0.010490 0.029920 
76
0.479817 0.014473 0.046210 
0.462778 0.970428 0.462022 
0.057405 0.015099 0.491768 
0.067486 0.013483 0.015137 0.014948 0.106510 
0.032176 0.013963 0.143386 0.016219 0.132424 
0.028049 0.014480 0.016345 0.013703 0.017467 
0.023591 0.032665 0.253576 0.011576 0.032815 
0.087130 0.033470 0.046870 0.049530 0.039770 
0.088610 0.033620 0.036890 0.080480 0.085360 
0.014750 0.040430 0.050680 0.038260 0.040900 
0.069580 0.058540 0.064720 0.010490 0.029920 
77
0.479817 0.014473 0.046210 
0.462778 0.970428 0.462022 
0.057405 0.015099 0.491768 
0.179620 0.009422 0.045342 0.053273 0.024750 
0.058283 0.017371 0.032872 0.045195 0.050882 
0.014705 0.042569 0.029784 0.041589 0.035280 
0.170099 0.056855 0.058434 0.009070 0.024606 
0.087130 0.033470 0.046870 0.049530 0.039770 
0.088610 0.033620 0.036890 0.080480 0.085360 
0.014750 0.040430 0.050680 0.038260 0.040900 
0.069580 0.058540 0.064720 0.010490 0.029920 
78
0.479817 0.014473 0.046210 
0.462778 0.970428 0.462022 
0.057405 0.015099 0.491768 
0.060114 0.004766 0.047250 0.061556 0.015968 
0.038419 0.018218 0.022654 0.063505 0.039964 
0.011989 0.039491 0.025238 0.313173 0.091426 
0.045271 0.041695 0.031847 0.007435 0.020021 
0.087130 0.033470 0.046870 0.049530 0.039770 
0.088610 0.033620 0.036890 0.080480 0.085360 
0.014750 0.040430 0.050680 0.038260 0.040900 
0.069580 0.058540 0.064720 0.010490 0.029920 
79
0.479817 0.014473 0.046210 
0.462778 0.970428 0.462022 
0.057405 0.015099 0.491768 
0.062767 0.006345 0.070213 0.045546 0.018410 
0.064155 0.019238 0.020141 0.046002 0.034647 
0.010544 0.289422 0.029568 0.030968 0.035903 
0.114077 0.045179 0.028498 0.007860 0.020519 
0.087130 0.033470 0.046870 0.049530 0.039770 
0.088610 0.033620 0.036890 0.080480 0.085360 
0.014750 0.040430 0.050680 0.038260 0.040900 
0.069580 0.058540 0.064720 0.010490 0.029920 
80
0.479817 0.014473 0.046210 
0.462778 0.970428 0.462022 
0.057405 0.079896 0.431339 
0.062748 0.006093 0.073462 0.048555 0.018236 
0.081967 0.019970 0.020169 0.057587 0.035151 
0.010876 0.289097 0.029964 0.033411 0.039332 
0.074021 0.042534 0.028032 0.008009 0.020786 
0.087141 0.033466 0.046865 0.049524 0.039765 
0.088693 0.033616 0.036886 0.080471 0.085350 
0.014748 0.040425 0.050674 0.038256 0.040895 
0.069572 0.058533 0.064713 0.010489 0.029917 
81
0.479817 0.014473 0.040532 
0.462778 0.905630 0.528129 
0.057405 0.015099 0.491768 
0.087830 0.007222 0.052573 0.063986 0.026961 
0.060391 0.040925 0.036950 0.061926 0.074224 
0.017448 0.039178 0.026892 0.172820 0.048279 
0.050057 0.048959 0.044380 0.010666 0.028335 
0.087130 0.033470 0.046870 0.049530 0.039770 
0.088610 0.033620 0.036890 0.080480 0.085360 
0.014750 0.040430 0.050680 0.038260 0.040900 
0.069580 0.058540 0.064720 0.010490 0.029920 
82
0.479817 0.014473 0.046210 
0.462778 0.970428 0.462022 
0.057405 0.015099 0.491768 
0.072740 0.011742 0.019218 0.021080 0.056440 
0.030473 0.015061 0.077816 0.022900 0.262102 
0.139209 0.017596 0.013851 0.023165 0.024810 
0.023639 0.030703 0.082263 0.012324 0.042868 
0.087130 0.033470 0.046870 0.049530 0.039770 
0.088610 0.033620 0.036890 0.080480 0.085360 
0.014750 0.040430 0.050680 0.038260 0.040900 
0.069580 0.058540 0.064720 0.010490 0.029920 
83
0.479817 0.014473 0.046210 
0.462778 0.970428 0.462022 
0.057405 0.015099 0.491768 
0.063973 0.005718 0.094308 0.082136 0.019470 
0.081617 0.020958 0.023893 0.107891 0.040557 
0.011882 0.158921 0.031996 0.037952 0.043063 
0.064518 0.051523 0.029860 0.008316 0.021449 
0.087130 0.033470 0.046870 0.049530 0.039770 
0.088610 0.033620 0.036890 0.080480 0.085360 
0.014750 0.040430 0.050680 0.038260 0.040900 
