{{N1152} {name {N1152} dist 0 subfamily 0 my_cost 0.884549 node_weight 3 sam_hmm {
%  SAM: modelfromalign v3.5 (July 15, 2005) compiled 12/05/20_11:48:22
%  (c) 1992-2001 Regents of the University of California, Santa Cruz
%
%          Sequence Alignment and Modeling Software System
%         http://www.cse.ucsc.edu/research/compbio/sam.html
%
% ----------------- Citations (SAM, SAM-T2K, HMMs) --------------------
% R. Hughey, A. Krogh, Hidden Markov models for sequence analysis:
%  Extension and analysis of the basic method, CABIOS 12:95-107, 1996.
% K. Karplus, et al., What is the value added by human intervention in protein
%  structure prediction, Proteins: Stucture, Function, Genetics 45(S5):86--91, 2001.
% A. Krogh et al., Hidden Markov models in computational biology:
%  Applications to protein modeling, JMB 235:1501-1531, Feb 1994.
% ---------------------------------------------------------------------
%  last   Host: gauntlet    Thu Feb 11 16:21:37 2021
%  dgpinheiro   Dir:  /data/GitHub/sfFinder/example/output/subfamily/TEST1/flowerpower/fp-workspace/final
% ---------------------------------------------------------------------
% Prior File:  Internal (Name: recode3.20comp) 
%   20 priors on 20 characters.
%  Alignment weights from internal calc.  Total (1.57) Max (0.00) Min (0.00)
%  Weights from alignment method 1 (karplus), b=0.500000, e=0.500000
MODEL --  Model from alignment file last.a2m
alphabet protein
FREQAVE
0.000000 0.000000 0.000000 
0.000000 0.000000 0.000000 
0.000000 0.000000 0.000000 
0.073366 0.015731 0.056938 0.066613 0.049655 
0.061768 0.028683 0.052055 0.058198 0.085039 
0.025996 0.041873 0.045380 0.042494 0.052400 
0.059160 0.053814 0.060939 0.022990 0.046909 
0.073366 0.015731 0.056938 0.066613 0.049655 
0.061768 0.028683 0.052055 0.058198 0.085039 
0.025996 0.041873 0.045380 0.042494 0.052400 
0.059160 0.053814 0.060939 0.022990 0.046909 
Begin
0.000000 0.000000 0.000000 
0.000000 0.000000 0.000000 
0.000000 0.102655 0.805442 
0.000000 0.000000 0.000000 0.000000 0.000000 
0.000000 0.000000 0.000000 0.000000 0.000000 
0.000000 0.000000 0.000000 0.000000 0.000000 
0.000000 0.000000 0.000000 0.000000 0.000000 
0.087135 0.033412 0.046877 0.049460 0.039687 
0.088502 0.033556 0.036842 0.080764 0.085459 
0.014906 0.040443 0.050641 0.038240 0.040935 
0.069509 0.058601 0.064641 0.010468 0.029922 
   1
0.000000 0.014473 0.062158 
0.000000 0.882872 0.132400 
0.042026 0.016442 0.491768 
0.073849 0.011341 0.055382 0.077859 0.031255 
0.050288 0.025736 0.049513 0.089142 0.078273 
0.026549 0.045530 0.043371 0.049018 0.065838 
0.064217 0.059435 0.061456 0.010921 0.031030 
0.087130 0.033470 0.046870 0.049530 0.039770 
0.088610 0.033620 0.036890 0.080480 0.085360 
0.014750 0.040430 0.050680 0.038260 0.040900 
0.069580 0.058540 0.064720 0.010490 0.029920 
   2
0.618666 0.015761 0.046210 
0.339307 0.967797 0.462022 
0.042048 0.016440 0.491768 
0.074739 0.010126 0.063498 0.084080 0.026698 
0.060192 0.025813 0.038238 0.088947 0.061874 
0.018736 0.050333 0.054556 0.049766 0.074188 
0.069149 0.060331 0.050480 0.009851 0.028406 
0.087130 0.033470 0.046870 0.049530 0.039770 
0.088610 0.033620 0.036890 0.080480 0.085360 
0.014750 0.040430 0.050680 0.038260 0.040900 
0.069580 0.058540 0.064720 0.010490 0.029920 
   3
0.617844 0.015758 0.046210 
0.340108 0.967802 0.462022 
0.042095 0.016433 0.491768 
0.075283 0.013325 0.039952 0.058160 0.039798 
0.039698 0.021959 0.079821 0.058221 0.137312 
0.030767 0.034545 0.039807 0.038387 0.050279 
0.053063 0.053742 0.090968 0.012015 0.032897 
0.087130 0.033470 0.046870 0.049530 0.039770 
0.088610 0.033620 0.036890 0.080480 0.085360 
0.014750 0.040430 0.050680 0.038260 0.040900 
0.069580 0.058540 0.064720 0.010490 0.029920 
   4
0.618547 0.015752 0.046210 
0.339357 0.967814 0.462022 
0.042095 0.016433 0.491768 
0.074470 0.011193 0.066467 0.075944 0.029588 
0.077857 0.027171 0.039441 0.070181 0.067469 
0.019285 0.061384 0.047580 0.045919 0.059332 
0.071320 0.060815 0.051646 0.010886 0.032052 
0.087130 0.033470 0.046870 0.049530 0.039770 
0.088610 0.033620 0.036890 0.080480 0.085360 
0.014750 0.040430 0.050680 0.038260 0.040900 
0.069580 0.058540 0.064720 0.010490 0.029920 
   5
0.618547 0.015752 0.046210 
0.339357 0.967814 0.462022 
0.042095 0.016433 0.491768 
0.077863 0.012022 0.054511 0.075319 0.033208 
0.050080 0.024899 0.051036 0.071051 0.092181 
0.023279 0.045847 0.049439 0.046073 0.060199 
0.064166 0.060179 0.064689 0.011180 0.032780 
0.087130 0.033470 0.046870 0.049530 0.039770 
0.088610 0.033620 0.036890 0.080480 0.085360 
0.014750 0.040430 0.050680 0.038260 0.040900 
0.069580 0.058540 0.064720 0.010490 0.029920 
   6
0.460775 0.015752 0.046210 
0.497129 0.967814 0.462022 
0.049981 0.015617 0.491768 
0.058386 0.006475 0.054328 0.086911 0.015776 
0.041800 0.024336 0.024485 0.210568 0.042774 
0.013576 0.046245 0.034638 0.057087 0.117180 
0.057665 0.049217 0.033500 0.006348 0.018703 
0.087130 0.033470 0.046870 0.049530 0.039770 
0.088610 0.033620 0.036890 0.080480 0.085360 
0.014750 0.040430 0.050680 0.038260 0.040900 
0.069580 0.058540 0.064720 0.010490 0.029920 
   7
0.547091 0.014970 0.046210 
0.402928 0.969413 0.462022 
0.049981 0.015617 0.491768 
0.061071 0.005471 0.158234 0.197128 0.012725 
0.048753 0.021745 0.017676 0.076203 0.030690 
0.010078 0.055198 0.037563 0.054882 0.052457 
0.064271 0.048034 0.026714 0.005377 0.015729 
0.087130 0.033470 0.046870 0.049530 0.039770 
0.088610 0.033620 0.036890 0.080480 0.085360 
0.014750 0.040430 0.050680 0.038260 0.040900 
0.069580 0.058540 0.064720 0.010490 0.029920 
   8
0.547091 0.014970 0.046210 
0.402928 0.969413 0.462022 
0.049981 0.015617 0.491768 
0.061652 0.007017 0.062463 0.087754 0.017622 
0.046438 0.025381 0.025751 0.131883 0.044357 
0.014203 0.059647 0.034406 0.055809 0.148140 
0.062829 0.052161 0.034942 0.007116 0.020431 
0.087130 0.033470 0.046870 0.049530 0.039770 
0.088610 0.033620 0.036890 0.080480 0.085360 
0.014750 0.040430 0.050680 0.038260 0.040900 
0.069580 0.058540 0.064720 0.010490 0.029920 
   9
0.547091 0.014970 0.046210 
0.402928 0.969413 0.462022 
0.049981 0.015617 0.491768 
0.047400 0.012881 0.026540 0.033000 0.094555 
0.030530 0.037167 0.042998 0.034163 0.073580 
0.021553 0.030200 0.022428 0.025489 0.034388 
0.040320 0.038620 0.050102 0.041444 0.262642 
0.087130 0.033470 0.046870 0.049530 0.039770 
0.088610 0.033620 0.036890 0.080480 0.085360 
0.014750 0.040430 0.050680 0.038260 0.040900 
0.069580 0.058540 0.064720 0.010490 0.029920 
  10
0.545869 0.014970 0.046210 
0.404150 0.969413 0.462022 
0.050042 0.015612 0.491768 
0.128421 0.010540 0.054607 0.072358 0.029903 
0.048537 0.026931 0.041887 0.067755 0.066054 
0.021013 0.051402 0.036645 0.054033 0.064150 
0.065952 0.061567 0.052470 0.011337 0.034436 
0.087130 0.033470 0.046870 0.049530 0.039770 
0.088610 0.033620 0.036890 0.080480 0.085360 
0.014750 0.040430 0.050680 0.038260 0.040900 
0.069580 0.058540 0.064720 0.010490 0.029920 
  11
0.546537 0.014965 0.046210 
0.403421 0.969423 0.462022 
0.050042 0.015612 0.491768 
0.100819 0.014983 0.035024 0.047561 0.046060 
0.036197 0.030729 0.065282 0.048986 0.111321 
0.040082 0.034847 0.031909 0.037529 0.048805 
0.058697 0.061044 0.081518 0.016623 0.051983 
0.087130 0.033470 0.046870 0.049530 0.039770 
0.088610 0.033620 0.036890 0.080480 0.085360 
0.014750 0.040430 0.050680 0.038260 0.040900 
0.069580 0.058540 0.064720 0.010490 0.029920 
  12
0.419517 0.014965 0.046210 
0.530441 0.969423 0.462022 
0.057323 0.015104 0.491768 
0.044455 0.011205 0.010878 0.018509 0.058837 
0.014660 0.012024 0.106477 0.020251 0.305508 
0.151696 0.013234 0.014974 0.016519 0.020894 
0.022294 0.030297 0.091027 0.010015 0.026245 
0.087130 0.033470 0.046870 0.049530 0.039770 
0.088610 0.033620 0.036890 0.080480 0.085360 
0.014750 0.040430 0.050680 0.038260 0.040900 
0.069580 0.058540 0.064720 0.010490 0.029920 
  13
0.480557 0.014478 0.046210 
0.462119 0.970418 0.462022 
0.057323 0.015104 0.491768 
0.071869 0.012127 0.037103 0.046142 0.019062 
0.036196 0.015673 0.036816 0.043555 0.047564 
0.015400 0.038240 0.028887 0.029446 0.035767 
0.097107 0.308899 0.055243 0.006471 0.018433 
0.087130 0.033470 0.046870 0.049530 0.039770 
0.088610 0.033620 0.036890 0.080480 0.085360 
0.014750 0.040430 0.050680 0.038260 0.040900 
0.069580 0.058540 0.064720 0.010490 0.029920 
  14
0.479840 0.014478 0.046210 
0.462837 0.970418 0.462022 
0.057365 0.015101 0.491768 
0.045612 0.006141 0.036219 0.057526 0.014729 
0.034310 0.022738 0.021754 0.110666 0.039227 
0.012177 0.035804 0.026789 0.046198 0.356252 
0.042586 0.039173 0.028279 0.006327 0.017493 
0.087130 0.033470 0.046870 0.049530 0.039770 
0.088610 0.033620 0.036890 0.080480 0.085360 
0.014750 0.040430 0.050680 0.038260 0.040900 
0.069580 0.058540 0.064720 0.010490 0.029920 
  15
0.480184 0.014476 0.046210 
0.462451 0.970423 0.462022 
0.057365 0.015101 0.491768 
0.053969 0.006511 0.186212 0.078275 0.011962 
0.184343 0.024750 0.011211 0.058025 0.022349 
0.007453 0.074783 0.037274 0.039773 0.043337 
0.073431 0.046897 0.017394 0.005627 0.016423 
0.087130 0.033470 0.046870 0.049530 0.039770 
0.088610 0.033620 0.036890 0.080480 0.085360 
0.014750 0.040430 0.050680 0.038260 0.040900 
0.069580 0.058540 0.064720 0.010490 0.029920 
  16
0.480184 0.014476 0.046210 
0.462451 0.970423 0.462022 
0.057365 0.015101 0.491768 
0.046022 0.011352 0.011234 0.019280 0.055125 
0.014698 0.011548 0.105468 0.020954 0.398326 
0.056559 0.013133 0.015071 0.016656 0.021031 
0.022198 0.032982 0.094208 0.009389 0.024767 
0.087130 0.033470 0.046870 0.049530 0.039770 
0.088610 0.033620 0.036890 0.080480 0.085360 
0.014750 0.040430 0.050680 0.038260 0.040900 
0.069580 0.058540 0.064720 0.010490 0.029920 
  17
0.479479 0.014476 0.046210 
0.463157 0.970423 0.462022 
0.057405 0.015099 0.491768 
0.083753 0.007068 0.131414 0.077201 0.014396 
0.173485 0.027878 0.014041 0.062553 0.027195 
0.009016 0.072295 0.039058 0.042353 0.047661 
0.076314 0.048035 0.020953 0.006567 0.018766 
0.087130 0.033470 0.046870 0.049530 0.039770 
0.088610 0.033620 0.036890 0.080480 0.085360 
0.014750 0.040430 0.050680 0.038260 0.040900 
0.069580 0.058540 0.064720 0.010490 0.029920 
  18
0.479817 0.014473 0.046210 
0.462778 0.970428 0.462022 
0.057405 0.015099 0.491768 
0.025558 0.007071 0.013035 0.016318 0.076525 
0.018347 0.015188 0.027496 0.016130 0.054706 
0.013442 0.013740 0.011838 0.012486 0.018905 
0.020383 0.019448 0.029243 0.520429 0.069710 
0.087130 0.033470 0.046870 0.049530 0.039770 
0.088610 0.033620 0.036890 0.080480 0.085360 
0.014750 0.040430 0.050680 0.038260 0.040900 
0.069580 0.058540 0.064720 0.010490 0.029920 
  19
0.479817 0.014473 0.046210 
0.462778 0.970428 0.462022 
0.057405 0.015099 0.491768 
0.058798 0.004501 0.134242 0.246691 0.010369 
0.041408 0.019418 0.016007 0.079014 0.027700 
0.009130 0.049036 0.032730 0.060394 0.052647 
0.059760 0.055821 0.024841 0.004411 0.013082 
0.087130 0.033470 0.046870 0.049530 0.039770 
0.088610 0.033620 0.036890 0.080480 0.085360 
0.014750 0.040430 0.050680 0.038260 0.040900 
0.069580 0.058540 0.064720 0.010490 0.029920 
  20
0.479817 0.014473 0.046210 
0.462778 0.970428 0.462022 
0.057405 0.015099 0.491768 
0.064523 0.012278 0.041400 0.049529 0.054574 
0.042886 0.026015 0.051200 0.048485 0.079254 
0.024499 0.041528 0.077204 0.036127 0.045364 
0.060039 0.130243 0.062112 0.013469 0.039271 
0.087130 0.033470 0.046870 0.049530 0.039770 
0.088610 0.033620 0.036890 0.080480 0.085360 
0.014750 0.040430 0.050680 0.038260 0.040900 
0.069580 0.058540 0.064720 0.010490 0.029920 
  21
0.479817 0.014473 0.046210 
0.462778 0.970428 0.462022 
0.057405 0.015099 0.491768 
0.063221 0.010297 0.049301 0.053093 0.015867 
0.043775 0.018159 0.023843 0.049139 0.035357 
0.012356 0.048504 0.031089 0.032948 0.038118 
0.201398 0.213444 0.036692 0.006087 0.017311 
0.087130 0.033470 0.046870 0.049530 0.039770 
0.088610 0.033620 0.036890 0.080480 0.085360 
0.014750 0.040430 0.050680 0.038260 0.040900 
0.069580 0.058540 0.064720 0.010490 0.029920 
  22
0.479817 0.014473 0.046210 
0.462778 0.970428 0.462022 
0.057405 0.015099 0.491768 
0.033041 0.010163 0.017541 0.020699 0.116338 
0.021084 0.031454 0.035846 0.021847 0.065418 
0.016585 0.020059 0.015267 0.015642 0.022253 
0.026502 0.024628 0.038495 0.034195 0.412945 
0.087130 0.033470 0.046870 0.049530 0.039770 
0.088610 0.033620 0.036890 0.080480 0.085360 
0.014750 0.040430 0.050680 0.038260 0.040900 
0.069580 0.058540 0.064720 0.010490 0.029920 
  23
0.479817 0.014473 0.046210 
0.462778 0.970428 0.462022 
0.057405 0.015099 0.491768 
0.074474 0.006458 0.061059 0.117331 0.016806 
0.036384 0.021640 0.026869 0.086955 0.044745 
0.014746 0.042483 0.032329 0.175261 0.066374 
0.057925 0.051112 0.041964 0.006622 0.018464 
0.087130 0.033470 0.046870 0.049530 0.039770 
0.088610 0.033620 0.036890 0.080480 0.085360 
0.014750 0.040430 0.050680 0.038260 0.040900 
0.069580 0.058540 0.064720 0.010490 0.029920 
  24
0.479817 0.014473 0.046210 
0.462778 0.970428 0.462022 
0.057405 0.015099 0.491768 
0.063411 0.006874 0.094626 0.082660 0.016295 
0.057778 0.025627 0.019867 0.092615 0.035333 
0.011289 0.059323 0.134288 0.047455 0.054658 
0.084029 0.059088 0.028227 0.006933 0.019625 
0.087130 0.033470 0.046870 0.049530 0.039770 
0.088610 0.033620 0.036890 0.080480 0.085360 
0.014750 0.040430 0.050680 0.038260 0.040900 
0.069580 0.058540 0.064720 0.010490 0.029920 
  25
0.479817 0.014473 0.046210 
0.462778 0.970428 0.462022 
0.057405 0.015099 0.491768 
0.064273 0.012281 0.032225 0.056678 0.039790 
0.032109 0.030384 0.058945 0.080207 0.089039 
0.098836 0.032853 0.030457 0.040233 0.074672 
0.050099 0.054556 0.069588 0.014309 0.038467 
0.087130 0.033470 0.046870 0.049530 0.039770 
0.088610 0.033620 0.036890 0.080480 0.085360 
0.014750 0.040430 0.050680 0.038260 0.040900 
0.069580 0.058540 0.064720 0.010490 0.029920 
  26
0.479817 0.014473 0.046210 
0.462778 0.970428 0.462022 
0.057405 0.015099 0.491768 
0.058931 0.004841 0.180051 0.166045 0.010457 
0.049567 0.021707 0.014037 0.104348 0.025620 
0.008488 0.057106 0.034874 0.054708 0.054146 
0.067367 0.046799 0.022294 0.004689 0.013925 
0.087130 0.033470 0.046870 0.049530 0.039770 
0.088610 0.033620 0.036890 0.080480 0.085360 
0.014750 0.040430 0.050680 0.038260 0.040900 
0.069580 0.058540 0.064720 0.010490 0.029920 
  27
0.479817 0.014473 0.046210 
0.462778 0.970428 0.462022 
0.057405 0.015099 0.491768 
0.067252 0.005092 0.134628 0.133124 0.011431 
0.048590 0.022145 0.016699 0.149632 0.029638 
0.009729 0.054465 0.035085 0.058642 0.060373 
0.066106 0.051315 0.026335 0.004994 0.014726 
0.087130 0.033470 0.046870 0.049530 0.039770 
0.088610 0.033620 0.036890 0.080480 0.085360 
0.014750 0.040430 0.050680 0.038260 0.040900 
0.069580 0.058540 0.064720 0.010490 0.029920 
  28
0.479817 0.014473 0.046210 
0.462778 0.970428 0.462022 
0.057405 0.015099 0.491768 
0.110665 0.019522 0.012502 0.022807 0.033058 
0.017554 0.011758 0.156629 0.022468 0.123028 
0.027619 0.014138 0.018559 0.017190 0.021788 
0.027335 0.050472 0.263083 0.007972 0.021855 
0.087130 0.033470 0.046870 0.049530 0.039770 
0.088610 0.033620 0.036890 0.080480 0.085360 
0.014750 0.040430 0.050680 0.038260 0.040900 
0.069580 0.058540 0.064720 0.010490 0.029920 
  29
0.479817 0.014473 0.046210 
0.462778 0.970428 0.462022 
0.057405 0.015099 0.491768 
0.038821 0.012119 0.016596 0.022605 0.287095 
0.020852 0.035300 0.045042 0.024306 0.081253 
0.021492 0.021543 0.016478 0.018277 0.025599 
0.029691 0.030463 0.048524 0.033197 0.170749 
0.087130 0.033470 0.046870 0.049530 0.039770 
0.088610 0.033620 0.036890 0.080480 0.085360 
0.014750 0.040430 0.050680 0.038260 0.040900 
0.069580 0.058540 0.064720 0.010490 0.029920 
  30
0.479817 0.014473 0.046210 
0.462778 0.970428 0.462022 
0.057405 0.015099 0.491768 
0.049014 0.004805 0.030842 0.036187 0.009771 
0.032395 0.010574 0.016674 0.033216 0.028656 
0.006293 0.020552 0.567144 0.019287 0.024569 
0.042676 0.028635 0.025645 0.003282 0.009784 
0.087130 0.033470 0.046870 0.049530 0.039770 
0.088610 0.033620 0.036890 0.080480 0.085360 
0.014750 0.040430 0.050680 0.038260 0.040900 
0.069580 0.058540 0.064720 0.010490 0.029920 
  31
0.479817 0.088601 0.046210 
0.462778 0.896300 0.462022 
0.043096 0.016308 0.491768 
0.068848 0.009824 0.075131 0.089596 0.027856 
0.056793 0.041664 0.035941 0.077155 0.058939 
0.018744 0.057327 0.043876 0.057411 0.063541 
0.071348 0.058574 0.046040 0.010695 0.030697 
0.087130 0.033470 0.046870 0.049530 0.039770 
0.088610 0.033620 0.036890 0.080480 0.085360 
0.014750 0.040430 0.050680 0.038260 0.040900 
0.069580 0.058540 0.064720 0.010490 0.029920 
  32
0.609479 0.029218 0.046210 
0.347425 0.954474 0.462022 
0.041347 0.016532 0.491768 
0.082188 0.013475 0.057580 0.073912 0.033124 
0.060636 0.024168 0.050771 0.065768 0.077766 
0.021534 0.045473 0.053527 0.042807 0.056268 
0.068477 0.062461 0.065866 0.011358 0.032840 
0.087130 0.033470 0.046870 0.049530 0.039770 
0.088610 0.033620 0.036890 0.080480 0.085360 
0.014750 0.040430 0.050680 0.038260 0.040900 
0.069580 0.058540 0.064720 0.010490 0.029920 
  33
0.386180 0.016358 0.046210 
0.572472 0.967110 0.462022 
0.054236 0.015299 0.491768 
0.053049 0.014311 0.021584 0.031487 0.105030 
0.026731 0.032027 0.056185 0.033346 0.100161 
0.031762 0.027126 0.023176 0.027143 0.035545 
0.039840 0.044104 0.064196 0.024888 0.208308 
0.087130 0.033470 0.046870 0.049530 0.039770 
0.088610 0.033620 0.036890 0.080480 0.085360 
0.014750 0.040430 0.050680 0.038260 0.040900 
0.069580 0.058540 0.064720 0.010490 0.029920 
  34
0.455302 0.014665 0.046210 
0.490462 0.970037 0.462022 
0.057286 0.015106 0.491768 
0.067699 0.005761 0.158130 0.169035 0.014819 
0.041247 0.020782 0.026193 0.080183 0.039097 
0.014169 0.047179 0.033119 0.055245 0.055588 
0.062130 0.052062 0.034675 0.005947 0.016940 
0.087130 0.033470 0.046870 0.049530 0.039770 
0.088610 0.033620 0.036890 0.080480 0.085360 
0.014750 0.040430 0.050680 0.038260 0.040900 
0.069580 0.058540 0.064720 0.010490 0.029920 
  35
0.478817 0.014480 0.046210 
0.463897 0.970414 0.462022 
0.057405 0.015099 0.491768 
0.067108 0.006156 0.076707 0.121301 0.015020 
0.052842 0.029050 0.021417 0.119989 0.036975 
0.012003 0.055222 0.034579 0.063002 0.104315 
0.069549 0.059360 0.031080 0.006302 0.018024 
0.087130 0.033470 0.046870 0.049530 0.039770 
0.088610 0.033620 0.036890 0.080480 0.085360 
0.014750 0.040430 0.050680 0.038260 0.040900 
0.069580 0.058540 0.064720 0.010490 0.029920 
  36
0.479817 0.014473 0.046210 
0.462778 0.970428 0.462022 
0.057405 0.015099 0.491768 
0.044209 0.012647 0.018046 0.025479 0.219129 
0.022509 0.036104 0.042120 0.026772 0.073800 
0.021583 0.023250 0.018123 0.020370 0.028754 
0.033535 0.034317 0.048528 0.029847 0.220880 
0.087130 0.033470 0.046870 0.049530 0.039770 
0.088610 0.033620 0.036890 0.080480 0.085360 
0.014750 0.040430 0.050680 0.038260 0.040900 
0.069580 0.058540 0.064720 0.010490 0.029920 
  37
0.479817 0.014473 0.046210 
0.462778 0.970428 0.462022 
0.057405 0.015099 0.491768 
0.058191 0.005145 0.097677 0.296668 0.013063 
0.038644 0.019274 0.018942 0.075805 0.032438 
0.011140 0.042663 0.033851 0.056969 0.052757 
0.054150 0.044203 0.028691 0.005023 0.014708 
0.087130 0.033470 0.046870 0.049530 0.039770 
0.088610 0.033620 0.036890 0.080480 0.085360 
0.014750 0.040430 0.050680 0.038260 0.040900 
0.069580 0.058540 0.064720 0.010490 0.029920 
  38
0.479817 0.014473 0.046210 
0.462778 0.970428 0.462022 
0.057405 0.015099 0.491768 
0.050263 0.005423 0.035913 0.025503 0.007164 
0.639421 0.010752 0.007412 0.025073 0.013440 
0.004557 0.034597 0.018995 0.015584 0.020036 
0.040974 0.020206 0.012572 0.003357 0.008758 
0.087130 0.033470 0.046870 0.049530 0.039770 
0.088610 0.033620 0.036890 0.080480 0.085360 
0.014750 0.040430 0.050680 0.038260 0.040900 
0.069580 0.058540 0.064720 0.010490 0.029920 
  39
0.479817 0.014473 0.046210 
0.462778 0.970428 0.462022 
0.057405 0.015099 0.491768 
0.045554 0.011648 0.008838 0.014447 0.041695 
0.011456 0.007912 0.365245 0.015818 0.155904 
0.029500 0.009555 0.013495 0.011511 0.015287 
0.017646 0.029949 0.167281 0.007212 0.020046 
0.087130 0.033470 0.046870 0.049530 0.039770 
0.088610 0.033620 0.036890 0.080480 0.085360 
0.014750 0.040430 0.050680 0.038260 0.040900 
0.069580 0.058540 0.064720 0.010490 0.029920 
  40
0.479817 0.014473 0.046210 
0.462778 0.970428 0.462022 
0.057405 0.015099 0.491768 
0.056597 0.006533 0.049575 0.083900 0.015714 
0.035752 0.023478 0.026336 0.248261 0.042876 
0.013525 0.042118 0.034874 0.054447 0.102013 
0.054179 0.047590 0.038069 0.006149 0.018014 
0.087130 0.033470 0.046870 0.049530 0.039770 
0.088610 0.033620 0.036890 0.080480 0.085360 
0.014750 0.040430 0.050680 0.038260 0.040900 
0.069580 0.058540 0.064720 0.010490 0.029920 
  41
0.479817 0.014473 0.046210 
0.462778 0.970428 0.462022 
0.057405 0.015099 0.491768 
0.069250 0.016380 0.012391 0.021885 0.042686 
0.017445 0.011916 0.276285 0.022517 0.158630 
0.036293 0.014102 0.018018 0.017164 0.022156 
0.026236 0.043690 0.140075 0.008841 0.024040 
0.087130 0.033470 0.046870 0.049530 0.039770 
0.088610 0.033620 0.036890 0.080480 0.085360 
0.014750 0.040430 0.050680 0.038260 0.040900 
0.069580 0.058540 0.064720 0.010490 0.029920 
  42
0.479817 0.014473 0.046210 
0.462778 0.970428 0.462022 
0.057405 0.015099 0.491768 
0.060227 0.009586 0.057604 0.069160 0.026904 
0.050398 0.114645 0.033547 0.064308 0.054946 
0.017682 0.052002 0.035528 0.043155 0.054518 
0.066709 0.106675 0.042698 0.010334 0.029376 
0.087130 0.033470 0.046870 0.049530 0.039770 
0.088610 0.033620 0.036890 0.080480 0.085360 
0.014750 0.040430 0.050680 0.038260 0.040900 
0.069580 0.058540 0.064720 0.010490 0.029920 
  43
0.479817 0.014473 0.046210 
0.462778 0.970428 0.462022 
0.057405 0.015099 0.491768 
0.049362 0.005443 0.323257 0.115649 0.010109 
0.053968 0.020124 0.012457 0.056223 0.021609 
0.007120 0.072889 0.033873 0.040777 0.037412 
0.061892 0.041524 0.018123 0.004470 0.013719 
0.087130 0.033470 0.046870 0.049530 0.039770 
0.088610 0.033620 0.036890 0.080480 0.085360 
0.014750 0.040430 0.050680 0.038260 0.040900 
0.069580 0.058540 0.064720 0.010490 0.029920 
  44
0.479817 0.014473 0.046210 
0.462778 0.970428 0.462022 
0.057405 0.015099 0.491768 
0.020296 0.005023 0.010400 0.013068 0.069556 
0.015413 0.012236 0.022065 0.012728 0.046113 
0.010990 0.010764 0.009483 0.009650 0.016147 
0.016411 0.015493 0.023208 0.598913 0.062043 
0.087130 0.033470 0.046870 0.049530 0.039770 
0.088610 0.033620 0.036890 0.080480 0.085360 
0.014750 0.040430 0.050680 0.038260 0.040900 
0.069580 0.058540 0.064720 0.010490 0.029920 
  45
0.479817 0.014473 0.046210 
0.462778 0.970428 0.462022 
0.057405 0.015099 0.491768 
0.052879 0.006167 0.232716 0.103066 0.012156 
0.061429 0.024311 0.012952 0.062933 0.024866 
0.008134 0.077589 0.036688 0.044000 0.045275 
0.105395 0.047594 0.019577 0.005913 0.016359 
0.087130 0.033470 0.046870 0.049530 0.039770 
0.088610 0.033620 0.036890 0.080480 0.085360 
0.014750 0.040430 0.050680 0.038260 0.040900 
0.069580 0.058540 0.064720 0.010490 0.029920 
  46
0.479817 0.014473 0.046210 
0.462778 0.970428 0.462022 
0.057405 0.015099 0.491768 
0.064846 0.006016 0.059943 0.090870 0.014386 
0.050053 0.023222 0.021722 0.223551 0.037891 
0.012181 0.049164 0.033389 0.063276 0.085505 
0.060387 0.049769 0.030669 0.005927 0.017233 
0.087130 0.033470 0.046870 0.049530 0.039770 
0.088610 0.033620 0.036890 0.080480 0.085360 
0.014750 0.040430 0.050680 0.038260 0.040900 
0.069580 0.058540 0.064720 0.010490 0.029920 
  47
0.479817 0.014473 0.046210 
0.462778 0.970428 0.462022 
0.057405 0.015099 0.491768 
0.021081 0.005554 0.009677 0.012901 0.088168 
0.013158 0.013905 0.024985 0.012833 0.051413 
0.012402 0.010907 0.009516 0.009816 0.016216 
0.016801 0.016424 0.026023 0.551851 0.076369 
0.087130 0.033470 0.046870 0.049530 0.039770 
0.088610 0.033620 0.036890 0.080480 0.085360 
0.014750 0.040430 0.050680 0.038260 0.040900 
0.069580 0.058540 0.064720 0.010490 0.029920 
  48
0.479817 0.014473 0.046210 
0.462778 0.970428 0.462022 
0.057405 0.015099 0.491768 
0.062562 0.005389 0.079703 0.245997 0.014589 
0.030811 0.018261 0.025964 0.086654 0.041265 
0.013343 0.038456 0.031498 0.065894 0.059248 
0.053918 0.049264 0.055785 0.005557 0.015842 
0.087130 0.033470 0.046870 0.049530 0.039770 
0.088610 0.033620 0.036890 0.080480 0.085360 
0.014750 0.040430 0.050680 0.038260 0.040900 
0.069580 0.058540 0.064720 0.010490 0.029920 
  49
0.479817 0.014473 0.046210 
0.462778 0.970428 0.462022 
0.057405 0.015099 0.491768 
0.044900 0.005092 0.359501 0.120593 0.009171 
0.050940 0.018720 0.010931 0.050842 0.019651 
0.006486 0.069695 0.032177 0.038646 0.033973 
0.057991 0.037423 0.016556 0.004096 0.012615 
0.087130 0.033470 0.046870 0.049530 0.039770 
0.088610 0.033620 0.036890 0.080480 0.085360 
0.014750 0.040430 0.050680 0.038260 0.040900 
0.069580 0.058540 0.064720 0.010490 0.029920 
  50
0.479817 0.014473 0.046210 
0.462778 0.970428 0.462022 
0.057405 0.015099 0.491768 
0.048959 0.004972 0.030176 0.035279 0.010477 
0.032138 0.010850 0.016957 0.032009 0.029097 
0.006296 0.019994 0.571404 0.018760 0.023530 
0.041662 0.028172 0.025898 0.003392 0.009976 
0.087130 0.033470 0.046870 0.049530 0.039770 
0.088610 0.033620 0.036890 0.080480 0.085360 
0.014750 0.040430 0.050680 0.038260 0.040900 
0.069580 0.058540 0.064720 0.010490 0.029920 
  51
0.479817 0.014473 0.046210 
0.462778 0.970428 0.462022 
0.057405 0.015099 0.491768 
0.030873 0.009271 0.010870 0.014737 0.403711 
0.014407 0.019158 0.054640 0.015255 0.109997 
0.023793 0.013088 0.012988 0.012100 0.016357 
0.020303 0.021201 0.051246 0.034109 0.111895 
0.087130 0.033470 0.046870 0.049530 0.039770 
0.088610 0.033620 0.036890 0.080480 0.085360 
0.014750 0.040430 0.050680 0.038260 0.040900 
0.069580 0.058540 0.064720 0.010490 0.029920 
  52
0.479817 0.014473 0.046210 
0.462778 0.970428 0.462022 
0.057405 0.015099 0.491768 
0.047133 0.006119 0.037951 0.061336 0.014381 
0.035034 0.023345 0.021910 0.124977 0.039994 
0.012559 0.037844 0.027829 0.049608 0.323700 
0.044408 0.039873 0.028578 0.005928 0.017494 
0.087130 0.033470 0.046870 0.049530 0.039770 
0.088610 0.033620 0.036890 0.080480 0.085360 
0.014750 0.040430 0.050680 0.038260 0.040900 
0.069580 0.058540 0.064720 0.010490 0.029920 
  53
0.479817 0.014473 0.046210 
0.462778 0.970428 0.462022 
0.057405 0.015099 0.491768 
0.045574 0.011278 0.011456 0.019738 0.054569 
0.014918 0.012018 0.104698 0.021515 0.393989 
0.061843 0.013524 0.015349 0.017948 0.021730 
0.022710 0.031590 0.091451 0.009407 0.024696 
0.087130 0.033470 0.046870 0.049530 0.039770 
0.088610 0.033620 0.036890 0.080480 0.085360 
0.014750 0.040430 0.050680 0.038260 0.040900 
0.069580 0.058540 0.064720 0.010490 0.029920 
  54
0.479817 0.014473 0.046210 
0.462778 0.970428 0.462022 
0.057405 0.015099 0.491768 
0.064510 0.011794 0.038357 0.044104 0.017338 
0.036461 0.015298 0.032592 0.041683 0.041960 
0.013390 0.039646 0.028766 0.028023 0.034080 
0.104361 0.334688 0.049613 0.006073 0.017264 
0.087130 0.033470 0.046870 0.049530 0.039770 
0.088610 0.033620 0.036890 0.080480 0.085360 
0.014750 0.040430 0.050680 0.038260 0.040900 
0.069580 0.058540 0.064720 0.010490 0.029920 
  55
0.479817 0.014473 0.046210 
0.462778 0.970428 0.462022 
0.057405 0.015099 0.491768 
0.052233 0.011649 0.017286 0.027673 0.059145 
0.021489 0.016194 0.084581 0.028745 0.163935 
0.224050 0.018734 0.019065 0.023522 0.029060 
0.031026 0.035867 0.082253 0.013461 0.040032 
0.087130 0.033470 0.046870 0.049530 0.039770 
0.088610 0.033620 0.036890 0.080480 0.085360 
0.014750 0.040430 0.050680 0.038260 0.040900 
0.069580 0.058540 0.064720 0.010490 0.029920 
  56
0.479817 0.014473 0.046210 
0.462778 0.970428 0.462022 
0.057405 0.015099 0.491768 
0.049054 0.005350 0.315674 0.120368 0.010186 
0.053656 0.020214 0.012103 0.056347 0.021810 
0.007159 0.067955 0.039089 0.041800 0.040056 
0.061811 0.040800 0.018310 0.004527 0.013730 
0.087130 0.033470 0.046870 0.049530 0.039770 
0.088610 0.033620 0.036890 0.080480 0.085360 
0.014750 0.040430 0.050680 0.038260 0.040900 
0.069580 0.058540 0.064720 0.010490 0.029920 
  57
0.479817 0.014473 0.046210 
0.462778 0.970428 0.462022 
0.057405 0.015099 0.491768 
0.253654 0.013248 0.046277 0.065230 0.019565 
0.056249 0.018712 0.030035 0.053021 0.046197 
0.015204 0.039378 0.034633 0.036427 0.041652 
0.091166 0.064947 0.047259 0.007142 0.020006 
0.087130 0.033470 0.046870 0.049530 0.039770 
0.088610 0.033620 0.036890 0.080480 0.085360 
0.014750 0.040430 0.050680 0.038260 0.040900 
0.069580 0.058540 0.064720 0.010490 0.029920 
  58
0.479817 0.014473 0.046210 
0.462778 0.970428 0.462022 
0.057405 0.015099 0.491768 
0.028827 0.008871 0.015986 0.018441 0.101567 
0.018849 0.028143 0.030091 0.019221 0.056298 
0.014314 0.017937 0.013214 0.013857 0.019698 
0.023294 0.021437 0.033011 0.030404 0.486539 
0.087130 0.033470 0.046870 0.049530 0.039770 
0.088610 0.033620 0.036890 0.080480 0.085360 
0.014750 0.040430 0.050680 0.038260 0.040900 
0.069580 0.058540 0.064720 0.010490 0.029920 
  59
0.479817 0.014473 0.046210 
0.462778 0.970428 0.462022 
0.057405 0.015099 0.491768 
0.029612 0.007227 0.013953 0.018293 0.080131 
0.018454 0.015917 0.033681 0.018230 0.063831 
0.015797 0.014866 0.013705 0.014138 0.020704 
0.022810 0.022576 0.042329 0.463953 0.069793 
0.087130 0.033470 0.046870 0.049530 0.039770 
0.088610 0.033620 0.036890 0.080480 0.085360 
0.014750 0.040430 0.050680 0.038260 0.040900 
0.069580 0.058540 0.064720 0.010490 0.029920 
  60
0.479817 0.014473 0.046210 
0.462778 0.970428 0.462022 
0.057405 0.015099 0.491768 
0.053744 0.005663 0.050556 0.082025 0.013190 
0.038096 0.022956 0.020938 0.283124 0.037282 
0.012150 0.042250 0.031772 0.054098 0.102812 
0.053437 0.044999 0.029294 0.005314 0.016300 
0.087130 0.033470 0.046870 0.049530 0.039770 
0.088610 0.033620 0.036890 0.080480 0.085360 
0.014750 0.040430 0.050680 0.038260 0.040900 
0.069580 0.058540 0.064720 0.010490 0.029920 
  61
0.479817 0.014473 0.046210 
0.462778 0.970428 0.462022 
0.057405 0.015099 0.491768 
0.039398 0.012374 0.017737 0.023860 0.127354 
0.021827 0.037504 0.042189 0.025678 0.068663 
0.019626 0.023815 0.017144 0.019013 0.026874 
0.031261 0.031601 0.046915 0.030955 0.336212 
0.087130 0.033470 0.046870 0.049530 0.039770 
0.088610 0.033620 0.036890 0.080480 0.085360 
0.014750 0.040430 0.050680 0.038260 0.040900 
0.069580 0.058540 0.064720 0.010490 0.029920 
  62
0.479817 0.014473 0.046210 
0.462778 0.970428 0.462022 
0.057405 0.015099 0.491768 
0.050388 0.006327 0.051631 0.081530 0.014870 
0.036225 0.023644 0.020697 0.070408 0.038295 
0.012994 0.036768 0.027823 0.331891 0.058116 
0.046278 0.040119 0.029227 0.005984 0.016783 
0.087130 0.033470 0.046870 0.049530 0.039770 
0.088610 0.033620 0.036890 0.080480 0.085360 
0.014750 0.040430 0.050680 0.038260 0.040900 
0.069580 0.058540 0.064720 0.010490 0.029920 
  63
0.479817 0.014473 0.046210 
0.462778 0.970428 0.462022 
0.057405 0.015099 0.491768 
0.209228 0.013581 0.048877 0.050629 0.017021 
0.170248 0.019869 0.020690 0.045833 0.035985 
0.012409 0.043982 0.034301 0.031520 0.040551 
0.096551 0.047156 0.036370 0.006603 0.018596 
0.087130 0.033470 0.046870 0.049530 0.039770 
0.088610 0.033620 0.036890 0.080480 0.085360 
0.014750 0.040430 0.050680 0.038260 0.040900 
0.069580 0.058540 0.064720 0.010490 0.029920 
  64
0.479817 0.014473 0.046210 
0.462778 0.970428 0.462022 
0.057405 0.015099 0.491768 
0.057454 0.004815 0.104951 0.311767 0.011045 
0.038851 0.018061 0.017468 0.073936 0.029734 
0.009891 0.041933 0.034065 0.055228 0.050317 
0.052554 0.043157 0.026777 0.004591 0.013404 
0.087130 0.033470 0.046870 0.049530 0.039770 
0.088610 0.033620 0.036890 0.080480 0.085360 
0.014750 0.040430 0.050680 0.038260 0.040900 
0.069580 0.058540 0.064720 0.010490 0.029920 
  65
0.479817 0.014473 0.046210 
0.462778 0.970428 0.462022 
0.057405 0.015099 0.491768 
0.047178 0.005141 0.044891 0.070743 0.011667 
0.035847 0.019258 0.018732 0.370575 0.033303 
0.010326 0.037008 0.028769 0.046857 0.090542 
0.045002 0.039058 0.026043 0.004705 0.014354 
0.087130 0.033470 0.046870 0.049530 0.039770 
0.088610 0.033620 0.036890 0.080480 0.085360 
0.014750 0.040430 0.050680 0.038260 0.040900 
0.069580 0.058540 0.064720 0.010490 0.029920 
  66
0.479817 0.014473 0.046210 
0.462778 0.970428 0.462022 
0.057405 0.015099 0.491768 
0.055215 0.004337 0.112158 0.327832 0.010156 
0.037015 0.017245 0.016160 0.072210 0.027515 
0.009155 0.041716 0.032808 0.053791 0.048270 
0.051484 0.041441 0.024875 0.004168 0.012448 
0.087130 0.033470 0.046870 0.049530 0.039770 
0.088610 0.033620 0.036890 0.080480 0.085360 
0.014750 0.040430 0.050680 0.038260 0.040900 
0.069580 0.058540 0.064720 0.010490 0.029920 
  67
0.479817 0.014473 0.046210 
0.462778 0.970428 0.462022 
0.057405 0.015099 0.491768 
0.054191 0.005294 0.046182 0.080051 0.011969 
0.033810 0.022533 0.020444 0.236779 0.036869 
0.011656 0.041083 0.027976 0.055703 0.172641 
0.050785 0.043859 0.028322 0.004893 0.014961 
0.087130 0.033470 0.046870 0.049530 0.039770 
0.088610 0.033620 0.036890 0.080480 0.085360 
0.014750 0.040430 0.050680 0.038260 0.040900 
0.069580 0.058540 0.064720 0.010490 0.029920 
  68
0.479817 0.014473 0.046210 
0.462778 0.970428 0.462022 
0.057405 0.015099 0.491768 
0.054430 0.005903 0.053137 0.080042 0.013289 
0.047568 0.022314 0.020580 0.276900 0.036569 
0.011540 0.044193 0.033704 0.052171 0.097392 
0.054060 0.045514 0.028894 0.005405 0.016394 
0.087130 0.033470 0.046870 0.049530 0.039770 
0.088610 0.033620 0.036890 0.080480 0.085360 
0.014750 0.040430 0.050680 0.038260 0.040900 
0.069580 0.058540 0.064720 0.010490 0.029920 
  69
0.479817 0.014473 0.046210 
0.462778 0.970428 0.462022 
0.057405 0.015099 0.491768 
0.049152 0.011361 0.011163 0.018358 0.060059 
0.014875 0.010712 0.099461 0.020027 0.422361 
0.044121 0.012557 0.016371 0.015439 0.019803 
0.021396 0.028691 0.088570 0.009711 0.025812 
0.087130 0.033470 0.046870 0.049530 0.039770 
0.088610 0.033620 0.036890 0.080480 0.085360 
0.014750 0.040430 0.050680 0.038260 0.040900 
0.069580 0.058540 0.064720 0.010490 0.029920 
  70
0.479817 0.014473 0.046210 
0.462778 0.970428 0.462022 
0.057405 0.015099 0.491768 
0.039378 0.011642 0.022727 0.026574 0.099133 
0.027953 0.035619 0.033136 0.028543 0.058861 
0.016597 0.025464 0.018478 0.019830 0.027995 
0.032834 0.030117 0.039356 0.033669 0.372096 
0.087130 0.033470 0.046870 0.049530 0.039770 
0.088610 0.033620 0.036890 0.080480 0.085360 
0.014750 0.040430 0.050680 0.038260 0.040900 
0.069580 0.058540 0.064720 0.010490 0.029920 
  71
0.479817 0.014473 0.046210 
0.462778 0.970428 0.462022 
0.057405 0.020080 0.486528 
0.382444 0.018520 0.029546 0.039409 0.016820 
0.070811 0.012317 0.031397 0.033796 0.043696 
0.013817 0.023667 0.031085 0.023479 0.027231 
0.077165 0.046433 0.057714 0.005250 0.015402 
0.087129 0.033470 0.046870 0.049530 0.039770 
0.088609 0.033620 0.036898 0.080479 0.085359 
0.014750 0.040430 0.050680 0.038260 0.040900 
0.069579 0.058539 0.064719 0.010490 0.029920 
  72
0.479817 0.014473 0.045718 
0.462778 0.965447 0.467754 
0.057405 0.015099 0.491768 
0.049801 0.012871 0.007603 0.012986 0.035143 
0.010576 0.007452 0.309341 0.013997 0.141229 
0.027121 0.008763 0.011903 0.010608 0.013693 
0.016603 0.031911 0.254959 0.006138 0.017302 
0.087130 0.033470 0.046870 0.049530 0.039770 
0.088610 0.033620 0.036890 0.080480 0.085360 
0.014750 0.040430 0.050680 0.038260 0.040900 
0.069580 0.058540 0.064720 0.010490 0.029920 
  73
0.479817 0.014473 0.046210 
0.462778 0.970428 0.462022 
0.057405 0.015099 0.491768 
0.065399 0.014651 0.029901 0.037036 0.088570 
0.028580 0.024922 0.138489 0.041029 0.120547 
0.033792 0.026984 0.028156 0.031870 0.042471 
0.045359 0.054336 0.087105 0.016702 0.044103 
0.087130 0.033470 0.046870 0.049530 0.039770 
0.088610 0.033620 0.036890 0.080480 0.085360 
0.014750 0.040430 0.050680 0.038260 0.040900 
0.069580 0.058540 0.064720 0.010490 0.029920 
  74
0.479817 0.014473 0.046210 
0.462778 0.970428 0.462022 
0.057405 0.015099 0.491768 
0.054661 0.005167 0.266772 0.144695 0.010388 
0.052069 0.021081 0.012355 0.062111 0.022713 
0.007547 0.063385 0.035209 0.046108 0.042475 
0.073079 0.042587 0.019025 0.004665 0.013910 
0.087130 0.033470 0.046870 0.049530 0.039770 
0.088610 0.033620 0.036890 0.080480 0.085360 
0.014750 0.040430 0.050680 0.038260 0.040900 
0.069580 0.058540 0.064720 0.010490 0.029920 
  75
0.479817 0.014473 0.046210 
0.462778 0.970428 0.462022 
0.057405 0.015099 0.491768 
0.299004 0.016963 0.031998 0.040527 0.036280 
0.057302 0.017255 0.042369 0.036929 0.060135 
0.018343 0.029107 0.031011 0.026842 0.032294 
0.076297 0.049771 0.064921 0.008501 0.024151 
0.087130 0.033470 0.046870 0.049530 0.039770 
0.088610 0.033620 0.036890 0.080480 0.085360 
0.014750 0.040430 0.050680 0.038260 0.040900 
0.069580 0.058540 0.064720 0.010490 0.029920 
  76
0.479817 0.014473 0.046210 
0.462778 0.970428 0.462022 
0.057405 0.015099 0.491768 
0.049967 0.012723 0.018209 0.026846 0.231118 
0.022873 0.026601 0.070876 0.028609 0.129321 
0.031379 0.022021 0.020727 0.022543 0.030125 
0.033940 0.038489 0.082759 0.020160 0.080714 
0.087130 0.033470 0.046870 0.049530 0.039770 
0.088610 0.033620 0.036890 0.080480 0.085360 
0.014750 0.040430 0.050680 0.038260 0.040900 
0.069580 0.058540 0.064720 0.010490 0.029920 
  77
0.479817 0.014473 0.046210 
0.462778 0.970428 0.462022 
0.057405 0.015099 0.491768 
0.136091 0.008552 0.058281 0.084265 0.022085 
0.046613 0.023759 0.031425 0.072142 0.050908 
0.016387 0.054487 0.034219 0.072988 0.055337 
0.080857 0.076707 0.042766 0.008586 0.023547 
0.087130 0.033470 0.046870 0.049530 0.039770 
0.088610 0.033620 0.036890 0.080480 0.085360 
0.014750 0.040430 0.050680 0.038260 0.040900 
0.069580 0.058540 0.064720 0.010490 0.029920 
  78
0.479817 0.014473 0.046210 
0.462778 0.970428 0.462022 
0.057405 0.015099 0.491768 
0.057252 0.006619 0.061676 0.094545 0.015914 
0.042547 0.025065 0.022509 0.085438 0.040503 
0.013866 0.055507 0.031345 0.211445 0.072715 
0.057452 0.048359 0.031998 0.006599 0.018645 
0.087130 0.033470 0.046870 0.049530 0.039770 
0.088610 0.033620 0.036890 0.080480 0.085360 
0.014750 0.040430 0.050680 0.038260 0.040900 
0.069580 0.058540 0.064720 0.010490 0.029920 
  79
0.479817 0.014473 0.046210 
0.462778 0.970428 0.462022 
0.057405 0.015099 0.491768 
0.050875 0.007398 0.102795 0.063337 0.013885 
0.073162 0.023615 0.015205 0.056787 0.027059 
0.008885 0.261281 0.033841 0.036440 0.043659 
0.082428 0.053052 0.022060 0.005977 0.018259 
0.087130 0.033470 0.046870 0.049530 0.039770 
0.088610 0.033620 0.036890 0.080480 0.085360 
0.014750 0.040430 0.050680 0.038260 0.040900 
0.069580 0.058540 0.064720 0.010490 0.029920 
  80
0.479817 0.014473 0.046210 
0.462778 0.970428 0.462022 
0.057405 0.079896 0.431339 
0.053446 0.007232 0.092093 0.069635 0.014960 
0.086173 0.026704 0.015611 0.064498 0.029061 
0.009569 0.226501 0.036865 0.043094 0.050921 
0.074949 0.050364 0.022316 0.006604 0.019402 
0.087141 0.033466 0.046865 0.049524 0.039765 
0.088693 0.033616 0.036886 0.080471 0.085350 
0.014748 0.040425 0.050674 0.038256 0.040895 
0.069572 0.058533 0.064713 0.010489 0.029917 
  81
0.479817 0.014473 0.040532 
0.462778 0.905630 0.528129 
0.057405 0.015099 0.491768 
0.062542 0.011228 0.050170 0.056190 0.051225 
0.074694 0.059712 0.044091 0.054536 0.070493 
0.023373 0.048926 0.034595 0.091692 0.049504 
0.062910 0.054115 0.052519 0.012815 0.034669 
0.087130 0.033470 0.046870 0.049530 0.039770 
0.088610 0.033620 0.036890 0.080480 0.085360 
0.014750 0.040430 0.050680 0.038260 0.040900 
0.069580 0.058540 0.064720 0.010490 0.029920 
  82
0.479817 0.014473 0.046210 
0.462778 0.970428 0.462022 
0.057405 0.015099 0.491768 
0.063553 0.014258 0.023276 0.037167 0.065007 
0.029120 0.047035 0.070824 0.039172 0.188119 
0.047541 0.027648 0.027783 0.035850 0.042404 
0.045278 0.053465 0.079529 0.016852 0.046118 
0.087130 0.033470 0.046870 0.049530 0.039770 
0.088610 0.033620 0.036890 0.080480 0.085360 
0.014750 0.040430 0.050680 0.038260 0.040900 
0.069580 0.058540 0.064720 0.010490 0.029920 
  83
0.479817 0.014473 0.046210 
0.462778 0.970428 0.462022 
0.057405 0.015099 0.491768 
0.058729 0.007410 0.081896 0.078777 0.016385 
