%  SAM: modelfromalign v3.5 (July 15, 2005) compiled 12/05/20_11:48:22
%  (c) 1992-2001 Regents of the University of California, Santa Cruz
%
%          Sequence Alignment and Modeling Software System
%         http://www.cse.ucsc.edu/research/compbio/sam.html
%
% ----------------- Citations (SAM, SAM-T2K, HMMs) --------------------
% R. Hughey, A. Krogh, Hidden Markov models for sequence analysis:
%  Extension and analysis of the basic method, CABIOS 12:95-107, 1996.
% K. Karplus, et al., What is the value added by human intervention in protein
%  structure prediction, Proteins: Stucture, Function, Genetics 45(S5):86--91, 2001.
% A. Krogh et al., Hidden Markov models in computational biology:
%  Applications to protein modeling, JMB 235:1501-1531, Feb 1994.
% ---------------------------------------------------------------------
%  last   Host: gauntlet    Thu Feb 11 16:21:37 2021
%  dgpinheiro   Dir:  /data/GitHub/sfFinder/example/output/subfamily/TEST1/flowerpower/fp-workspace/final
% ---------------------------------------------------------------------
% Prior File:  Internal (Name: recode3.20comp) 
%   20 priors on 20 characters.
%  Alignment weights from internal calc.  Total (1.57) Max (0.00) Min (0.00)
%  Weights from alignment method 1 (karplus), b=0.500000, e=0.500000
MODEL --  Model from alignment file last.a2m
alphabet protein
FREQAVE
0.000000 0.000000 0.000000 
0.000000 0.000000 0.000000 
0.000000 0.000000 0.000000 
0.073366 0.015731 0.056938 0.066613 0.049655 
0.061768 0.028683 0.052055 0.058198 0.085039 
0.025996 0.041873 0.045380 0.042494 0.052400 
0.059160 0.053814 0.060939 0.022990 0.046909 
0.073366 0.015731 0.056938 0.066613 0.049655 
0.061768 0.028683 0.052055 0.058198 0.085039 
0.025996 0.041873 0.045380 0.042494 0.052400 
0.059160 0.053814 0.060939 0.022990 0.046909 
Begin
0.000000 0.000000 0.000000 
0.000000 0.000000 0.000000 
0.000000 0.102655 0.805442 
0.000000 0.000000 0.000000 0.000000 0.000000 
0.000000 0.000000 0.000000 0.000000 0.000000 
0.000000 0.000000 0.000000 0.000000 0.000000 
0.000000 0.000000 0.000000 0.000000 0.000000 
0.087135 0.033412 0.046877 0.049460 0.039687 
0.088502 0.033556 0.036842 0.080764 0.085459 
0.014906 0.040443 0.050641 0.038240 0.040935 
0.069509 0.058601 0.064641 0.010468 0.029922 
1
0.000000 0.014473 0.062158 
0.000000 0.882872 0.132400 
0.042026 0.016442 0.491768 
0.075727 0.009263 0.040103 0.047183 0.034755 
0.051308 0.019670 0.057502 0.076631 0.086011 
0.167521 0.033233 0.024915 0.034321 0.044623 
0.042621 0.044236 0.065936 0.012647 0.031796 
0.087130 0.033470 0.046870 0.049530 0.039770 
0.088610 0.033620 0.036890 0.080480 0.085360 
0.014750 0.040430 0.050680 0.038260 0.040900 
0.069580 0.058540 0.064720 0.010490 0.029920 
2
0.618666 0.015761 0.046210 
0.339307 0.967797 0.462022 
0.042048 0.016440 0.491768 
0.079737 0.006026 0.048767 0.049651 0.023589 
0.055767 0.017408 0.034237 0.077619 0.052438 
0.012152 0.040781 0.234271 0.034510 0.048141 
0.056434 0.047886 0.047085 0.009112 0.024389 
0.087130 0.033470 0.046870 0.049530 0.039770 
0.088610 0.033620 0.036890 0.080480 0.085360 
0.014750 0.040430 0.050680 0.038260 0.040900 
0.069580 0.058540 0.064720 0.010490 0.029920 
3
0.617844 0.015758 0.046210 
0.340108 0.967802 0.462022 
0.042095 0.016433 0.491768 
0.076371 0.006454 0.047508 0.059398 0.025419 
0.045059 0.018561 0.043758 0.204021 0.112370 
0.022513 0.035787 0.030968 0.040681 0.054202 
0.045625 0.042348 0.052008 0.010220 0.026730 
0.087130 0.033470 0.046870 0.049530 0.039770 
0.088610 0.033620 0.036890 0.080480 0.085360 
0.014750 0.040430 0.050680 0.038260 0.040900 
0.069580 0.058540 0.064720 0.010490 0.029920 
4
0.618547 0.015752 0.046210 
0.339357 0.967814 0.462022 
0.042095 0.016433 0.491768 
0.078661 0.010632 0.033057 0.037104 0.037725 
0.054704 0.018731 0.062573 0.038785 0.281358 
0.023905 0.038806 0.024953 0.028060 0.035514 
0.039339 0.039546 0.072876 0.012419 0.031251 
0.087130 0.033470 0.046870 0.049530 0.039770 
0.088610 0.033620 0.036890 0.080480 0.085360 
0.014750 0.040430 0.050680 0.038260 0.040900 
0.069580 0.058540 0.064720 0.010490 0.029920 
5
0.618547 0.015752 0.046210 
0.339357 0.967814 0.462022 
0.042095 0.016433 0.491768 
0.214131 0.011050 0.042474 0.049567 0.032394 
0.060412 0.018893 0.051046 0.049332 0.098394 
0.021595 0.041065 0.028997 0.038518 0.041501 
0.050388 0.043838 0.065386 0.011011 0.030006 
0.087130 0.033470 0.046870 0.049530 0.039770 
0.088610 0.033620 0.036890 0.080480 0.085360 
0.014750 0.040430 0.050680 0.038260 0.040900 
0.069580 0.058540 0.064720 0.010490 0.029920 
6
0.460775 0.015752 0.046210 
0.497129 0.967814 0.462022 
0.049981 0.015617 0.491768 
0.067574 0.004754 0.046812 0.061141 0.017613 
0.040137 0.018746 0.028563 0.147634 0.048674 
0.014298 0.036645 0.026742 0.042748 0.242714 
0.046025 0.041563 0.036635 0.008496 0.022484 
0.087130 0.033470 0.046870 0.049530 0.039770 
0.088610 0.033620 0.036890 0.080480 0.085360 
0.014750 0.040430 0.050680 0.038260 0.040900 
0.069580 0.058540 0.064720 0.010490 0.029920 
7
0.547091 0.014970 0.046210 
0.402928 0.969413 0.462022 
0.049981 0.015617 0.491768 
0.069221 0.006216 0.104282 0.111784 0.021903 
0.059990 0.020467 0.025547 0.057131 0.042679 
0.012599 0.053229 0.032843 0.041077 0.046962 
0.170216 0.055572 0.035025 0.009387 0.023870 
0.087130 0.033470 0.046870 0.049530 0.039770 
0.088610 0.033620 0.036890 0.080480 0.085360 
0.014750 0.040430 0.050680 0.038260 0.040900 
0.069580 0.058540 0.064720 0.010490 0.029920 
8
0.547091 0.014970 0.046210 
0.402928 0.969413 0.462022 
0.049981 0.015617 0.491768 
0.064488 0.004623 0.258913 0.074625 0.016340 
0.049626 0.018235 0.022486 0.101000 0.037944 
0.011289 0.068424 0.028229 0.040634 0.050998 
0.054624 0.041755 0.030059 0.006840 0.018868 
0.087130 0.033470 0.046870 0.049530 0.039770 
0.088610 0.033620 0.036890 0.080480 0.085360 
0.014750 0.040430 0.050680 0.038260 0.040900 
0.069580 0.058540 0.064720 0.010490 0.029920 
9
0.547091 0.014970 0.046210 
0.402928 0.969413 0.462022 
0.049981 0.015617 0.491768 
0.042586 0.007995 0.020045 0.023650 0.075289 
0.033605 0.017003 0.037538 0.019816 0.069273 
0.017696 0.020153 0.015441 0.016014 0.023683 
0.028057 0.025295 0.045769 0.334913 0.126180 
0.087130 0.033470 0.046870 0.049530 0.039770 
0.088610 0.033620 0.036890 0.080480 0.085360 
0.014750 0.040430 0.050680 0.038260 0.040900 
0.069580 0.058540 0.064720 0.010490 0.029920 
10
0.545869 0.014970 0.046210 
0.404150 0.969413 0.462022 
0.050042 0.015612 0.491768 
0.091748 0.009204 0.032043 0.036699 0.058713 
0.046766 0.023470 0.044370 0.035967 0.066999 
0.018846 0.030060 0.023026 0.028659 0.044388 
0.042387 0.043905 0.063518 0.018867 0.240365 
0.087130 0.033470 0.046870 0.049530 0.039770 
0.088610 0.033620 0.036890 0.080480 0.085360 
0.014750 0.040430 0.050680 0.038260 0.040900 
0.069580 0.058540 0.064720 0.010490 0.029920 
11
0.546537 0.014965 0.046210 
0.403421 0.969423 0.462022 
0.050042 0.015612 0.491768 
0.065279 0.005792 0.242969 0.074181 0.021369 
0.053852 0.022271 0.027739 0.062165 0.064970 
0.013740 0.062014 0.029713 0.038560 0.045775 
0.058041 0.042965 0.035184 0.008716 0.024706 
0.087130 0.033470 0.046870 0.049530 0.039770 
0.088610 0.033620 0.036890 0.080480 0.085360 
0.014750 0.040430 0.050680 0.038260 0.040900 
0.069580 0.058540 0.064720 0.010490 0.029920 
12
0.419517 0.014965 0.046210 
0.530441 0.969423 0.462022 
0.057323 0.015104 0.491768 
0.062224 0.011315 0.013750 0.015511 0.046364 
0.022738 0.010845 0.098404 0.016740 0.398073 
0.061645 0.013199 0.012793 0.014492 0.017992 
0.019595 0.039390 0.088209 0.010601 0.026121 
0.087130 0.033470 0.046870 0.049530 0.039770 
0.088610 0.033620 0.036890 0.080480 0.085360 
0.014750 0.040430 0.050680 0.038260 0.040900 
0.069580 0.058540 0.064720 0.010490 0.029920 
13
0.480557 0.014478 0.046210 
0.462119 0.970418 0.462022 
0.057323 0.015104 0.491768 
0.230113 0.011661 0.035446 0.039772 0.029011 
0.056011 0.016000 0.044983 0.038043 0.066110 
0.021714 0.029459 0.025651 0.028309 0.032487 
0.063493 0.132716 0.063379 0.009283 0.026361 
0.087130 0.033470 0.046870 0.049530 0.039770 
0.088610 0.033620 0.036890 0.080480 0.085360 
0.014750 0.040430 0.050680 0.038260 0.040900 
0.069580 0.058540 0.064720 0.010490 0.029920 
14
0.479840 0.014478 0.046210 
0.462837 0.970418 0.462022 
0.057365 0.015101 0.491768 
0.053880 0.004922 0.039336 0.048729 0.016322 
0.037342 0.016645 0.024253 0.054672 0.041853 
0.012091 0.031977 0.024035 0.034764 0.410154 
0.039846 0.049122 0.033025 0.007416 0.019617 
0.087130 0.033470 0.046870 0.049530 0.039770 
0.088610 0.033620 0.036890 0.080480 0.085360 
0.014750 0.040430 0.050680 0.038260 0.040900 
0.069580 0.058540 0.064720 0.010490 0.029920 
15
0.480184 0.014476 0.046210 
0.462451 0.970423 0.462022 
0.057365 0.015101 0.491768 
0.051167 0.004553 0.318095 0.062198 0.014749 
0.125110 0.016262 0.018237 0.044099 0.029384 
0.009178 0.078050 0.024472 0.032193 0.032388 
0.054562 0.038920 0.024612 0.005714 0.016058 
0.087130 0.033470 0.046870 0.049530 0.039770 
0.088610 0.033620 0.036890 0.080480 0.085360 
0.014750 0.040430 0.050680 0.038260 0.040900 
0.069580 0.058540 0.064720 0.010490 0.029920 
16
0.480184 0.014476 0.046210 
0.462451 0.970423 0.462022 
0.057365 0.015101 0.491768 
0.066954 0.010745 0.021888 0.024299 0.038142 
0.031910 0.013429 0.069117 0.025048 0.265857 
0.027709 0.020065 0.018933 0.019949 0.023465 
0.032101 0.166926 0.086528 0.010295 0.026637 
0.087130 0.033470 0.046870 0.049530 0.039770 
0.088610 0.033620 0.036890 0.080480 0.085360 
0.014750 0.040430 0.050680 0.038260 0.040900 
0.069580 0.058540 0.064720 0.010490 0.029920 
17
0.479479 0.014476 0.046210 
0.463157 0.970423 0.462022 
0.057405 0.015099 0.491768 
0.073142 0.007631 0.130359 0.045764 0.024334 
0.152889 0.024510 0.022941 0.040283 0.038411 
0.011949 0.154026 0.034050 0.027941 0.031243 
0.080627 0.037998 0.027313 0.010136 0.024451 
0.087130 0.033470 0.046870 0.049530 0.039770 
0.088610 0.033620 0.036890 0.080480 0.085360 
0.014750 0.040430 0.050680 0.038260 0.040900 
0.069580 0.058540 0.064720 0.010490 0.029920 
18
0.479817 0.014473 0.046210 
0.462778 0.970428 0.462022 
0.057405 0.015099 0.491768 
0.019677 0.005060 0.009777 0.011820 0.035874 
0.018679 0.006571 0.019241 0.010185 0.045956 
0.010976 0.008008 0.008748 0.006801 0.014218 
0.012708 0.011447 0.024828 0.688837 0.030588 
0.087130 0.033470 0.046870 0.049530 0.039770 
0.088610 0.033620 0.036890 0.080480 0.085360 
0.014750 0.040430 0.050680 0.038260 0.040900 
0.069580 0.058540 0.064720 0.010490 0.029920 
19
0.479817 0.014473 0.046210 
0.462778 0.970428 0.462022 
0.057405 0.015099 0.491768 
0.084996 0.005850 0.105379 0.129890 0.021380 
0.056267 0.019043 0.024555 0.055117 0.041163 
0.011912 0.049976 0.030388 0.042980 0.038990 
0.152143 0.065324 0.033312 0.008875 0.022460 
0.087130 0.033470 0.046870 0.049530 0.039770 
0.088610 0.033620 0.036890 0.080480 0.085360 
0.014750 0.040430 0.050680 0.038260 0.040900 
0.069580 0.058540 0.064720 0.010490 0.029920 
20
0.479817 0.014473 0.046210 
0.462778 0.970428 0.462022 
0.057405 0.015099 0.491768 
0.071518 0.011813 0.030935 0.030604 0.173812 
0.054434 0.022204 0.064219 0.025973 0.105912 
0.023249 0.030276 0.041356 0.022860 0.026805 
0.042887 0.071875 0.074423 0.019317 0.055528 
0.087130 0.033470 0.046870 0.049530 0.039770 
0.088610 0.033620 0.036890 0.080480 0.085360 
0.014750 0.040430 0.050680 0.038260 0.040900 
0.069580 0.058540 0.064720 0.010490 0.029920 
21
0.479817 0.014473 0.046210 
0.462778 0.970428 0.462022 
0.057405 0.015099 0.491768 
0.076431 0.008821 0.048437 0.038673 0.024808 
0.227797 0.018318 0.030448 0.036499 0.042184 
0.013960 0.051469 0.031677 0.026195 0.029519 
0.135194 0.084646 0.039837 0.009762 0.025324 
0.087130 0.033470 0.046870 0.049530 0.039770 
0.088610 0.033620 0.036890 0.080480 0.085360 
0.014750 0.040430 0.050680 0.038260 0.040900 
0.069580 0.058540 0.064720 0.010490 0.029920 
22
0.479817 0.014473 0.046210 
0.462778 0.970428 0.462022 
0.057405 0.015099 0.491768 
0.033133 0.005849 0.017827 0.019065 0.059971 
0.026968 0.015612 0.027732 0.019278 0.045912 
0.011218 0.015718 0.014240 0.014652 0.019202 
0.024108 0.023296 0.036701 0.014880 0.554639 
0.087130 0.033470 0.046870 0.049530 0.039770 
0.088610 0.033620 0.036890 0.080480 0.085360 
0.014750 0.040430 0.050680 0.038260 0.040900 
0.069580 0.058540 0.064720 0.010490 0.029920 
23
0.479817 0.014473 0.046210 
0.462778 0.970428 0.462022 
0.057405 0.015099 0.491768 
0.075534 0.009450 0.037241 0.052758 0.030531 
0.043551 0.018210 0.066190 0.046190 0.072227 
0.019459 0.030244 0.027414 0.063453 0.044178 
0.042895 0.045080 0.235955 0.010415 0.029026 
0.087130 0.033470 0.046870 0.049530 0.039770 
0.088610 0.033620 0.036890 0.080480 0.085360 
0.014750 0.040430 0.050680 0.038260 0.040900 
0.069580 0.058540 0.064720 0.010490 0.029920 
24
0.479817 0.014473 0.046210 
0.462778 0.970428 0.462022 
0.057405 0.015099 0.491768 
0.063244 0.007111 0.080357 0.051188 0.023489 
0.069334 0.020575 0.027227 0.054005 0.042063 
0.011857 0.061218 0.087099 0.033254 0.040615 
0.182765 0.073146 0.037157 0.009627 0.024669 
0.087130 0.033470 0.046870 0.049530 0.039770 
0.088610 0.033620 0.036890 0.080480 0.085360 
0.014750 0.040430 0.050680 0.038260 0.040900 
0.069580 0.058540 0.064720 0.010490 0.029920 
25
0.479817 0.014473 0.046210 
0.462778 0.970428 0.462022 
0.057405 0.015099 0.491768 
0.076011 0.005299 0.068666 0.214487 0.023216 
0.046836 0.020445 0.036237 0.076131 0.055813 
0.030547 0.038154 0.030665 0.045950 0.064077 
0.049540 0.040670 0.040104 0.010470 0.026681 
0.087130 0.033470 0.046870 0.049530 0.039770 
0.088610 0.033620 0.036890 0.080480 0.085360 
0.014750 0.040430 0.050680 0.038260 0.040900 
0.069580 0.058540 0.064720 0.010490 0.029920 
26
0.479817 0.014473 0.046210 
0.462778 0.970428 0.462022 
0.057405 0.015099 0.491768 
0.081582 0.003808 0.155935 0.141149 0.016582 
0.041673 0.016555 0.021003 0.072058 0.039354 
0.011118 0.038972 0.023196 0.144698 0.043885 
0.058320 0.037043 0.028042 0.006890 0.018136 
0.087130 0.033470 0.046870 0.049530 0.039770 
0.088610 0.033620 0.036890 0.080480 0.085360 
0.014750 0.040430 0.050680 0.038260 0.040900 
0.069580 0.058540 0.064720 0.010490 0.029920 
27
0.479817 0.014473 0.046210 
0.462778 0.970428 0.462022 
0.057405 0.015099 0.491768 
0.064539 0.003486 0.245146 0.148063 0.014184 
0.040957 0.015596 0.019064 0.104860 0.034176 
0.009974 0.051033 0.023444 0.045598 0.040415 
0.050488 0.036771 0.030425 0.005748 0.016030 
0.087130 0.033470 0.046870 0.049530 0.039770 
0.088610 0.033620 0.036890 0.080480 0.085360 
0.014750 0.040430 0.050680 0.038260 0.040900 
0.069580 0.058540 0.064720 0.010490 0.029920 
28
0.479817 0.014473 0.046210 
0.462778 0.970428 0.462022 
0.057405 0.015099 0.491768 
0.067897 0.012784 0.008390 0.008065 0.035730 
0.016954 0.006884 0.210027 0.010963 0.097041 
0.018275 0.007793 0.011992 0.007682 0.010222 
0.017347 0.028962 0.396176 0.006563 0.020255 
0.087130 0.033470 0.046870 0.049530 0.039770 
0.088610 0.033620 0.036890 0.080480 0.085360 
0.014750 0.040430 0.050680 0.038260 0.040900 
0.069580 0.058540 0.064720 0.010490 0.029920 
29
0.479817 0.014473 0.046210 
0.462778 0.970428 0.462022 
0.057405 0.015099 0.491768 
0.035909 0.007971 0.012159 0.015558 0.529875 
0.020506 0.009227 0.044240 0.013710 0.073568 
0.015929 0.010987 0.012007 0.011681 0.011194 
0.019834 0.021796 0.047916 0.021358 0.064576 
0.087130 0.033470 0.046870 0.049530 0.039770 
0.088610 0.033620 0.036890 0.080480 0.085360 
0.014750 0.040430 0.050680 0.038260 0.040900 
0.069580 0.058540 0.064720 0.010490 0.029920 
30
0.479817 0.014473 0.046210 
0.462778 0.970428 0.462022 
0.057405 0.015099 0.491768 
0.053447 0.004330 0.035450 0.035566 0.017380 
0.038252 0.011792 0.024880 0.051953 0.041081 
0.007487 0.028055 0.447558 0.025221 0.036646 
0.043544 0.037231 0.036672 0.006176 0.017277 
0.087130 0.033470 0.046870 0.049530 0.039770 
0.088610 0.033620 0.036890 0.080480 0.085360 
0.014750 0.040430 0.050680 0.038260 0.040900 
0.069580 0.058540 0.064720 0.010490 0.029920 
31
0.479817 0.088601 0.046210 
0.462778 0.896300 0.462022 
0.043096 0.016308 0.491768 
0.085887 0.004596 0.077861 0.230471 0.019729 
0.043788 0.030210 0.025366 0.069306 0.045823 
0.013115 0.037808 0.025508 0.084980 0.049151 
0.052047 0.040251 0.033200 0.008602 0.022301 
0.087130 0.033470 0.046870 0.049530 0.039770 
0.088610 0.033620 0.036890 0.080480 0.085360 
0.014750 0.040430 0.050680 0.038260 0.040900 
0.069580 0.058540 0.064720 0.010490 0.029920 
32
0.609479 0.029218 0.046210 
0.347425 0.954474 0.462022 
0.041347 0.016532 0.491768 
0.074031 0.007807 0.062576 0.242123 0.023301 
0.049843 0.020362 0.032943 0.064298 0.052320 
0.015076 0.041387 0.029609 0.044159 0.049912 
0.063873 0.047713 0.042996 0.010017 0.025656 
0.087130 0.033470 0.046870 0.049530 0.039770 
0.088610 0.033620 0.036890 0.080480 0.085360 
0.014750 0.040430 0.050680 0.038260 0.040900 
0.069580 0.058540 0.064720 0.010490 0.029920 
33
0.386180 0.016358 0.046210 
0.572472 0.967110 0.462022 
0.054236 0.015299 0.491768 
0.082930 0.012731 0.026276 0.028431 0.059615 
0.042952 0.019423 0.082101 0.028871 0.220974 
0.034256 0.024427 0.021572 0.022960 0.031458 
0.033029 0.040655 0.091113 0.021117 0.075110 
0.087130 0.033470 0.046870 0.049530 0.039770 
0.088610 0.033620 0.036890 0.080480 0.085360 
0.014750 0.040430 0.050680 0.038260 0.040900 
0.069580 0.058540 0.064720 0.010490 0.029920 
34
0.455302 0.014665 0.046210 
0.490462 0.970037 0.462022 
0.057286 0.015106 0.491768 
0.071783 0.006716 0.123309 0.072963 0.022620 
0.060394 0.019617 0.027954 0.052506 0.040657 
0.011959 0.058894 0.034509 0.035234 0.035373 
0.171718 0.080151 0.040980 0.009144 0.023520 
0.087130 0.033470 0.046870 0.049530 0.039770 
0.088610 0.033620 0.036890 0.080480 0.085360 
0.014750 0.040430 0.050680 0.038260 0.040900 
0.069580 0.058540 0.064720 0.010490 0.029920 
35
0.478817 0.014480 0.046210 
0.463897 0.970414 0.462022 
0.057405 0.015099 0.491768 
0.084276 0.006671 0.050563 0.039142 0.022220 
0.327988 0.018792 0.031369 0.052564 0.039322 
0.014761 0.052156 0.029944 0.027259 0.035692 
0.058379 0.044328 0.031405 0.009325 0.023846 
0.087130 0.033470 0.046870 0.049530 0.039770 
0.088610 0.033620 0.036890 0.080480 0.085360 
0.014750 0.040430 0.050680 0.038260 0.040900 
0.069580 0.058540 0.064720 0.010490 0.029920 
36
0.479817 0.014473 0.046210 
0.462778 0.970428 0.462022 
0.057405 0.015099 0.491768 
0.086149 0.011404 0.040397 0.042108 0.067550 
0.062475 0.022594 0.055122 0.033175 0.070889 
0.020695 0.038275 0.033352 0.027499 0.031729 
0.074973 0.140550 0.067880 0.015007 0.058176 
0.087130 0.033470 0.046870 0.049530 0.039770 
0.088610 0.033620 0.036890 0.080480 0.085360 
0.014750 0.040430 0.050680 0.038260 0.040900 
0.069580 0.058540 0.064720 0.010490 0.029920 
37
0.479817 0.014473 0.046210 
0.462778 0.970428 0.462022 
0.057405 0.015099 0.491768 
0.067932 0.006112 0.055642 0.146490 0.024969 
0.241060 0.018717 0.026677 0.054124 0.041487 
0.013499 0.043255 0.027958 0.035113 0.038460 
0.052714 0.039849 0.033008 0.009430 0.023502 
0.087130 0.033470 0.046870 0.049530 0.039770 
0.088610 0.033620 0.036890 0.080480 0.085360 
0.014750 0.040430 0.050680 0.038260 0.040900 
0.069580 0.058540 0.064720 0.010490 0.029920 
38
0.479817 0.014473 0.046210 
0.462778 0.970428 0.462022 
0.057405 0.015099 0.491768 
0.061466 0.005934 0.059519 0.044917 0.019956 
0.256427 0.017885 0.027288 0.048155 0.039680 
0.013215 0.040020 0.027394 0.031118 0.157634 
0.047405 0.037851 0.032666 0.008857 0.022611 
0.087130 0.033470 0.046870 0.049530 0.039770 
0.088610 0.033620 0.036890 0.080480 0.085360 
0.014750 0.040430 0.050680 0.038260 0.040900 
0.069580 0.058540 0.064720 0.010490 0.029920 
39
0.479817 0.014473 0.046210 
0.462778 0.970428 0.462022 
0.057405 0.015099 0.491768 
0.047986 0.012279 0.008094 0.007937 0.036826 
0.016312 0.006890 0.321454 0.010774 0.105531 
0.019813 0.007725 0.011664 0.007775 0.010227 
0.015701 0.027385 0.298230 0.006943 0.020455 
0.087130 0.033470 0.046870 0.049530 0.039770 
0.088610 0.033620 0.036890 0.080480 0.085360 
0.014750 0.040430 0.050680 0.038260 0.040900 
0.069580 0.058540 0.064720 0.010490 0.029920 
40
0.479817 0.014473 0.046210 
0.462778 0.970428 0.462022 
0.057405 0.015099 0.491768 
0.066015 0.006232 0.045444 0.045670 0.021723 
0.050173 0.017761 0.036292 0.125408 0.050708 
0.010989 0.037898 0.235336 0.032651 0.044554 
0.053587 0.044723 0.044245 0.008206 0.022385 
0.087130 0.033470 0.046870 0.049530 0.039770 
0.088610 0.033620 0.036890 0.080480 0.085360 
0.014750 0.040430 0.050680 0.038260 0.040900 
0.069580 0.058540 0.064720 0.010490 0.029920 
41
0.479817 0.014473 0.046210 
0.462778 0.970428 0.462022 
0.057405 0.015099 0.491768 
0.185842 0.014213 0.026064 0.028089 0.038756 
0.065887 0.015694 0.150998 0.029126 0.094700 
0.025970 0.022176 0.022360 0.022376 0.029399 
0.041051 0.044352 0.101030 0.011046 0.030871 
0.087130 0.033470 0.046870 0.049530 0.039770 
0.088610 0.033620 0.036890 0.080480 0.085360 
0.014750 0.040430 0.050680 0.038260 0.040900 
0.069580 0.058540 0.064720 0.010490 0.029920 
42
0.479817 0.014473 0.046210 
0.462778 0.970428 0.462022 
0.057405 0.015099 0.491768 
0.070133 0.005005 0.066152 0.239642 0.020261 
0.043892 0.048385 0.025936 0.075104 0.045314 
0.013227 0.039570 0.026076 0.045774 0.048802 
0.051498 0.068827 0.034090 0.009061 0.023251 
0.087130 0.033470 0.046870 0.049530 0.039770 
0.088610 0.033620 0.036890 0.080480 0.085360 
0.014750 0.040430 0.050680 0.038260 0.040900 
0.069580 0.058540 0.064720 0.010490 0.029920 
43
0.479817 0.014473 0.046210 
0.462778 0.970428 0.462022 
0.057405 0.015099 0.491768 
0.079842 0.006451 0.161524 0.058946 0.021327 
0.212150 0.019020 0.024791 0.043836 0.038430 
0.012433 0.066599 0.029720 0.030756 0.032776 
0.062011 0.038419 0.029674 0.008924 0.022372 
0.087130 0.033470 0.046870 0.049530 0.039770 
0.088610 0.033620 0.036890 0.080480 0.085360 
0.014750 0.040430 0.050680 0.038260 0.040900 
0.069580 0.058540 0.064720 0.010490 0.029920 
44
0.479817 0.014473 0.046210 
0.462778 0.970428 0.462022 
0.057405 0.015099 0.491768 
0.020296 0.005023 0.010400 0.013068 0.069556 
0.015413 0.012236 0.022065 0.012728 0.046113 
0.010990 0.010764 0.009483 0.009650 0.016147 
0.016411 0.015493 0.023208 0.598913 0.062043 
0.087130 0.033470 0.046870 0.049530 0.039770 
0.088610 0.033620 0.036890 0.080480 0.085360 
0.014750 0.040430 0.050680 0.038260 0.040900 
0.069580 0.058540 0.064720 0.010490 0.029920 
45
0.479817 0.014473 0.046210 
0.462778 0.970428 0.462022 
0.057405 0.015099 0.491768 
0.084376 0.009506 0.081492 0.061297 0.036326 
0.054696 0.023487 0.052534 0.050452 0.160691 
0.022424 0.039800 0.032747 0.035948 0.046242 
0.053372 0.043691 0.060527 0.015417 0.034978 
0.087130 0.033470 0.046870 0.049530 0.039770 
0.088610 0.033620 0.036890 0.080480 0.085360 
0.014750 0.040430 0.050680 0.038260 0.040900 
0.069580 0.058540 0.064720 0.010490 0.029920 
46
0.479817 0.014473 0.046210 
0.462778 0.970428 0.462022 
0.057405 0.015099 0.491768 
0.220724 0.006141 0.054892 0.063308 0.020684 
0.073732 0.017910 0.033638 0.112961 0.055381 
0.015422 0.039428 0.028796 0.045417 0.051100 
0.048267 0.039967 0.041222 0.008320 0.022690 
0.087130 0.033470 0.046870 0.049530 0.039770 
0.088610 0.033620 0.036890 0.080480 0.085360 
0.014750 0.040430 0.050680 0.038260 0.040900 
0.069580 0.058540 0.064720 0.010490 0.029920 
47
0.479817 0.014473 0.046210 
0.462778 0.970428 0.462022 
0.057405 0.015099 0.491768 
0.019729 0.004987 0.006795 0.011288 0.049605 
0.014265 0.006325 0.022216 0.009644 0.055092 
0.013257 0.006643 0.006596 0.006496 0.015243 
0.011523 0.010673 0.028044 0.660970 0.040609 
0.087130 0.033470 0.046870 0.049530 0.039770 
0.088610 0.033620 0.036890 0.080480 0.085360 
0.014750 0.040430 0.050680 0.038260 0.040900 
0.069580 0.058540 0.064720 0.010490 0.029920 
48
0.479817 0.014473 0.046210 
0.462778 0.970428 0.462022 
0.057405 0.015099 0.491768 
0.059560 0.002905 0.252606 0.246616 0.013532 
0.036768 0.013311 0.015486 0.050296 0.030115 
0.009099 0.039414 0.020020 0.048088 0.032704 
0.047339 0.034224 0.027915 0.005349 0.014653 
0.087130 0.033470 0.046870 0.049530 0.039770 
0.088610 0.033620 0.036890 0.080480 0.085360 
0.014750 0.040430 0.050680 0.038260 0.040900 
0.069580 0.058540 0.064720 0.010490 0.029920 
49
0.479817 0.014473 0.046210 
0.462778 0.970428 0.462022 
0.057405 0.015099 0.491768 
0.058328 0.002812 0.247393 0.272516 0.013052 
0.036277 0.012871 0.014532 0.049105 0.028945 
0.008735 0.035282 0.019678 0.047569 0.032021 
0.045743 0.033111 0.022536 0.005221 0.014273 
0.087130 0.033470 0.046870 0.049530 0.039770 
0.088610 0.033620 0.036890 0.080480 0.085360 
0.014750 0.040430 0.050680 0.038260 0.040900 
0.069580 0.058540 0.064720 0.010490 0.029920 
50
0.479817 0.014473 0.046210 
0.462778 0.970428 0.462022 
0.057405 0.015099 0.491768 
0.048959 0.004972 0.030176 0.035279 0.010477 
0.032138 0.010850 0.016957 0.032009 0.029097 
0.006296 0.019994 0.571404 0.018760 0.023530 
0.041662 0.028172 0.025898 0.003392 0.009976 
0.087130 0.033470 0.046870 0.049530 0.039770 
0.088610 0.033620 0.036890 0.080480 0.085360 
0.014750 0.040430 0.050680 0.038260 0.040900 
0.069580 0.058540 0.064720 0.010490 0.029920 
51
0.479817 0.014473 0.046210 
0.462778 0.970428 0.462022 
0.057405 0.015099 0.491768 
0.038104 0.008432 0.013258 0.017076 0.282888 
0.024995 0.018604 0.039283 0.014264 0.065638 
0.015681 0.014842 0.012215 0.013862 0.015709 
0.025698 0.025186 0.049030 0.030249 0.274985 
0.087130 0.033470 0.046870 0.049530 0.039770 
0.088610 0.033620 0.036890 0.080480 0.085360 
0.014750 0.040430 0.050680 0.038260 0.040900 
0.069580 0.058540 0.064720 0.010490 0.029920 
52
0.479817 0.014473 0.046210 
0.462778 0.970428 0.462022 
0.057405 0.015099 0.491768 
0.064526 0.004263 0.044567 0.059258 0.015628 
0.036416 0.017532 0.025507 0.220079 0.044223 
0.012913 0.034425 0.024605 0.041395 0.212270 
0.042867 0.038700 0.033055 0.007585 0.020186 
0.087130 0.033470 0.046870 0.049530 0.039770 
0.088610 0.033620 0.036890 0.080480 0.085360 
0.014750 0.040430 0.050680 0.038260 0.040900 
0.069580 0.058540 0.064720 0.010490 0.029920 
53
0.479817 0.014473 0.046210 
0.462778 0.970428 0.462022 
0.057405 0.015099 0.491768 
0.047893 0.009895 0.008513 0.009626 0.037449 
0.015538 0.007536 0.199290 0.010670 0.395710 
0.031788 0.008714 0.009860 0.010212 0.011697 
0.013763 0.022949 0.119843 0.008345 0.020709 
0.087130 0.033470 0.046870 0.049530 0.039770 
0.088610 0.033620 0.036890 0.080480 0.085360 
0.014750 0.040430 0.050680 0.038260 0.040900 
0.069580 0.058540 0.064720 0.010490 0.029920 
54
0.479817 0.014473 0.046210 
0.462778 0.970428 0.462022 
0.057405 0.015099 0.491768 
0.048687 0.006229 0.034383 0.035691 0.016675 
0.035218 0.013103 0.025030 0.035124 0.032961 
0.009830 0.032236 0.022988 0.025817 0.027193 
0.107099 0.429804 0.037733 0.006053 0.018149 
0.087130 0.033470 0.046870 0.049530 0.039770 
0.088610 0.033620 0.036890 0.080480 0.085360 
0.014750 0.040430 0.050680 0.038260 0.040900 
0.069580 0.058540 0.064720 0.010490 0.029920 
55
0.479817 0.014473 0.046210 
0.462778 0.970428 0.462022 
0.057405 0.015099 0.491768 
0.065247 0.010915 0.024590 0.026953 0.085279 
0.044788 0.021956 0.061291 0.024730 0.092631 
0.056742 0.024707 0.018688 0.020888 0.027534 
0.034931 0.035176 0.071081 0.023038 0.228834 
0.087130 0.033470 0.046870 0.049530 0.039770 
0.088610 0.033620 0.036890 0.080480 0.085360 
0.014750 0.040430 0.050680 0.038260 0.040900 
0.069580 0.058540 0.064720 0.010490 0.029920 
56
0.479817 0.014473 0.046210 
0.462778 0.970428 0.462022 
0.057405 0.015099 0.491768 
0.060896 0.004733 0.194286 0.060593 0.016872 
0.042563 0.018121 0.023814 0.061327 0.041144 
0.012147 0.039740 0.030252 0.039008 0.209241 
0.045938 0.039192 0.031779 0.007852 0.020502 
0.087130 0.033470 0.046870 0.049530 0.039770 
0.088610 0.033620 0.036890 0.080480 0.085360 
0.014750 0.040430 0.050680 0.038260 0.040900 
0.069580 0.058540 0.064720 0.010490 0.029920 
57
0.479817 0.014473 0.046210 
0.462778 0.970428 0.462022 
0.057405 0.015099 0.491768 
0.184047 0.004539 0.076292 0.219105 0.016881 
0.041765 0.016037 0.023080 0.064921 0.041756 
0.011784 0.036993 0.022540 0.046962 0.044737 
0.054280 0.037010 0.031489 0.007065 0.018719 
0.087130 0.033470 0.046870 0.049530 0.039770 
0.088610 0.033620 0.036890 0.080480 0.085360 
0.014750 0.040430 0.050680 0.038260 0.040900 
0.069580 0.058540 0.064720 0.010490 0.029920 
58
0.479817 0.014473 0.046210 
0.462778 0.970428 0.462022 
0.057405 0.015099 0.491768 
0.028827 0.008871 0.015986 0.018441 0.101567 
0.018849 0.028143 0.030091 0.019221 0.056298 
0.014314 0.017937 0.013214 0.013857 0.019698 
0.023294 0.021437 0.033011 0.030404 0.486539 
0.087130 0.033470 0.046870 0.049530 0.039770 
0.088610 0.033620 0.036890 0.080480 0.085360 
0.014750 0.040430 0.050680 0.038260 0.040900 
0.069580 0.058540 0.064720 0.010490 0.029920 
59
0.479817 0.014473 0.046210 
0.462778 0.970428 0.462022 
0.057405 0.015099 0.491768 
0.071622 0.012927 0.019811 0.021650 0.043726 
0.036002 0.013247 0.109932 0.023263 0.104121 
0.024068 0.017945 0.020074 0.017434 0.022740 
0.030203 0.036531 0.305916 0.036934 0.031853 
0.087130 0.033470 0.046870 0.049530 0.039770 
0.088610 0.033620 0.036890 0.080480 0.085360 
0.014750 0.040430 0.050680 0.038260 0.040900 
0.069580 0.058540 0.064720 0.010490 0.029920 
60
0.479817 0.014473 0.046210 
0.462778 0.970428 0.462022 
0.057405 0.015099 0.491768 
0.064861 0.005321 0.047863 0.058251 0.019521 
0.043301 0.152574 0.027835 0.193445 0.046771 
0.016530 0.038999 0.026571 0.040997 0.058458 
0.048309 0.041672 0.035848 0.008852 0.024021 
0.087130 0.033470 0.046870 0.049530 0.039770 
0.088610 0.033620 0.036890 0.080480 0.085360 
0.014750 0.040430 0.050680 0.038260 0.040900 
0.069580 0.058540 0.064720 0.010490 0.029920 
61
0.479817 0.014473 0.046210 
0.462778 0.970428 0.462022 
0.057405 0.015099 0.491768 
0.069554 0.010551 0.057746 0.042138 0.052229 
0.071900 0.027926 0.050118 0.035428 0.071260 
0.020220 0.131951 0.033603 0.028782 0.034617 
0.063008 0.047250 0.058458 0.017682 0.075579 
0.087130 0.033470 0.046870 0.049530 0.039770 
0.088610 0.033620 0.036890 0.080480 0.085360 
0.014750 0.040430 0.050680 0.038260 0.040900 
0.069580 0.058540 0.064720 0.010490 0.029920 
62
0.479817 0.014473 0.046210 
0.462778 0.970428 0.462022 
0.057405 0.015099 0.491768 
0.055318 0.005262 0.043447 0.054555 0.017299 
0.038861 0.016880 0.024555 0.054261 0.042844 
0.012140 0.032721 0.024569 0.392610 0.042093 
0.042090 0.039710 0.033920 0.007300 0.019566 
0.087130 0.033470 0.046870 0.049530 0.039770 
0.088610 0.033620 0.036890 0.080480 0.085360 
0.014750 0.040430 0.050680 0.038260 0.040900 
0.069580 0.058540 0.064720 0.010490 0.029920 
63
0.479817 0.014473 0.046210 
0.462778 0.970428 0.462022 
0.057405 0.015099 0.491768 
0.182965 0.014280 0.029339 0.032053 0.034985 
0.073544 0.016269 0.065945 0.031577 0.079186 
0.022061 0.024507 0.026270 0.023957 0.037819 
0.056505 0.042523 0.164807 0.010809 0.030598 
0.087130 0.033470 0.046870 0.049530 0.039770 
0.088610 0.033620 0.036890 0.080480 0.085360 
0.014750 0.040430 0.050680 0.038260 0.040900 
0.069580 0.058540 0.064720 0.010490 0.029920 
64
0.479817 0.014473 0.046210 
0.462778 0.970428 0.462022 
0.057405 0.015099 0.491768 
0.061614 0.005420 0.065536 0.199354 0.018736 
0.052246 0.017703 0.024696 0.053989 0.039980 
0.012154 0.037617 0.026951 0.039588 0.041327 
0.058416 0.180451 0.034770 0.008064 0.021386 
0.087130 0.033470 0.046870 0.049530 0.039770 
0.088610 0.033620 0.036890 0.080480 0.085360 
0.014750 0.040430 0.050680 0.038260 0.040900 
0.069580 0.058540 0.064720 0.010490 0.029920 
65
0.479817 0.014473 0.046210 
0.462778 0.970428 0.462022 
0.057405 0.015099 0.491768 
0.047178 0.005141 0.044891 0.070743 0.011667 
0.035847 0.019258 0.018732 0.370575 0.033303 
0.010326 0.037008 0.028769 0.046857 0.090542 
0.045002 0.039058 0.026043 0.004705 0.014354 
0.087130 0.033470 0.046870 0.049530 0.039770 
0.088610 0.033620 0.036890 0.080480 0.085360 
0.014750 0.040430 0.050680 0.038260 0.040900 
0.069580 0.058540 0.064720 0.010490 0.029920 
66
0.479817 0.014473 0.046210 
0.462778 0.970428 0.462022 
0.057405 0.015099 0.491768 
0.058926 0.002774 0.233294 0.287097 0.013076 
0.035981 0.012791 0.014434 0.049430 0.029065 
0.008760 0.033542 0.019574 0.048366 0.032203 
0.045636 0.032993 0.022503 0.005255 0.014300 
0.087130 0.033470 0.046870 0.049530 0.039770 
0.088610 0.033620 0.036890 0.080480 0.085360 
0.014750 0.040430 0.050680 0.038260 0.040900 
0.069580 0.058540 0.064720 0.010490 0.029920 
67
0.479817 0.014473 0.046210 
0.462778 0.970428 0.462022 
0.057405 0.015099 0.491768 
0.080272 0.006092 0.055033 0.055641 0.021894 
0.049448 0.019262 0.033556 0.084823 0.050832 
0.015150 0.039349 0.032532 0.038439 0.109069 
0.066432 0.165818 0.041984 0.009361 0.025015 
0.087130 0.033470 0.046870 0.049530 0.039770 
0.088610 0.033620 0.036890 0.080480 0.085360 
0.014750 0.040430 0.050680 0.038260 0.040900 
0.069580 0.058540 0.064720 0.010490 0.029920 
68
0.479817 0.014473 0.046210 
0.462778 0.970428 0.462022 
0.057405 0.015099 0.491768 
0.063904 0.005657 0.048410 0.054608 0.019127 
0.075027 0.017993 0.029480 0.156728 0.044430 
0.013427 0.039056 0.032839 0.037800 0.053156 
0.066306 0.173168 0.038339 0.008165 0.022381 
0.087130 0.033470 0.046870 0.049530 0.039770 
0.088610 0.033620 0.036890 0.080480 0.085360 
0.014750 0.040430 0.050680 0.038260 0.040900 
0.069580 0.058540 0.064720 0.010490 0.029920 
69
0.479817 0.014473 0.046210 
0.462778 0.970428 0.462022 
0.057405 0.015099 0.491768 
0.076956 0.011786 0.021419 0.022628 0.044695 
0.034409 0.014080 0.082008 0.023040 0.239067 
0.026144 0.019810 0.020034 0.019151 0.022733 
0.032741 0.146872 0.102623 0.010975 0.028828 
0.087130 0.033470 0.046870 0.049530 0.039770 
0.088610 0.033620 0.036890 0.080480 0.085360 
0.014750 0.040430 0.050680 0.038260 0.040900 
0.069580 0.058540 0.064720 0.010490 0.029920 
70
0.479817 0.014473 0.046210 
0.462778 0.970428 0.462022 
0.057405 0.015099 0.491768 
0.035986 0.005724 0.020481 0.023827 0.065430 
0.036171 0.018029 0.024135 0.030235 0.041667 
0.010907 0.018734 0.015087 0.018373 0.023707 
0.027964 0.026483 0.035452 0.016629 0.504980 
0.087130 0.033470 0.046870 0.049530 0.039770 
0.088610 0.033620 0.036890 0.080480 0.085360 
0.014750 0.040430 0.050680 0.038260 0.040900 
0.069580 0.058540 0.064720 0.010490 0.029920 
71
0.479817 0.014473 0.046210 
0.462778 0.970428 0.462022 
0.057405 0.020080 0.486528 
0.293319 0.010617 0.031833 0.036483 0.022415 
0.054274 0.013313 0.031161 0.034207 0.048825 
0.014076 0.026152 0.022065 0.024849 0.028085 
0.186307 0.042835 0.050619 0.007419 0.021147 
0.087129 0.033470 0.046870 0.049530 0.039770 
0.088609 0.033620 0.036898 0.080479 0.085359 
0.014750 0.040430 0.050680 0.038260 0.040900 
0.069579 0.058539 0.064719 0.010490 0.029920 
72
0.479817 0.014473 0.045718 
0.462778 0.965447 0.467754 
0.057405 0.015099 0.491768 
0.046911 0.012480 0.007773 0.007339 0.035791 
0.015151 0.006568 0.274388 0.010455 0.094538 
0.018219 0.007273 0.011577 0.007144 0.009610 
0.015579 0.027590 0.365349 0.006454 0.019811 
0.087130 0.033470 0.046870 0.049530 0.039770 
0.088610 0.033620 0.036890 0.080480 0.085360 
0.014750 0.040430 0.050680 0.038260 0.040900 
0.069580 0.058540 0.064720 0.010490 0.029920 
73
0.479817 0.014473 0.046210 
0.462778 0.970428 0.462022 
0.057405 0.015099 0.491768 
0.089615 0.006384 0.046812 0.057478 0.031228 
0.044805 0.018171 0.078048 0.138975 0.096398 
0.023148 0.031602 0.034098 0.038862 0.072286 
0.045208 0.038268 0.065155 0.011960 0.031500 
0.087130 0.033470 0.046870 0.049530 0.039770 
0.088610 0.033620 0.036890 0.080480 0.085360 
0.014750 0.040430 0.050680 0.038260 0.040900 
0.069580 0.058540 0.064720 0.010490 0.029920 
74
0.479817 0.014473 0.046210 
0.462778 0.970428 0.462022 
0.057405 0.015099 0.491768 
0.053292 0.004953 0.271054 0.062969 0.015749 
0.060001 0.017991 0.018667 0.044477 0.029401 
0.009046 0.168461 0.026580 0.028732 0.029821 
0.072883 0.039369 0.024326 0.005768 0.016461 
0.087130 0.033470 0.046870 0.049530 0.039770 
0.088610 0.033620 0.036890 0.080480 0.085360 
0.014750 0.040430 0.050680 0.038260 0.040900 
0.069580 0.058540 0.064720 0.010490 0.029920 
75
0.479817 0.014473 0.046210 
0.462778 0.970428 0.462022 
0.057405 0.015099 0.491768 
0.413175 0.011605 0.027343 0.033007 0.025873 
0.050920 0.012512 0.034898 0.031531 0.054958 
0.015613 0.022185 0.019380 0.023306 0.027022 
0.068944 0.043040 0.055804 0.007441 0.021444 
0.087130 0.033470 0.046870 0.049530 0.039770 
0.088610 0.033620 0.036890 0.080480 0.085360 
0.014750 0.040430 0.050680 0.038260 0.040900 
0.069580 0.058540 0.064720 0.010490 0.029920 
76
0.479817 0.014473 0.046210 
0.462778 0.970428 0.462022 
0.057405 0.015099 0.491768 
0.065826 0.013080 0.015795 0.015754 0.116418 
0.034838 0.014675 0.214192 0.017128 0.140778 
0.030231 0.015196 0.016046 0.014629 0.018694 
0.022629 0.032410 0.156117 0.012228 0.033336 
0.087130 0.033470 0.046870 0.049530 0.039770 
0.088610 0.033620 0.036890 0.080480 0.085360 
0.014750 0.040430 0.050680 0.038260 0.040900 
0.069580 0.058540 0.064720 0.010490 0.029920 
77
0.479817 0.014473 0.046210 
0.462778 0.970428 0.462022 
0.057405 0.015099 0.491768 
0.314661 0.011006 0.035464 0.047580 0.025547 
0.052301 0.015516 0.038413 0.043002 0.060165 
0.017241 0.031228 0.023288 0.040010 0.035611 
0.062702 0.041354 0.072062 0.008511 0.024336 
0.087130 0.033470 0.046870 0.049530 0.039770 
0.088610 0.033620 0.036890 0.080480 0.085360 
0.014750 0.040430 0.050680 0.038260 0.040900 
0.069580 0.058540 0.064720 0.010490 0.029920 
78
0.479817 0.014473 0.046210 
0.462778 0.970428 0.462022 
0.057405 0.015099 0.491768 
0.066877 0.004862 0.047274 0.061886 0.017856 
0.039835 0.018832 0.027481 0.068756 0.047230 
0.013883 0.039657 0.025732 0.145903 0.220750 
0.045587 0.041255 0.035587 0.008429 0.022328 
0.087130 0.033470 0.046870 0.049530 0.039770 
0.088610 0.033620 0.036890 0.080480 0.085360 
0.014750 0.040430 0.050680 0.038260 0.040900 
0.069580 0.058540 0.064720 0.010490 0.029920 
79
0.479817 0.014473 0.046210 
0.462778 0.970428 0.462022 
0.057405 0.015099 0.491768 
0.068794 0.007360 0.062682 0.045510 0.020967 
0.069832 0.019740 0.023007 0.044347 0.036633 
0.011148 0.139648 0.032615 0.031096 0.034457 
0.222689 0.065079 0.033082 0.008632 0.022680 
0.087130 0.033470 0.046870 0.049530 0.039770 
0.088610 0.033620 0.036890 0.080480 0.085360 
0.014750 0.040430 0.050680 0.038260 0.040900 
0.069580 0.058540 0.064720 0.010490 0.029920 
80
0.479817 0.014473 0.046210 
0.462778 0.970428 0.462022 
0.057405 0.079896 0.431339 
0.174289 0.008261 0.056612 0.053991 0.026281 
0.089391 0.020724 0.035815 0.060122 0.057202 
0.016426 0.097936 0.032171 0.036786 0.043460 
0.063345 0.045019 0.045090 0.010264 0.026817 
0.087141 0.033466 0.046865 0.049524 0.039765 
0.088693 0.033616 0.036886 0.080471 0.085350 
0.014748 0.040425 0.050674 0.038256 0.040895 
0.069572 0.058533 0.064713 0.010489 0.029917 
81
0.479817 0.014473 0.040532 
0.462778 0.905630 0.528129 
0.057405 0.015099 0.491768 
0.097812 0.011575 0.039907 0.042958 0.043071 
0.058403 0.033008 0.066118 0.044264 0.173692 
0.027287 0.034059 0.027330 0.042051 0.043141 
0.042401 0.045493 0.073385 0.014935 0.039109 
0.087130 0.033470 0.046870 0.049530 0.039770 
0.088610 0.033620 0.036890 0.080480 0.085360 
0.014750 0.040430 0.050680 0.038260 0.040900 
0.069580 0.058540 0.064720 0.010490 0.029920 
82
0.479817 0.014473 0.046210 
0.462778 0.970428 0.462022 
0.057405 0.015099 0.491768 
0.066727 0.011918 0.020465 0.021353 0.184417 
0.034701 0.018164 0.071311 0.018971 0.211891 
0.031570 0.020375 0.016190 0.021222 0.021227 
0.027419 0.031206 0.078145 0.019624 0.073104 
0.087130 0.033470 0.046870 0.049530 0.039770 
0.088610 0.033620 0.036890 0.080480 0.085360 
0.014750 0.040430 0.050680 0.038260 0.040900 
0.069580 0.058540 0.064720 0.010490 0.029920 
83
0.479817 0.014473 0.046210 
0.462778 0.970428 0.462022 
0.057405 0.015099 0.491768 
0.068890 0.005048 0.090806 0.205546 0.020325 
0.065786 0.020341 0.024243 0.064640 0.042525 
0.012396 0.090845 0.027112 0.044741 0.044635 
0.055741 0.053414 0.031646 0.008978 0.022342 
0.087130 0.033470 0.046870 0.049530 0.039770 
0.088610 0.033620 0.036890 0.080480 0.085360 
0.014750 0.040430 0.050680 0.038260 0.040900 
