%  SAM: modelfromalign v3.5 (July 15, 2005) compiled 12/05/20_11:48:22
%  (c) 1992-2001 Regents of the University of California, Santa Cruz
%
%          Sequence Alignment and Modeling Software System
%         http://www.cse.ucsc.edu/research/compbio/sam.html
%
% ----------------- Citations (SAM, SAM-T2K, HMMs) --------------------
% R. Hughey, A. Krogh, Hidden Markov models for sequence analysis:
%  Extension and analysis of the basic method, CABIOS 12:95-107, 1996.
% K. Karplus, et al., What is the value added by human intervention in protein
%  structure prediction, Proteins: Stucture, Function, Genetics 45(S5):86--91, 2001.
% A. Krogh et al., Hidden Markov models in computational biology:
%  Applications to protein modeling, JMB 235:1501-1531, Feb 1994.
% ---------------------------------------------------------------------
%  last   Host: gauntlet    Thu Feb 11 16:21:37 2021
%  dgpinheiro   Dir:  /data/GitHub/sfFinder/example/output/subfamily/TEST1/flowerpower/fp-workspace/final
% ---------------------------------------------------------------------
% Prior File:  Internal (Name: recode3.20comp) 
%   20 priors on 20 characters.
%  Alignment weights from internal calc.  Total (1.57) Max (0.00) Min (0.00)
%  Weights from alignment method 1 (karplus), b=0.500000, e=0.500000
MODEL --  Model from alignment file last.a2m
alphabet protein
FREQAVE
0.000000 0.000000 0.000000 
0.000000 0.000000 0.000000 
0.000000 0.000000 0.000000 
0.073366 0.015731 0.056938 0.066613 0.049655 
0.061768 0.028683 0.052055 0.058198 0.085039 
0.025996 0.041873 0.045380 0.042494 0.052400 
0.059160 0.053814 0.060939 0.022990 0.046909 
0.073366 0.015731 0.056938 0.066613 0.049655 
0.061768 0.028683 0.052055 0.058198 0.085039 
0.025996 0.041873 0.045380 0.042494 0.052400 
0.059160 0.053814 0.060939 0.022990 0.046909 
Begin
0.000000 0.000000 0.000000 
0.000000 0.000000 0.000000 
0.000000 0.102655 0.805442 
0.000000 0.000000 0.000000 0.000000 0.000000 
0.000000 0.000000 0.000000 0.000000 0.000000 
0.000000 0.000000 0.000000 0.000000 0.000000 
0.000000 0.000000 0.000000 0.000000 0.000000 
0.087135 0.033412 0.046877 0.049460 0.039687 
0.088502 0.033556 0.036842 0.080764 0.085459 
0.014906 0.040443 0.050641 0.038240 0.040935 
0.069509 0.058601 0.064641 0.010468 0.029922 
1
0.000000 0.014473 0.062158 
0.000000 0.882872 0.132400 
0.042026 0.016442 0.491768 
0.073849 0.011341 0.055382 0.077859 0.031255 
0.050288 0.025736 0.049513 0.089142 0.078273 
0.026549 0.045530 0.043371 0.049018 0.065838 
0.064217 0.059435 0.061456 0.010921 0.031030 
0.087130 0.033470 0.046870 0.049530 0.039770 
0.088610 0.033620 0.036890 0.080480 0.085360 
0.014750 0.040430 0.050680 0.038260 0.040900 
0.069580 0.058540 0.064720 0.010490 0.029920 
2
0.618666 0.015761 0.046210 
0.339307 0.967797 0.462022 
0.042048 0.016440 0.491768 
0.074739 0.010126 0.063498 0.084080 0.026698 
0.060192 0.025813 0.038238 0.088947 0.061874 
0.018736 0.050333 0.054556 0.049766 0.074188 
0.069149 0.060331 0.050480 0.009851 0.028406 
0.087130 0.033470 0.046870 0.049530 0.039770 
0.088610 0.033620 0.036890 0.080480 0.085360 
0.014750 0.040430 0.050680 0.038260 0.040900 
0.069580 0.058540 0.064720 0.010490 0.029920 
3
0.617844 0.015758 0.046210 
0.340108 0.967802 0.462022 
0.042095 0.016433 0.491768 
0.075283 0.013325 0.039952 0.058160 0.039798 
0.039698 0.021959 0.079821 0.058221 0.137312 
0.030767 0.034545 0.039807 0.038387 0.050279 
0.053063 0.053742 0.090968 0.012015 0.032897 
0.087130 0.033470 0.046870 0.049530 0.039770 
0.088610 0.033620 0.036890 0.080480 0.085360 
0.014750 0.040430 0.050680 0.038260 0.040900 
0.069580 0.058540 0.064720 0.010490 0.029920 
4
0.618547 0.015752 0.046210 
0.339357 0.967814 0.462022 
0.042095 0.016433 0.491768 
0.074470 0.011193 0.066467 0.075944 0.029588 
0.077857 0.027171 0.039441 0.070181 0.067469 
0.019285 0.061384 0.047580 0.045919 0.059332 
0.071320 0.060815 0.051646 0.010886 0.032052 
0.087130 0.033470 0.046870 0.049530 0.039770 
0.088610 0.033620 0.036890 0.080480 0.085360 
0.014750 0.040430 0.050680 0.038260 0.040900 
0.069580 0.058540 0.064720 0.010490 0.029920 
5
0.618547 0.015752 0.046210 
0.339357 0.967814 0.462022 
0.042095 0.016433 0.491768 
0.077863 0.012022 0.054511 0.075319 0.033208 
0.050080 0.024899 0.051036 0.071051 0.092181 
0.023279 0.045847 0.049439 0.046073 0.060199 
0.064166 0.060179 0.064689 0.011180 0.032780 
0.087130 0.033470 0.046870 0.049530 0.039770 
0.088610 0.033620 0.036890 0.080480 0.085360 
0.014750 0.040430 0.050680 0.038260 0.040900 
0.069580 0.058540 0.064720 0.010490 0.029920 
6
0.460775 0.015752 0.046210 
0.497129 0.967814 0.462022 
0.049981 0.015617 0.491768 
0.058386 0.006475 0.054328 0.086911 0.015776 
0.041800 0.024336 0.024485 0.210568 0.042774 
0.013576 0.046245 0.034638 0.057087 0.117180 
0.057665 0.049217 0.033500 0.006348 0.018703 
0.087130 0.033470 0.046870 0.049530 0.039770 
0.088610 0.033620 0.036890 0.080480 0.085360 
0.014750 0.040430 0.050680 0.038260 0.040900 
0.069580 0.058540 0.064720 0.010490 0.029920 
7
0.547091 0.014970 0.046210 
0.402928 0.969413 0.462022 
0.049981 0.015617 0.491768 
0.061071 0.005471 0.158234 0.197128 0.012725 
0.048753 0.021745 0.017676 0.076203 0.030690 
0.010078 0.055198 0.037563 0.054882 0.052457 
0.064271 0.048034 0.026714 0.005377 0.015729 
0.087130 0.033470 0.046870 0.049530 0.039770 
0.088610 0.033620 0.036890 0.080480 0.085360 
0.014750 0.040430 0.050680 0.038260 0.040900 
0.069580 0.058540 0.064720 0.010490 0.029920 
8
0.547091 0.014970 0.046210 
0.402928 0.969413 0.462022 
0.049981 0.015617 0.491768 
0.061652 0.007017 0.062463 0.087754 0.017622 
0.046438 0.025381 0.025751 0.131883 0.044357 
0.014203 0.059647 0.034406 0.055809 0.148140 
0.062829 0.052161 0.034942 0.007116 0.020431 
0.087130 0.033470 0.046870 0.049530 0.039770 
0.088610 0.033620 0.036890 0.080480 0.085360 
0.014750 0.040430 0.050680 0.038260 0.040900 
0.069580 0.058540 0.064720 0.010490 0.029920 
9
0.547091 0.014970 0.046210 
0.402928 0.969413 0.462022 
0.049981 0.015617 0.491768 
0.047400 0.012881 0.026540 0.033000 0.094555 
0.030530 0.037167 0.042998 0.034163 0.073580 
0.021553 0.030200 0.022428 0.025489 0.034388 
0.040320 0.038620 0.050102 0.041444 0.262642 
0.087130 0.033470 0.046870 0.049530 0.039770 
0.088610 0.033620 0.036890 0.080480 0.085360 
0.014750 0.040430 0.050680 0.038260 0.040900 
0.069580 0.058540 0.064720 0.010490 0.029920 
10
0.545869 0.014970 0.046210 
0.404150 0.969413 0.462022 
0.050042 0.015612 0.491768 
0.128421 0.010540 0.054607 0.072358 0.029903 
0.048537 0.026931 0.041887 0.067755 0.066054 
0.021013 0.051402 0.036645 0.054033 0.064150 
0.065952 0.061567 0.052470 0.011337 0.034436 
0.087130 0.033470 0.046870 0.049530 0.039770 
0.088610 0.033620 0.036890 0.080480 0.085360 
0.014750 0.040430 0.050680 0.038260 0.040900 
0.069580 0.058540 0.064720 0.010490 0.029920 
11
0.546537 0.014965 0.046210 
0.403421 0.969423 0.462022 
0.050042 0.015612 0.491768 
0.100819 0.014983 0.035024 0.047561 0.046060 
0.036197 0.030729 0.065282 0.048986 0.111321 
0.040082 0.034847 0.031909 0.037529 0.048805 
0.058697 0.061044 0.081518 0.016623 0.051983 
0.087130 0.033470 0.046870 0.049530 0.039770 
0.088610 0.033620 0.036890 0.080480 0.085360 
0.014750 0.040430 0.050680 0.038260 0.040900 
0.069580 0.058540 0.064720 0.010490 0.029920 
12
0.419517 0.014965 0.046210 
0.530441 0.969423 0.462022 
0.057323 0.015104 0.491768 
0.060302 0.011101 0.013051 0.014772 0.045704 
0.021688 0.010389 0.097508 0.015932 0.411666 
0.061934 0.012622 0.012362 0.013913 0.017130 
0.018846 0.038646 0.086758 0.010311 0.025363 
0.087130 0.033470 0.046870 0.049530 0.039770 
0.088610 0.033620 0.036890 0.080480 0.085360 
0.014750 0.040430 0.050680 0.038260 0.040900 
0.069580 0.058540 0.064720 0.010490 0.029920 
13
0.480557 0.014478 0.046210 
0.462119 0.970418 0.462022 
0.057323 0.015104 0.491768 
0.092519 0.007485 0.034820 0.037776 0.020098 
0.037133 0.013844 0.031569 0.037169 0.042607 
0.015376 0.032953 0.023473 0.027663 0.029086 
0.090827 0.352550 0.045799 0.006888 0.020364 
0.087130 0.033470 0.046870 0.049530 0.039770 
0.088610 0.033620 0.036890 0.080480 0.085360 
0.014750 0.040430 0.050680 0.038260 0.040900 
0.069580 0.058540 0.064720 0.010490 0.029920 
14
0.479840 0.014478 0.046210 
0.462837 0.970418 0.462022 
0.057365 0.015101 0.491768 
0.052518 0.004825 0.038588 0.047705 0.015907 
0.036678 0.016338 0.023534 0.053495 0.040716 
0.011767 0.031390 0.023616 0.034063 0.422881 
0.039071 0.048369 0.032191 0.007224 0.019125 
0.087130 0.033470 0.046870 0.049530 0.039770 
0.088610 0.033620 0.036890 0.080480 0.085360 
0.014750 0.040430 0.050680 0.038260 0.040900 
0.069580 0.058540 0.064720 0.010490 0.029920 
15
0.480184 0.014476 0.046210 
0.462451 0.970423 0.462022 
0.057365 0.015101 0.491768 
0.066874 0.004900 0.089429 0.031720 0.013621 
0.446361 0.012543 0.019005 0.034351 0.026881 
0.010419 0.047115 0.022521 0.022679 0.026191 
0.050522 0.032502 0.019682 0.006217 0.016468 
0.087130 0.033470 0.046870 0.049530 0.039770 
0.088610 0.033620 0.036890 0.080480 0.085360 
0.014750 0.040430 0.050680 0.038260 0.040900 
0.069580 0.058540 0.064720 0.010490 0.029920 
16
0.480184 0.014476 0.046210 
0.462451 0.970423 0.462022 
0.057365 0.015101 0.491768 
0.041166 0.008478 0.008492 0.010353 0.033409 
0.014066 0.006647 0.064313 0.011008 0.582177 
0.028922 0.008738 0.009630 0.009731 0.011076 
0.013608 0.030700 0.081715 0.007608 0.018163 
0.087130 0.033470 0.046870 0.049530 0.039770 
0.088610 0.033620 0.036890 0.080480 0.085360 
0.014750 0.040430 0.050680 0.038260 0.040900 
0.069580 0.058540 0.064720 0.010490 0.029920 
17
0.479479 0.014476 0.046210 
0.463157 0.970423 0.462022 
0.057405 0.015099 0.491768 
0.092842 0.005526 0.061682 0.030158 0.015480 
0.430409 0.014387 0.021563 0.032885 0.029212 
0.011561 0.054064 0.023505 0.020720 0.023973 
0.054332 0.031561 0.021266 0.006888 0.017988 
0.087130 0.033470 0.046870 0.049530 0.039770 
0.088610 0.033620 0.036890 0.080480 0.085360 
0.014750 0.040430 0.050680 0.038260 0.040900 
0.069580 0.058540 0.064720 0.010490 0.029920 
18
0.479817 0.014473 0.046210 
0.462778 0.970428 0.462022 
0.057405 0.015099 0.491768 
0.018061 0.004843 0.009006 0.010870 0.034708 
0.017781 0.006163 0.017769 0.009169 0.043460 
0.010382 0.007325 0.008187 0.006084 0.013354 
0.011769 0.010444 0.023117 0.707801 0.029707 
0.087130 0.033470 0.046870 0.049530 0.039770 
0.088610 0.033620 0.036890 0.080480 0.085360 
0.014750 0.040430 0.050680 0.038260 0.040900 
0.069580 0.058540 0.064720 0.010490 0.029920 
19
0.479817 0.014473 0.046210 
0.462778 0.970428 0.462022 
0.057405 0.015099 0.491768 
0.074594 0.003165 0.258428 0.188120 0.014410 
0.040620 0.014180 0.016859 0.051928 0.031307 
0.009339 0.050068 0.021085 0.048646 0.032886 
0.057216 0.042307 0.024214 0.005487 0.015140 
0.087130 0.033470 0.046870 0.049530 0.039770 
0.088610 0.033620 0.036890 0.080480 0.085360 
0.014750 0.040430 0.050680 0.038260 0.040900 
0.069580 0.058540 0.064720 0.010490 0.029920 
20
0.479817 0.014473 0.046210 
0.462778 0.970428 0.462022 
0.057405 0.015099 0.491768 
0.063912 0.008734 0.036439 0.036530 0.039263 
0.045469 0.015797 0.043114 0.035174 0.071608 
0.015557 0.034351 0.055381 0.026764 0.028676 
0.079727 0.271963 0.056702 0.009064 0.025775 
0.087130 0.033470 0.046870 0.049530 0.039770 
0.088610 0.033620 0.036890 0.080480 0.085360 
0.014750 0.040430 0.050680 0.038260 0.040900 
0.069580 0.058540 0.064720 0.010490 0.029920 
21
0.479817 0.014473 0.046210 
0.462778 0.970428 0.462022 
0.057405 0.015099 0.491768 
0.053370 0.007186 0.037975 0.036239 0.017880 
0.045095 0.013253 0.026640 0.033062 0.029396 
0.009580 0.038576 0.025505 0.026041 0.024393 
0.209767 0.297742 0.042281 0.006253 0.019766 
0.087130 0.033470 0.046870 0.049530 0.039770 
0.088610 0.033620 0.036890 0.080480 0.085360 
0.014750 0.040430 0.050680 0.038260 0.040900 
0.069580 0.058540 0.064720 0.010490 0.029920 
22
0.479817 0.014473 0.046210 
0.462778 0.970428 0.462022 
0.057405 0.015099 0.491768 
0.031266 0.005600 0.017014 0.017943 0.058296 
0.026106 0.015115 0.026352 0.018097 0.043628 
0.010626 0.014919 0.013710 0.013794 0.018206 
0.022981 0.022140 0.034998 0.014413 0.574798 
0.087130 0.033470 0.046870 0.049530 0.039770 
0.088610 0.033620 0.036890 0.080480 0.085360 
0.014750 0.040430 0.050680 0.038260 0.040900 
0.069580 0.058540 0.064720 0.010490 0.029920 
23
0.479817 0.014473 0.046210 
0.462778 0.970428 0.462022 
0.057405 0.015099 0.491768 
0.065945 0.005187 0.051713 0.095874 0.018354 
0.039002 0.018283 0.026239 0.062135 0.045159 
0.013280 0.035338 0.025429 0.257312 0.055658 
0.046526 0.042340 0.066548 0.008072 0.021606 
0.087130 0.033470 0.046870 0.049530 0.039770 
0.088610 0.033620 0.036890 0.080480 0.085360 
0.014750 0.040430 0.050680 0.038260 0.040900 
0.069580 0.058540 0.064720 0.010490 0.029920 
24
0.479817 0.014473 0.046210 
0.462778 0.970428 0.462022 
0.057405 0.015099 0.491768 
0.061538 0.005603 0.126895 0.049092 0.022089 
0.057434 0.017087 0.027667 0.055489 0.044574 
0.009948 0.051335 0.202270 0.030674 0.039002 
0.079949 0.050612 0.038178 0.008476 0.022087 
0.087130 0.033470 0.046870 0.049530 0.039770 
0.088610 0.033620 0.036890 0.080480 0.085360 
0.014750 0.040430 0.050680 0.038260 0.040900 
0.069580 0.058540 0.064720 0.010490 0.029920 
25
0.479817 0.014473 0.046210 
0.462778 0.970428 0.462022 
0.057405 0.015099 0.491768 
0.079545 0.009034 0.041665 0.063454 0.033853 
0.055611 0.022291 0.062608 0.057402 0.079480 
0.148757 0.034263 0.027159 0.034918 0.054850 
0.042712 0.043577 0.060980 0.013415 0.034428 
0.087130 0.033470 0.046870 0.049530 0.039770 
0.088610 0.033620 0.036890 0.080480 0.085360 
0.014750 0.040430 0.050680 0.038260 0.040900 
0.069580 0.058540 0.064720 0.010490 0.029920 
26
0.479817 0.014473 0.046210 
0.462778 0.970428 0.462022 
0.057405 0.015099 0.491768 
0.059811 0.003296 0.344306 0.119813 0.012688 
0.040577 0.014378 0.016558 0.053042 0.028201 
0.008707 0.064313 0.021320 0.046124 0.031564 
0.056768 0.036389 0.023539 0.004675 0.013931 
0.087130 0.033470 0.046870 0.049530 0.039770 
0.088610 0.033620 0.036890 0.080480 0.085360 
0.014750 0.040430 0.050680 0.038260 0.040900 
0.069580 0.058540 0.064720 0.010490 0.029920 
27
0.479817 0.014473 0.046210 
0.462778 0.970428 0.462022 
0.057405 0.015099 0.491768 
0.072242 0.003666 0.090451 0.131561 0.013952 
0.036601 0.016884 0.021985 0.259240 0.039734 
0.011079 0.035836 0.024283 0.047332 0.053221 
0.046300 0.036984 0.034568 0.006488 0.017593 
0.087130 0.033470 0.046870 0.049530 0.039770 
0.088610 0.033620 0.036890 0.080480 0.085360 
0.014750 0.040430 0.050680 0.038260 0.040900 
0.069580 0.058540 0.064720 0.010490 0.029920 
28
0.479817 0.014473 0.046210 
0.462778 0.970428 0.462022 
0.057405 0.015099 0.491768 
0.066300 0.012682 0.008101 0.007732 0.035340 
0.016294 0.006698 0.211052 0.010660 0.095901 
0.017928 0.007530 0.011762 0.007399 0.009880 
0.016895 0.028594 0.402921 0.006420 0.019910 
0.087130 0.033470 0.046870 0.049530 0.039770 
0.088610 0.033620 0.036890 0.080480 0.085360 
0.014750 0.040430 0.050680 0.038260 0.040900 
0.069580 0.058540 0.064720 0.010490 0.029920 
29
0.479817 0.014473 0.046210 
0.462778 0.970428 0.462022 
0.057405 0.015099 0.491768 
0.034153 0.007741 0.011465 0.014838 0.546298 
0.019544 0.008787 0.042715 0.012965 0.071301 
0.015339 0.010320 0.011517 0.011107 0.010418 
0.018974 0.020885 0.046048 0.021393 0.064194 
0.087130 0.033470 0.046870 0.049530 0.039770 
0.088610 0.033620 0.036890 0.080480 0.085360 
0.014750 0.040430 0.050680 0.038260 0.040900 
0.069580 0.058540 0.064720 0.010490 0.029920 
30
0.479817 0.014473 0.046210 
0.462778 0.970428 0.462022 
0.057405 0.015099 0.491768 
0.052022 0.004217 0.034575 0.034567 0.016906 
0.037433 0.011481 0.024131 0.050689 0.039921 
0.007226 0.027250 0.462250 0.024488 0.035754 
0.042415 0.036196 0.035660 0.006004 0.016813 
0.087130 0.033470 0.046870 0.049530 0.039770 
0.088610 0.033620 0.036890 0.080480 0.085360 
0.014750 0.040430 0.050680 0.038260 0.040900 
0.069580 0.058540 0.064720 0.010490 0.029920 
31
0.479817 0.088601 0.046210 
0.462778 0.896300 0.462022 
0.043096 0.016308 0.491768 
0.068848 0.009824 0.075131 0.089596 0.027856 
0.056793 0.041664 0.035941 0.077155 0.058939 
0.018744 0.057327 0.043876 0.057411 0.063541 
0.071348 0.058574 0.046040 0.010695 0.030697 
0.087130 0.033470 0.046870 0.049530 0.039770 
0.088610 0.033620 0.036890 0.080480 0.085360 
0.014750 0.040430 0.050680 0.038260 0.040900 
0.069580 0.058540 0.064720 0.010490 0.029920 
32
0.609479 0.029218 0.046210 
0.347425 0.954474 0.462022 
0.041347 0.016532 0.491768 
0.082188 0.013475 0.057580 0.073912 0.033124 
0.060636 0.024168 0.050771 0.065768 0.077766 
0.021534 0.045473 0.053527 0.042807 0.056268 
0.068477 0.062461 0.065866 0.011358 0.032840 
0.087130 0.033470 0.046870 0.049530 0.039770 
0.088610 0.033620 0.036890 0.080480 0.085360 
0.014750 0.040430 0.050680 0.038260 0.040900 
0.069580 0.058540 0.064720 0.010490 0.029920 
33
0.386180 0.016358 0.046210 
0.572472 0.967110 0.462022 
0.054236 0.015299 0.491768 
0.046395 0.008879 0.016312 0.019439 0.118917 
0.030305 0.023060 0.043721 0.017436 0.084981 
0.020238 0.018710 0.013865 0.016376 0.021533 
0.029586 0.032239 0.056426 0.030653 0.350929 
0.087130 0.033470 0.046870 0.049530 0.039770 
0.088610 0.033620 0.036890 0.080480 0.085360 
0.014750 0.040430 0.050680 0.038260 0.040900 
0.069580 0.058540 0.064720 0.010490 0.029920 
34
0.455302 0.014665 0.046210 
0.490462 0.970037 0.462022 
0.057286 0.015106 0.491768 
0.060649 0.003888 0.318602 0.097907 0.014303 
0.045099 0.015445 0.019866 0.052558 0.030192 
0.009206 0.072773 0.023461 0.035608 0.031038 
0.071021 0.048463 0.029591 0.005159 0.015171 
0.087130 0.033470 0.046870 0.049530 0.039770 
0.088610 0.033620 0.036890 0.080480 0.085360 
0.014750 0.040430 0.050680 0.038260 0.040900 
0.069580 0.058540 0.064720 0.010490 0.029920 
35
0.478817 0.014480 0.046210 
0.463897 0.970414 0.462022 
0.057405 0.015099 0.491768 
0.076364 0.007291 0.091538 0.052538 0.024797 
0.119041 0.024608 0.027162 0.068238 0.044688 
0.013341 0.145116 0.035906 0.034389 0.043854 
0.076166 0.047747 0.031508 0.010334 0.025373 
0.087130 0.033470 0.046870 0.049530 0.039770 
0.088610 0.033620 0.036890 0.080480 0.085360 
0.014750 0.040430 0.050680 0.038260 0.040900 
0.069580 0.058540 0.064720 0.010490 0.029920 
36
0.479817 0.014473 0.046210 
0.462778 0.970428 0.462022 
0.057405 0.015099 0.491768 
0.048763 0.008326 0.017643 0.023678 0.174155 
0.031324 0.024737 0.035256 0.017954 0.057682 
0.015344 0.020007 0.014115 0.016988 0.021872 
0.034856 0.031873 0.048289 0.028765 0.328373 
0.087130 0.033470 0.046870 0.049530 0.039770 
0.088610 0.033620 0.036890 0.080480 0.085360 
0.014750 0.040430 0.050680 0.038260 0.040900 
0.069580 0.058540 0.064720 0.010490 0.029920 
37
0.479817 0.014473 0.046210 
0.462778 0.970428 0.462022 
0.057405 0.015099 0.491768 
0.055641 0.003318 0.068159 0.420342 0.016503 
0.049937 0.014020 0.016161 0.061681 0.031153 
0.009560 0.028511 0.020479 0.044203 0.037310 
0.042135 0.034742 0.024774 0.005811 0.015558 
0.087130 0.033470 0.046870 0.049530 0.039770 
0.088610 0.033620 0.036890 0.080480 0.085360 
0.014750 0.040430 0.050680 0.038260 0.040900 
0.069580 0.058540 0.064720 0.010490 0.029920 
38
0.479817 0.014473 0.046210 
0.462778 0.970428 0.462022 
0.057405 0.015099 0.491768 
0.050889 0.003340 0.041475 0.019893 0.007980 
0.656731 0.007787 0.010756 0.022325 0.016964 
0.006304 0.025646 0.016415 0.013235 0.020334 
0.033128 0.020477 0.011798 0.003865 0.010657 
0.087130 0.033470 0.046870 0.049530 0.039770 
0.088610 0.033620 0.036890 0.080480 0.085360 
0.014750 0.040430 0.050680 0.038260 0.040900 
0.069580 0.058540 0.064720 0.010490 0.029920 
39
0.479817 0.014473 0.046210 
0.462778 0.970428 0.462022 
0.057405 0.015099 0.491768 
0.043616 0.010254 0.007922 0.008809 0.035410 
0.015050 0.006559 0.460352 0.010364 0.113634 
0.021854 0.008010 0.010519 0.008493 0.010214 
0.014332 0.023606 0.164483 0.007334 0.019187 
0.087130 0.033470 0.046870 0.049530 0.039770 
0.088610 0.033620 0.036890 0.080480 0.085360 
0.014750 0.040430 0.050680 0.038260 0.040900 
0.069580 0.058540 0.064720 0.010490 0.029920 
40
0.479817 0.014473 0.046210 
0.462778 0.970428 0.462022 
0.057405 0.015099 0.491768 
0.077818 0.010921 0.036006 0.040111 0.035501 
0.052741 0.019704 0.165456 0.079617 0.086953 
0.023603 0.028900 0.036890 0.030181 0.047138 
0.038410 0.043444 0.101759 0.012058 0.032789 
0.087130 0.033470 0.046870 0.049530 0.039770 
0.088610 0.033620 0.036890 0.080480 0.085360 
0.014750 0.040430 0.050680 0.038260 0.040900 
0.069580 0.058540 0.064720 0.010490 0.029920 
41
0.479817 0.014473 0.046210 
0.462778 0.970428 0.462022 
0.057405 0.015099 0.491768 
0.061898 0.010849 0.012641 0.014195 0.034757 
0.033015 0.008649 0.411707 0.016401 0.096701 
0.023154 0.011784 0.013282 0.012301 0.015187 
0.020396 0.033592 0.140695 0.007710 0.021085 
0.087130 0.033470 0.046870 0.049530 0.039770 
0.088610 0.033620 0.036890 0.080480 0.085360 
0.014750 0.040430 0.050680 0.038260 0.040900 
0.069580 0.058540 0.064720 0.010490 0.029920 
42
0.479817 0.014473 0.046210 
0.462778 0.970428 0.462022 
0.057405 0.015099 0.491768 
0.063172 0.006983 0.050293 0.091553 0.027419 
0.050597 0.187895 0.030608 0.062426 0.050675 
0.015312 0.043400 0.027787 0.038228 0.045264 
0.051885 0.074470 0.039330 0.012134 0.030570 
0.087130 0.033470 0.046870 0.049530 0.039770 
0.088610 0.033620 0.036890 0.080480 0.085360 
0.014750 0.040430 0.050680 0.038260 0.040900 
0.069580 0.058540 0.064720 0.010490 0.029920 
43
0.479817 0.014473 0.046210 
0.462778 0.970428 0.462022 
0.057405 0.015099 0.491768 
0.060716 0.003459 0.409234 0.077042 0.011603 
0.048057 0.014072 0.016551 0.044561 0.025881 
0.008079 0.077009 0.020781 0.030865 0.029036 
0.047194 0.035841 0.022981 0.004100 0.012938 
0.087130 0.033470 0.046870 0.049530 0.039770 
0.088610 0.033620 0.036890 0.080480 0.085360 
0.014750 0.040430 0.050680 0.038260 0.040900 
0.069580 0.058540 0.064720 0.010490 0.029920 
44
0.479817 0.014473 0.046210 
0.462778 0.970428 0.462022 
0.057405 0.015099 0.491768 
0.020296 0.005023 0.010400 0.013068 0.069556 
0.015413 0.012236 0.022065 0.012728 0.046113 
0.010990 0.010764 0.009483 0.009650 0.016147 
0.016411 0.015493 0.023208 0.598913 0.062043 
0.087130 0.033470 0.046870 0.049530 0.039770 
0.088610 0.033620 0.036890 0.080480 0.085360 
0.014750 0.040430 0.050680 0.038260 0.040900 
0.069580 0.058540 0.064720 0.010490 0.029920 
45
0.479817 0.014473 0.046210 
0.462778 0.970428 0.462022 
0.057405 0.015099 0.491768 
0.058334 0.003174 0.283816 0.185688 0.014095 
0.039943 0.014090 0.016169 0.049285 0.034565 
0.009121 0.052934 0.020887 0.044931 0.031881 
0.061047 0.035114 0.023569 0.006360 0.014997 
0.087130 0.033470 0.046870 0.049530 0.039770 
0.088610 0.033620 0.036890 0.080480 0.085360 
0.014750 0.040430 0.050680 0.038260 0.040900 
0.069580 0.058540 0.064720 0.010490 0.029920 
46
0.479817 0.014473 0.046210 
0.462778 0.970428 0.462022 
0.057405 0.015099 0.491768 
0.107412 0.006112 0.051439 0.042430 0.019457 
0.305520 0.016184 0.028173 0.074151 0.039562 
0.013734 0.049270 0.029263 0.031027 0.034216 
0.054266 0.037539 0.030368 0.008264 0.021616 
0.087130 0.033470 0.046870 0.049530 0.039770 
0.088610 0.033620 0.036890 0.080480 0.085360 
0.014750 0.040430 0.050680 0.038260 0.040900 
0.069580 0.058540 0.064720 0.010490 0.029920 
47
0.479817 0.014473 0.046210 
0.462778 0.970428 0.462022 
0.057405 0.015099 0.491768 
0.018307 0.004784 0.006157 0.010545 0.048502 
0.013548 0.005990 0.020894 0.008849 0.053113 
0.012795 0.006070 0.006134 0.005905 0.014644 
0.010737 0.009808 0.026555 0.676832 0.039831 
0.087130 0.033470 0.046870 0.049530 0.039770 
0.088610 0.033620 0.036890 0.080480 0.085360 
0.014750 0.040430 0.050680 0.038260 0.040900 
0.069580 0.058540 0.064720 0.010490 0.029920 
48
0.479817 0.014473 0.046210 
0.462778 0.970428 0.462022 
0.057405 0.015099 0.491768 
0.057328 0.002812 0.127021 0.399379 0.012755 
0.033068 0.012725 0.014511 0.049855 0.029445 
0.008963 0.026765 0.019225 0.048072 0.033759 
0.043082 0.033087 0.028301 0.005380 0.014468 
0.087130 0.033470 0.046870 0.049530 0.039770 
0.088610 0.033620 0.036890 0.080480 0.085360 
0.014750 0.040430 0.050680 0.038260 0.040900 
0.069580 0.058540 0.064720 0.010490 0.029920 
49
0.479817 0.014473 0.046210 
0.462778 0.970428 0.462022 
0.057405 0.015099 0.491768 
0.043146 0.003178 0.449941 0.115062 0.010881 
0.036667 0.012794 0.014299 0.040499 0.024004 
0.007379 0.054122 0.019535 0.030527 0.027509 
0.041044 0.031825 0.021047 0.004116 0.012425 
0.087130 0.033470 0.046870 0.049530 0.039770 
0.088610 0.033620 0.036890 0.080480 0.085360 
0.014750 0.040430 0.050680 0.038260 0.040900 
0.069580 0.058540 0.064720 0.010490 0.029920 
50
0.479817 0.014473 0.046210 
0.462778 0.970428 0.462022 
0.057405 0.015099 0.491768 
0.048959 0.004972 0.030176 0.035279 0.010477 
0.032138 0.010850 0.016957 0.032009 0.029097 
0.006296 0.019994 0.571404 0.018760 0.023530 
0.041662 0.028172 0.025898 0.003392 0.009976 
0.087130 0.033470 0.046870 0.049530 0.039770 
0.088610 0.033620 0.036890 0.080480 0.085360 
0.014750 0.040430 0.050680 0.038260 0.040900 
0.069580 0.058540 0.064720 0.010490 0.029920 
51
0.479817 0.014473 0.046210 
0.462778 0.970428 0.462022 
0.057405 0.015099 0.491768 
0.032667 0.007919 0.010098 0.014408 0.526008 
0.018337 0.009133 0.039488 0.011792 0.068380 
0.014597 0.009545 0.010741 0.010725 0.009036 
0.019204 0.020537 0.043946 0.026419 0.097020 
0.087130 0.033470 0.046870 0.049530 0.039770 
0.088610 0.033620 0.036890 0.080480 0.085360 
0.014750 0.040430 0.050680 0.038260 0.040900 
0.069580 0.058540 0.064720 0.010490 0.029920 
52
0.479817 0.014473 0.046210 
0.462778 0.970428 0.462022 
0.057405 0.015099 0.491768 
0.055912 0.004465 0.041370 0.053167 0.015216 
0.035982 0.017308 0.023054 0.093376 0.040102 
0.012063 0.033752 0.024231 0.038025 0.372759 
0.041337 0.039276 0.031610 0.007386 0.019609 
0.087130 0.033470 0.046870 0.049530 0.039770 
0.088610 0.033620 0.036890 0.080480 0.085360 
0.014750 0.040430 0.050680 0.038260 0.040900 
0.069580 0.058540 0.064720 0.010490 0.029920 
53
0.479817 0.014473 0.046210 
0.462778 0.970428 0.462022 
0.057405 0.015099 0.491768 
0.041997 0.008928 0.007283 0.008739 0.035331 
0.013474 0.006406 0.081840 0.009205 0.558104 
0.031879 0.007827 0.009213 0.009119 0.009914 
0.012628 0.020894 0.100570 0.007885 0.018764 
0.087130 0.033470 0.046870 0.049530 0.039770 
0.088610 0.033620 0.036890 0.080480 0.085360 
0.014750 0.040430 0.050680 0.038260 0.040900 
0.069580 0.058540 0.064720 0.010490 0.029920 
54
0.479817 0.014473 0.046210 
0.462778 0.970428 0.462022 
0.057405 0.015099 0.491768 
0.047333 0.006071 0.033673 0.034902 0.016180 
0.034375 0.012806 0.024273 0.034361 0.031913 
0.009528 0.031632 0.022492 0.025258 0.026575 
0.106341 0.442004 0.036727 0.005885 0.017673 
0.087130 0.033470 0.046870 0.049530 0.039770 
0.088610 0.033620 0.036890 0.080480 0.085360 
0.014750 0.040430 0.050680 0.038260 0.040900 
0.069580 0.058540 0.064720 0.010490 0.029920 
55
0.479817 0.014473 0.046210 
0.462778 0.970428 0.462022 
0.057405 0.015099 0.491768 
0.071169 0.011484 0.022777 0.026267 0.051814 
0.037774 0.014351 0.073751 0.026903 0.114750 
0.250651 0.020745 0.017729 0.020948 0.025969 
0.030705 0.035383 0.081533 0.013053 0.052245 
0.087130 0.033470 0.046870 0.049530 0.039770 
0.088610 0.033620 0.036890 0.080480 0.085360 
0.014750 0.040430 0.050680 0.038260 0.040900 
0.069580 0.058540 0.064720 0.010490 0.029920 
56
0.479817 0.014473 0.046210 
0.462778 0.970428 0.462022 
0.057405 0.015099 0.491768 
0.043133 0.003611 0.461924 0.056566 0.011513 
0.037794 0.013956 0.015613 0.043032 0.025886 
0.007924 0.053605 0.025317 0.029061 0.055675 
0.041170 0.033340 0.022636 0.004638 0.013605 
0.087130 0.033470 0.046870 0.049530 0.039770 
0.088610 0.033620 0.036890 0.080480 0.085360 
0.014750 0.040430 0.050680 0.038260 0.040900 
0.069580 0.058540 0.064720 0.010490 0.029920 
57
0.479817 0.014473 0.046210 
0.462778 0.970428 0.462022 
0.057405 0.015099 0.491768 
0.362601 0.008186 0.044312 0.072244 0.019813 
0.048308 0.015290 0.028756 0.048396 0.047206 
0.013812 0.032959 0.022438 0.032746 0.037852 
0.054699 0.039179 0.043205 0.007358 0.020639 
0.087130 0.033470 0.046870 0.049530 0.039770 
0.088610 0.033620 0.036890 0.080480 0.085360 
0.014750 0.040430 0.050680 0.038260 0.040900 
0.069580 0.058540 0.064720 0.010490 0.029920 
58
0.479817 0.014473 0.046210 
0.462778 0.970428 0.462022 
0.057405 0.015099 0.491768 
0.028827 0.008871 0.015986 0.018441 0.101567 
0.018849 0.028143 0.030091 0.019221 0.056298 
0.014314 0.017937 0.013214 0.013857 0.019698 
0.023294 0.021437 0.033011 0.030404 0.486539 
0.087130 0.033470 0.046870 0.049530 0.039770 
0.088610 0.033620 0.036890 0.080480 0.085360 
0.014750 0.040430 0.050680 0.038260 0.040900 
0.069580 0.058540 0.064720 0.010490 0.029920 
59
0.479817 0.014473 0.046210 
0.462778 0.970428 0.462022 
0.057405 0.015099 0.491768 
0.021931 0.005183 0.007573 0.011650 0.041722 
0.014721 0.006412 0.025295 0.010351 0.057516 
0.013654 0.007250 0.007203 0.007157 0.014928 
0.012148 0.011926 0.056597 0.632396 0.034388 
0.087130 0.033470 0.046870 0.049530 0.039770 
0.088610 0.033620 0.036890 0.080480 0.085360 
0.014750 0.040430 0.050680 0.038260 0.040900 
0.069580 0.058540 0.064720 0.010490 0.029920 
60
0.479817 0.014473 0.046210 
0.462778 0.970428 0.462022 
0.057405 0.015099 0.491768 
0.058214 0.004166 0.043423 0.056795 0.014009 
0.035225 0.024190 0.021106 0.396628 0.037386 
0.013652 0.034285 0.024234 0.040070 0.058788 
0.044550 0.038861 0.029464 0.006748 0.018205 
0.087130 0.033470 0.046870 0.049530 0.039770 
0.088610 0.033620 0.036890 0.080480 0.085360 
0.014750 0.040430 0.050680 0.038260 0.040900 
0.069580 0.058540 0.064720 0.010490 0.029920 
61
0.479817 0.014473 0.046210 
0.462778 0.970428 0.462022 
0.057405 0.015099 0.491768 
0.049127 0.010002 0.018643 0.020801 0.241238 
0.036676 0.021999 0.056393 0.016026 0.074425 
0.018966 0.024394 0.015785 0.016381 0.018992 
0.030730 0.029826 0.065331 0.029436 0.204827 
0.087130 0.033470 0.046870 0.049530 0.039770 
0.088610 0.033620 0.036890 0.080480 0.085360 
0.014750 0.040430 0.050680 0.038260 0.040900 
0.069580 0.058540 0.064720 0.010490 0.029920 
62
0.479817 0.014473 0.046210 
0.462778 0.970428 0.462022 
0.057405 0.015099 0.491768 
0.064854 0.006080 0.049931 0.062899 0.020649 
0.044184 0.018920 0.029293 0.060824 0.050257 
0.014191 0.036813 0.027404 0.303011 0.047010 
0.048027 0.044763 0.039493 0.008515 0.022881 
0.087130 0.033470 0.046870 0.049530 0.039770 
0.088610 0.033620 0.036890 0.080480 0.085360 
0.014750 0.040430 0.050680 0.038260 0.040900 
0.069580 0.058540 0.064720 0.010490 0.029920 
63
0.479817 0.014473 0.046210 
0.462778 0.970428 0.462022 
0.057405 0.015099 0.491768 
0.173087 0.010669 0.042593 0.042251 0.025689 
0.111749 0.016992 0.032625 0.039188 0.050753 
0.014971 0.039714 0.029503 0.028095 0.042327 
0.163752 0.047565 0.054165 0.009359 0.024954 
0.087130 0.033470 0.046870 0.049530 0.039770 
0.088610 0.033620 0.036890 0.080480 0.085360 
0.014750 0.040430 0.050680 0.038260 0.040900 
0.069580 0.058540 0.064720 0.010490 0.029920 
64
0.479817 0.014473 0.046210 
0.462778 0.970428 0.462022 
0.057405 0.015099 0.491768 
0.052065 0.003176 0.076924 0.455901 0.012337 
0.041684 0.013145 0.014611 0.047909 0.028510 
0.008696 0.026579 0.019760 0.041474 0.034098 
0.040033 0.040078 0.022965 0.005435 0.014619 
0.087130 0.033470 0.046870 0.049530 0.039770 
0.088610 0.033620 0.036890 0.080480 0.085360 
0.014750 0.040430 0.050680 0.038260 0.040900 
0.069580 0.058540 0.064720 0.010490 0.029920 
65
0.479817 0.014473 0.046210 
0.462778 0.970428 0.462022 
0.057405 0.015099 0.491768 
0.047178 0.005141 0.044891 0.070743 0.011667 
0.035847 0.019258 0.018732 0.370575 0.033303 
0.010326 0.037008 0.028769 0.046857 0.090542 
0.045002 0.039058 0.026043 0.004705 0.014354 
0.087130 0.033470 0.046870 0.049530 0.039770 
0.088610 0.033620 0.036890 0.080480 0.085360 
0.014750 0.040430 0.050680 0.038260 0.040900 
0.069580 0.058540 0.064720 0.010490 0.029920 
66
0.479817 0.014473 0.046210 
0.462778 0.970428 0.462022 
0.057405 0.015099 0.491768 
0.051127 0.002963 0.102394 0.461989 0.011974 
0.033086 0.012453 0.013583 0.045601 0.027139 
0.008237 0.025258 0.019210 0.041609 0.031960 
0.039280 0.031239 0.021734 0.005187 0.013976 
0.087130 0.033470 0.046870 0.049530 0.039770 
0.088610 0.033620 0.036890 0.080480 0.085360 
0.014750 0.040430 0.050680 0.038260 0.040900 
0.069580 0.058540 0.064720 0.010490 0.029920 
67
0.479817 0.014473 0.046210 
0.462778 0.970428 0.462022 
0.057405 0.015099 0.491768 
0.087270 0.004004 0.055754 0.066186 0.015985 
0.037404 0.017359 0.027808 0.221750 0.048058 
0.013418 0.034750 0.024986 0.044670 0.142683 
0.052756 0.043359 0.033914 0.007591 0.020293 
0.087130 0.033470 0.046870 0.049530 0.039770 
0.088610 0.033620 0.036890 0.080480 0.085360 
0.014750 0.040430 0.050680 0.038260 0.040900 
0.069580 0.058540 0.064720 0.010490 0.029920 
68
0.479817 0.014473 0.046210 
0.462778 0.970428 0.462022 
0.057405 0.015099 0.491768 
0.059840 0.004056 0.044279 0.057738 0.013665 
0.060827 0.016834 0.020647 0.364303 0.036557 
0.010802 0.034248 0.024644 0.040198 0.060667 
0.051544 0.046083 0.028689 0.006581 0.017799 
0.087130 0.033470 0.046870 0.049530 0.039770 
0.088610 0.033620 0.036890 0.080480 0.085360 
0.014750 0.040430 0.050680 0.038260 0.040900 
0.069580 0.058540 0.064720 0.010490 0.029920 
69
0.479817 0.014473 0.046210 
0.462778 0.970428 0.462022 
0.057405 0.015099 0.491768 
0.048911 0.008891 0.007576 0.009024 0.041485 
0.013901 0.006522 0.080122 0.009492 0.548159 
0.023798 0.008024 0.009292 0.008955 0.010151 
0.013027 0.026168 0.099995 0.007798 0.018711 
0.087130 0.033470 0.046870 0.049530 0.039770 
0.088610 0.033620 0.036890 0.080480 0.085360 
0.014750 0.040430 0.050680 0.038260 0.040900 
0.069580 0.058540 0.064720 0.010490 0.029920 
70
0.479817 0.014473 0.046210 
0.462778 0.970428 0.462022 
0.057405 0.015099 0.491768 
0.034125 0.005504 0.019488 0.022582 0.064550 
0.034897 0.017559 0.022974 0.028862 0.039905 
0.010407 0.017810 0.014464 0.017485 0.022672 
0.026753 0.025312 0.034082 0.016277 0.524293 
0.087130 0.033470 0.046870 0.049530 0.039770 
0.088610 0.033620 0.036890 0.080480 0.085360 
0.014750 0.040430 0.050680 0.038260 0.040900 
0.069580 0.058540 0.064720 0.010490 0.029920 
71
0.479817 0.014473 0.046210 
0.462778 0.970428 0.462022 
0.057405 0.020080 0.486528 
0.493850 0.009725 0.025183 0.029027 0.020373 
0.045290 0.011391 0.029190 0.027975 0.046778 
0.013098 0.020151 0.018081 0.020381 0.024087 
0.061826 0.031760 0.046722 0.006536 0.018576 
0.087129 0.033470 0.046870 0.049530 0.039770 
0.088609 0.033620 0.036898 0.080479 0.085359 
0.014750 0.040430 0.050680 0.038260 0.040900 
0.069579 0.058539 0.064719 0.010490 0.029920 
72
0.479817 0.014473 0.045718 
0.462778 0.965447 0.467754 
0.057405 0.015099 0.491768 
0.046081 0.012397 0.007541 0.007063 0.035385 
0.014630 0.006413 0.274895 0.010189 0.093315 
0.017871 0.007053 0.011389 0.006904 0.009320 
0.015259 0.027277 0.371196 0.006320 0.019503 
0.087130 0.033470 0.046870 0.049530 0.039770 
0.088610 0.033620 0.036890 0.080480 0.085360 
0.014750 0.040430 0.050680 0.038260 0.040900 
0.069580 0.058540 0.064720 0.010490 0.029920 
73
0.479817 0.014473 0.046210 
0.462778 0.970428 0.462022 
0.057405 0.015099 0.491768 
0.064712 0.012846 0.017270 0.017063 0.045755 
0.032082 0.012081 0.266165 0.025073 0.128992 
0.023881 0.014367 0.016334 0.015142 0.025535 
0.024733 0.033529 0.187834 0.009349 0.027256 
0.087130 0.033470 0.046870 0.049530 0.039770 
0.088610 0.033620 0.036890 0.080480 0.085360 
0.014750 0.040430 0.050680 0.038260 0.040900 
0.069580 0.058540 0.064720 0.010490 0.029920 
74
0.479817 0.014473 0.046210 
0.462778 0.970428 0.462022 
0.057405 0.015099 0.491768 
0.050877 0.003431 0.410337 0.076316 0.011427 
0.040590 0.014157 0.016395 0.044018 0.025432 
0.007977 0.086239 0.020844 0.030254 0.028720 
0.057318 0.036166 0.022834 0.003943 0.012726 
0.087130 0.033470 0.046870 0.049530 0.039770 
0.088610 0.033620 0.036890 0.080480 0.085360 
0.014750 0.040430 0.050680 0.038260 0.040900 
0.069580 0.058540 0.064720 0.010490 0.029920 
75
0.479817 0.014473 0.046210 
0.462778 0.970428 0.462022 
0.057405 0.015099 0.491768 
0.250453 0.011182 0.033765 0.038034 0.025374 
0.056771 0.013912 0.033004 0.035031 0.050698 
0.014731 0.028732 0.023572 0.025851 0.028589 
0.188894 0.057733 0.053421 0.007847 0.022408 
0.087130 0.033470 0.046870 0.049530 0.039770 
0.088610 0.033620 0.036890 0.080480 0.085360 
0.014750 0.040430 0.050680 0.038260 0.040900 
0.069580 0.058540 0.064720 0.010490 0.029920 
76
0.479817 0.014473 0.046210 
0.462778 0.970428 0.462022 
0.057405 0.015099 0.491768 
0.043745 0.009800 0.009605 0.012734 0.413210 
0.019820 0.011849 0.077117 0.010366 0.120600 
0.024341 0.010386 0.011048 0.010710 0.009887 
0.019102 0.023144 0.080076 0.021395 0.061066 
0.087130 0.033470 0.046870 0.049530 0.039770 
0.088610 0.033620 0.036890 0.080480 0.085360 
0.014750 0.040430 0.050680 0.038260 0.040900 
0.069580 0.058540 0.064720 0.010490 0.029920 
77
0.479817 0.014473 0.046210 
0.462778 0.970428 0.462022 
0.057405 0.015099 0.491768 
0.324964 0.010985 0.034661 0.046747 0.025086 
0.051700 0.015210 0.037584 0.042170 0.058985 
0.016946 0.030721 0.022756 0.039515 0.034925 
0.062424 0.040858 0.071538 0.008335 0.023890 
0.087130 0.033470 0.046870 0.049530 0.039770 
0.088610 0.033620 0.036890 0.080480 0.085360 
0.014750 0.040430 0.050680 0.038260 0.040900 
0.069580 0.058540 0.064720 0.010490 0.029920 
78
0.479817 0.014473 0.046210 
0.462778 0.970428 0.462022 
0.057405 0.015099 0.491768 
0.060312 0.004781 0.047389 0.061731 0.016037 
0.038543 0.018261 0.022754 0.063636 0.040123 
0.012033 0.039572 0.025298 0.311356 0.091496 
0.045382 0.041780 0.031957 0.007463 0.020095 
0.087130 0.033470 0.046870 0.049530 0.039770 
0.088610 0.033620 0.036890 0.080480 0.085360 
0.014750 0.040430 0.050680 0.038260 0.040900 
0.069580 0.058540 0.064720 0.010490 0.029920 
79
0.479817 0.014473 0.046210 
0.462778 0.970428 0.462022 
0.057405 0.015099 0.491768 
0.062935 0.006366 0.070307 0.045632 0.018493 
0.064295 0.019286 0.020231 0.046055 0.034777 
0.010581 0.287834 0.029635 0.031018 0.035951 
0.114187 0.045323 0.028608 0.007893 0.020595 
0.087130 0.033470 0.046870 0.049530 0.039770 
0.088610 0.033620 0.036890 0.080480 0.085360 
0.014750 0.040430 0.050680 0.038260 0.040900 
0.069580 0.058540 0.064720 0.010490 0.029920 
80
0.479817 0.014473 0.046210 
0.462778 0.970428 0.462022 
0.057405 0.079896 0.431339 
0.062888 0.006111 0.073544 0.048639 0.018325 
0.082161 0.020026 0.020250 0.057628 0.035269 
0.010911 0.287542 0.030039 0.033459 0.039383 
0.074135 0.042649 0.028122 0.008048 0.020869 
0.087141 0.033466 0.046865 0.049524 0.039765 
0.088693 0.033616 0.036886 0.080471 0.085350 
0.014748 0.040425 0.050674 0.038256 0.040895 
0.069572 0.058533 0.064713 0.010489 0.029917 
81
0.479817 0.014473 0.040532 
0.462778 0.905630 0.528129 
0.057405 0.015099 0.491768 
0.079751 0.009581 0.048785 0.049476 0.038683 
0.074406 0.138999 0.042238 0.044633 0.079699 
0.020030 0.045418 0.028005 0.053184 0.040630 
0.052551 0.049249 0.049651 0.015860 0.039170 
0.087130 0.033470 0.046870 0.049530 0.039770 
0.088610 0.033620 0.036890 0.080480 0.085360 
0.014750 0.040430 0.050680 0.038260 0.040900 
0.069580 0.058540 0.064720 0.010490 0.029920 
82
0.479817 0.014473 0.046210 
0.462778 0.970428 0.462022 
0.057405 0.015099 0.491768 
0.062235 0.010852 0.015353 0.017460 0.058056 
0.023568 0.011945 0.075236 0.018578 0.420011 
0.036609 0.014475 0.013440 0.020416 0.019358 
0.021030 0.027797 0.080796 0.010988 0.041796 
0.087130 0.033470 0.046870 0.049530 0.039770 
0.088610 0.033620 0.036890 0.080480 0.085360 
0.014750 0.040430 0.050680 0.038260 0.040900 
0.069580 0.058540 0.064720 0.010490 0.029920 
83
0.479817 0.014473 0.046210 
0.462778 0.970428 0.462022 
0.057405 0.015099 0.491768 
0.067230 0.007131 0.062410 0.051232 0.023791 
0.288638 0.020232 0.028303 0.040864 0.039066 
0.013976 0.090030 0.031192 0.027252 0.031498 
0.065443 0.046286 0.030099 0.010237 0.025089 
0.087130 0.033470 0.046870 0.049530 0.039770 
0.088610 0.033620 0.036890 0.080480 0.085360 
0.014750 0.040430 0.050680 0.038260 0.040900 
