%  SAM: modelfromalign v3.5 (July 15, 2005) compiled 12/05/20_11:48:22
%  (c) 1992-2001 Regents of the University of California, Santa Cruz
%
%          Sequence Alignment and Modeling Software System
%         http://www.cse.ucsc.edu/research/compbio/sam.html
%
% ----------------- Citations (SAM, SAM-T2K, HMMs) --------------------
% R. Hughey, A. Krogh, Hidden Markov models for sequence analysis:
%  Extension and analysis of the basic method, CABIOS 12:95-107, 1996.
% K. Karplus, et al., What is the value added by human intervention in protein
%  structure prediction, Proteins: Stucture, Function, Genetics 45(S5):86--91, 2001.
% A. Krogh et al., Hidden Markov models in computational biology:
%  Applications to protein modeling, JMB 235:1501-1531, Feb 1994.
% ---------------------------------------------------------------------
%  last   Host: gauntlet    Thu Feb 11 16:21:37 2021
%  dgpinheiro   Dir:  /data/GitHub/sfFinder/example/output/subfamily/TEST1/flowerpower/fp-workspace/final
% ---------------------------------------------------------------------
% Prior File:  Internal (Name: recode3.20comp) 
%   20 priors on 20 characters.
%  Alignment weights from internal calc.  Total (1.57) Max (0.00) Min (0.00)
%  Weights from alignment method 1 (karplus), b=0.500000, e=0.500000
MODEL --  Model from alignment file last.a2m
alphabet protein
FREQAVE
0.000000 0.000000 0.000000 
0.000000 0.000000 0.000000 
0.000000 0.000000 0.000000 
0.073366 0.015731 0.056938 0.066613 0.049655 
0.061768 0.028683 0.052055 0.058198 0.085039 
0.025996 0.041873 0.045380 0.042494 0.052400 
0.059160 0.053814 0.060939 0.022990 0.046909 
0.073366 0.015731 0.056938 0.066613 0.049655 
0.061768 0.028683 0.052055 0.058198 0.085039 
0.025996 0.041873 0.045380 0.042494 0.052400 
0.059160 0.053814 0.060939 0.022990 0.046909 
Begin
0.000000 0.000000 0.000000 
0.000000 0.000000 0.000000 
0.000000 0.102655 0.805442 
0.000000 0.000000 0.000000 0.000000 0.000000 
0.000000 0.000000 0.000000 0.000000 0.000000 
0.000000 0.000000 0.000000 0.000000 0.000000 
0.000000 0.000000 0.000000 0.000000 0.000000 
0.087135 0.033412 0.046877 0.049460 0.039687 
0.088502 0.033556 0.036842 0.080764 0.085459 
0.014906 0.040443 0.050641 0.038240 0.040935 
0.069509 0.058601 0.064641 0.010468 0.029922 
1
0.000000 0.014473 0.062158 
0.000000 0.882872 0.132400 
0.042026 0.016442 0.491768 
0.073849 0.011341 0.055382 0.077859 0.031255 
0.050288 0.025736 0.049513 0.089142 0.078273 
0.026549 0.045530 0.043371 0.049018 0.065838 
0.064217 0.059435 0.061456 0.010921 0.031030 
0.087130 0.033470 0.046870 0.049530 0.039770 
0.088610 0.033620 0.036890 0.080480 0.085360 
0.014750 0.040430 0.050680 0.038260 0.040900 
0.069580 0.058540 0.064720 0.010490 0.029920 
2
0.618666 0.015761 0.046210 
0.339307 0.967797 0.462022 
0.042048 0.016440 0.491768 
0.074739 0.010126 0.063498 0.084080 0.026698 
0.060192 0.025813 0.038238 0.088947 0.061874 
0.018736 0.050333 0.054556 0.049766 0.074188 
0.069149 0.060331 0.050480 0.009851 0.028406 
0.087130 0.033470 0.046870 0.049530 0.039770 
0.088610 0.033620 0.036890 0.080480 0.085360 
0.014750 0.040430 0.050680 0.038260 0.040900 
0.069580 0.058540 0.064720 0.010490 0.029920 
3
0.617844 0.015758 0.046210 
0.340108 0.967802 0.462022 
0.042095 0.016433 0.491768 
0.075283 0.013325 0.039952 0.058160 0.039798 
0.039698 0.021959 0.079821 0.058221 0.137312 
0.030767 0.034545 0.039807 0.038387 0.050279 
0.053063 0.053742 0.090968 0.012015 0.032897 
0.087130 0.033470 0.046870 0.049530 0.039770 
0.088610 0.033620 0.036890 0.080480 0.085360 
0.014750 0.040430 0.050680 0.038260 0.040900 
0.069580 0.058540 0.064720 0.010490 0.029920 
4
0.618547 0.015752 0.046210 
0.339357 0.967814 0.462022 
0.042095 0.016433 0.491768 
0.074470 0.011193 0.066467 0.075944 0.029588 
0.077857 0.027171 0.039441 0.070181 0.067469 
0.019285 0.061384 0.047580 0.045919 0.059332 
0.071320 0.060815 0.051646 0.010886 0.032052 
0.087130 0.033470 0.046870 0.049530 0.039770 
0.088610 0.033620 0.036890 0.080480 0.085360 
0.014750 0.040430 0.050680 0.038260 0.040900 
0.069580 0.058540 0.064720 0.010490 0.029920 
5
0.618547 0.015752 0.046210 
0.339357 0.967814 0.462022 
0.042095 0.016433 0.491768 
0.077863 0.012022 0.054511 0.075319 0.033208 
0.050080 0.024899 0.051036 0.071051 0.092181 
0.023279 0.045847 0.049439 0.046073 0.060199 
0.064166 0.060179 0.064689 0.011180 0.032780 
0.087130 0.033470 0.046870 0.049530 0.039770 
0.088610 0.033620 0.036890 0.080480 0.085360 
0.014750 0.040430 0.050680 0.038260 0.040900 
0.069580 0.058540 0.064720 0.010490 0.029920 
6
0.460775 0.015752 0.046210 
0.497129 0.967814 0.462022 
0.049981 0.015617 0.491768 
0.058386 0.006475 0.054328 0.086911 0.015776 
0.041800 0.024336 0.024485 0.210568 0.042774 
0.013576 0.046245 0.034638 0.057087 0.117180 
0.057665 0.049217 0.033500 0.006348 0.018703 
0.087130 0.033470 0.046870 0.049530 0.039770 
0.088610 0.033620 0.036890 0.080480 0.085360 
0.014750 0.040430 0.050680 0.038260 0.040900 
0.069580 0.058540 0.064720 0.010490 0.029920 
7
0.547091 0.014970 0.046210 
0.402928 0.969413 0.462022 
0.049981 0.015617 0.491768 
0.061071 0.005471 0.158234 0.197128 0.012725 
0.048753 0.021745 0.017676 0.076203 0.030690 
0.010078 0.055198 0.037563 0.054882 0.052457 
0.064271 0.048034 0.026714 0.005377 0.015729 
0.087130 0.033470 0.046870 0.049530 0.039770 
0.088610 0.033620 0.036890 0.080480 0.085360 
0.014750 0.040430 0.050680 0.038260 0.040900 
0.069580 0.058540 0.064720 0.010490 0.029920 
8
0.547091 0.014970 0.046210 
0.402928 0.969413 0.462022 
0.049981 0.015617 0.491768 
0.061652 0.007017 0.062463 0.087754 0.017622 
0.046438 0.025381 0.025751 0.131883 0.044357 
0.014203 0.059647 0.034406 0.055809 0.148140 
0.062829 0.052161 0.034942 0.007116 0.020431 
0.087130 0.033470 0.046870 0.049530 0.039770 
0.088610 0.033620 0.036890 0.080480 0.085360 
0.014750 0.040430 0.050680 0.038260 0.040900 
0.069580 0.058540 0.064720 0.010490 0.029920 
9
0.547091 0.014970 0.046210 
0.402928 0.969413 0.462022 
0.049981 0.015617 0.491768 
0.047400 0.012881 0.026540 0.033000 0.094555 
0.030530 0.037167 0.042998 0.034163 0.073580 
0.021553 0.030200 0.022428 0.025489 0.034388 
0.040320 0.038620 0.050102 0.041444 0.262642 
0.087130 0.033470 0.046870 0.049530 0.039770 
0.088610 0.033620 0.036890 0.080480 0.085360 
0.014750 0.040430 0.050680 0.038260 0.040900 
0.069580 0.058540 0.064720 0.010490 0.029920 
10
0.545869 0.014970 0.046210 
0.404150 0.969413 0.462022 
0.050042 0.015612 0.491768 
0.128421 0.010540 0.054607 0.072358 0.029903 
0.048537 0.026931 0.041887 0.067755 0.066054 
0.021013 0.051402 0.036645 0.054033 0.064150 
0.065952 0.061567 0.052470 0.011337 0.034436 
0.087130 0.033470 0.046870 0.049530 0.039770 
0.088610 0.033620 0.036890 0.080480 0.085360 
0.014750 0.040430 0.050680 0.038260 0.040900 
0.069580 0.058540 0.064720 0.010490 0.029920 
11
0.546537 0.014965 0.046210 
0.403421 0.969423 0.462022 
0.050042 0.015612 0.491768 
0.100819 0.014983 0.035024 0.047561 0.046060 
0.036197 0.030729 0.065282 0.048986 0.111321 
0.040082 0.034847 0.031909 0.037529 0.048805 
0.058697 0.061044 0.081518 0.016623 0.051983 
0.087130 0.033470 0.046870 0.049530 0.039770 
0.088610 0.033620 0.036890 0.080480 0.085360 
0.014750 0.040430 0.050680 0.038260 0.040900 
0.069580 0.058540 0.064720 0.010490 0.029920 
12
0.419517 0.014965 0.046210 
0.530441 0.969423 0.462022 
0.057323 0.015104 0.491768 
0.058990 0.010954 0.012597 0.014286 0.045247 
0.020994 0.010093 0.096849 0.015398 0.420901 
0.062102 0.012247 0.012079 0.013535 0.016556 
0.018342 0.038138 0.085723 0.010115 0.024856 
0.087130 0.033470 0.046870 0.049530 0.039770 
0.088610 0.033620 0.036890 0.080480 0.085360 
0.014750 0.040430 0.050680 0.038260 0.040900 
0.069580 0.058540 0.064720 0.010490 0.029920 
13
0.480557 0.014478 0.046210 
0.462119 0.970418 0.462022 
0.057323 0.015104 0.491768 
0.091102 0.007351 0.034453 0.037416 0.019674 
0.036362 0.013655 0.030929 0.036878 0.041684 
0.015083 0.032735 0.023162 0.027437 0.028789 
0.091022 0.360476 0.045023 0.006754 0.020015 
0.087130 0.033470 0.046870 0.049530 0.039770 
0.088610 0.033620 0.036890 0.080480 0.085360 
0.014750 0.040430 0.050680 0.038260 0.040900 
0.069580 0.058540 0.064720 0.010490 0.029920 
14
0.479840 0.014478 0.046210 
0.462837 0.970418 0.462022 
0.057365 0.015101 0.491768 
0.051598 0.004758 0.038090 0.047017 0.015625 
0.036239 0.016132 0.023040 0.052702 0.039930 
0.011545 0.030998 0.023341 0.033591 0.431475 
0.038550 0.047858 0.031619 0.007096 0.018797 
0.087130 0.033470 0.046870 0.049530 0.039770 
0.088610 0.033620 0.036890 0.080480 0.085360 
0.014750 0.040430 0.050680 0.038260 0.040900 
0.069580 0.058540 0.064720 0.010490 0.029920 
15
0.480184 0.014476 0.046210 
0.462451 0.970423 0.462022 
0.057365 0.015101 0.491768 
0.066713 0.004779 0.088478 0.031026 0.013137 
0.455827 0.012175 0.018480 0.033881 0.026252 
0.010215 0.046213 0.022071 0.022239 0.025697 
0.049770 0.031929 0.019043 0.006033 0.016042 
0.087130 0.033470 0.046870 0.049530 0.039770 
0.088610 0.033620 0.036890 0.080480 0.085360 
0.014750 0.040430 0.050680 0.038260 0.040900 
0.069580 0.058540 0.064720 0.010490 0.029920 
16
0.480184 0.014476 0.046210 
0.462451 0.970423 0.462022 
0.057365 0.015101 0.491768 
0.040333 0.008362 0.008223 0.010037 0.033023 
0.013710 0.006488 0.063629 0.010665 0.588974 
0.028679 0.008504 0.009437 0.009475 0.010758 
0.013261 0.030210 0.080868 0.007494 0.017869 
0.087130 0.033470 0.046870 0.049530 0.039770 
0.088610 0.033620 0.036890 0.080480 0.085360 
0.014750 0.040430 0.050680 0.038260 0.040900 
0.069580 0.058540 0.064720 0.010490 0.029920 
17
0.479479 0.014476 0.046210 
0.463157 0.970423 0.462022 
0.057405 0.015099 0.491768 
0.072575 0.005283 0.270248 0.061730 0.017522 
0.117186 0.019684 0.020441 0.043821 0.032655 
0.010019 0.093092 0.026680 0.030029 0.030149 
0.060862 0.037104 0.026148 0.006706 0.018066 
0.087130 0.033470 0.046870 0.049530 0.039770 
0.088610 0.033620 0.036890 0.080480 0.085360 
0.014750 0.040430 0.050680 0.038260 0.040900 
0.069580 0.058540 0.064720 0.010490 0.029920 
18
0.479817 0.014473 0.046210 
0.462778 0.970428 0.462022 
0.057405 0.015099 0.491768 
0.017823 0.004852 0.008712 0.010697 0.035043 
0.017378 0.006085 0.017731 0.008988 0.043635 
0.010430 0.007142 0.007974 0.005961 0.013287 
0.011556 0.010249 0.023056 0.709420 0.029981 
0.087130 0.033470 0.046870 0.049530 0.039770 
0.088610 0.033620 0.036890 0.080480 0.085360 
0.014750 0.040430 0.050680 0.038260 0.040900 
0.069580 0.058540 0.064720 0.010490 0.029920 
19
0.479817 0.014473 0.046210 
0.462778 0.970428 0.462022 
0.057405 0.015099 0.491768 
0.086090 0.002242 0.140449 0.278348 0.013666 
0.034545 0.012531 0.015005 0.060591 0.032147 
0.009084 0.027885 0.018033 0.099698 0.036126 
0.054097 0.037733 0.022216 0.005328 0.014185 
0.087130 0.033470 0.046870 0.049530 0.039770 
0.088610 0.033620 0.036890 0.080480 0.085360 
0.014750 0.040430 0.050680 0.038260 0.040900 
0.069580 0.058540 0.064720 0.010490 0.029920 
20
0.479817 0.014473 0.046210 
0.462778 0.970428 0.462022 
0.057405 0.015099 0.491768 
0.067352 0.006263 0.038289 0.034135 0.033845 
0.048383 0.012742 0.038763 0.044190 0.067141 
0.010430 0.032317 0.286920 0.024167 0.029644 
0.056659 0.084033 0.053107 0.008435 0.023186 
0.087130 0.033470 0.046870 0.049530 0.039770 
0.088610 0.033620 0.036890 0.080480 0.085360 
0.014750 0.040430 0.050680 0.038260 0.040900 
0.069580 0.058540 0.064720 0.010490 0.029920 
21
0.479817 0.014473 0.046210 
0.462778 0.970428 0.462022 
0.057405 0.015099 0.491768 
0.049808 0.006843 0.036421 0.034157 0.016515 
0.042293 0.012394 0.024610 0.030999 0.026208 
0.008685 0.038171 0.024124 0.024603 0.022455 
0.276403 0.261195 0.039918 0.005738 0.018461 
0.087130 0.033470 0.046870 0.049530 0.039770 
0.088610 0.033620 0.036890 0.080480 0.085360 
0.014750 0.040430 0.050680 0.038260 0.040900 
0.069580 0.058540 0.064720 0.010490 0.029920 
22
0.479817 0.014473 0.046210 
0.462778 0.970428 0.462022 
0.057405 0.015099 0.491768 
0.030115 0.005432 0.016571 0.017308 0.056895 
0.025615 0.014769 0.025428 0.017427 0.042077 
0.010232 0.014459 0.013408 0.013290 0.017616 
0.022295 0.021429 0.033837 0.014051 0.587747 
0.087130 0.033470 0.046870 0.049530 0.039770 
0.088610 0.033620 0.036890 0.080480 0.085360 
0.014750 0.040430 0.050680 0.038260 0.040900 
0.069580 0.058540 0.064720 0.010490 0.029920 
23
0.479817 0.014473 0.046210 
0.462778 0.970428 0.462022 
0.057405 0.015099 0.491768 
0.064852 0.005088 0.051080 0.095372 0.017896 
0.038428 0.018084 0.025550 0.061701 0.044130 
0.013011 0.035037 0.025134 0.266281 0.055338 
0.046057 0.041986 0.065877 0.007910 0.021189 
0.087130 0.033470 0.046870 0.049530 0.039770 
0.088610 0.033620 0.036890 0.080480 0.085360 
0.014750 0.040430 0.050680 0.038260 0.040900 
0.069580 0.058540 0.064720 0.010490 0.029920 
24
0.479817 0.014473 0.046210 
0.462778 0.970428 0.462022 
0.057405 0.015099 0.491768 
0.061018 0.005511 0.128837 0.048598 0.021740 
0.056460 0.016795 0.027307 0.055273 0.044106 
0.009731 0.050763 0.207148 0.030409 0.038692 
0.079441 0.050241 0.037888 0.008309 0.021734 
0.087130 0.033470 0.046870 0.049530 0.039770 
0.088610 0.033620 0.036890 0.080480 0.085360 
0.014750 0.040430 0.050680 0.038260 0.040900 
0.069580 0.058540 0.064720 0.010490 0.029920 
25
0.479817 0.014473 0.046210 
0.462778 0.970428 0.462022 
0.057405 0.015099 0.491768 
0.088996 0.005114 0.049217 0.088231 0.025119 
0.043377 0.019276 0.050546 0.125704 0.077169 
0.032940 0.033795 0.028912 0.042663 0.117336 
0.042346 0.036468 0.050924 0.011658 0.030209 
0.087130 0.033470 0.046870 0.049530 0.039770 
0.088610 0.033620 0.036890 0.080480 0.085360 
0.014750 0.040430 0.050680 0.038260 0.040900 
0.069580 0.058540 0.064720 0.010490 0.029920 
26
0.479817 0.014473 0.046210 
0.462778 0.970428 0.462022 
0.057405 0.015099 0.491768 
0.085360 0.002814 0.165771 0.190725 0.013724 
0.038617 0.014875 0.018592 0.119039 0.036093 
0.009655 0.039902 0.021339 0.063060 0.045247 
0.056965 0.033031 0.024510 0.005528 0.015151 
0.087130 0.033470 0.046870 0.049530 0.039770 
0.088610 0.033620 0.036890 0.080480 0.085360 
0.014750 0.040430 0.050680 0.038260 0.040900 
0.069580 0.058540 0.064720 0.010490 0.029920 
27
0.479817 0.014473 0.046210 
0.462778 0.970428 0.462022 
0.057405 0.015099 0.491768 
0.071539 0.003629 0.089668 0.130968 0.013733 
0.036156 0.016776 0.021594 0.265997 0.039120 
0.010914 0.035503 0.023990 0.047029 0.052827 
0.045914 0.036726 0.034144 0.006403 0.017372 
0.087130 0.033470 0.046870 0.049530 0.039770 
0.088610 0.033620 0.036890 0.080480 0.085360 
0.014750 0.040430 0.050680 0.038260 0.040900 
0.069580 0.058540 0.064720 0.010490 0.029920 
28
0.479817 0.014473 0.046210 
0.462778 0.970428 0.462022 
0.057405 0.015099 0.491768 
0.061661 0.012809 0.007752 0.007087 0.035311 
0.015575 0.006604 0.284955 0.010449 0.094529 
0.017345 0.007127 0.011582 0.006955 0.009579 
0.015879 0.028640 0.340164 0.006217 0.019780 
0.087130 0.033470 0.046870 0.049530 0.039770 
0.088610 0.033620 0.036890 0.080480 0.085360 
0.014750 0.040430 0.050680 0.038260 0.040900 
0.069580 0.058540 0.064720 0.010490 0.029920 
29
0.479817 0.014473 0.046210 
0.462778 0.970428 0.462022 
0.057405 0.015099 0.491768 
0.033221 0.007617 0.011027 0.014485 0.554815 
0.018833 0.008538 0.041966 0.012626 0.070212 
0.015054 0.009944 0.011191 0.010844 0.010024 
0.018495 0.020412 0.045100 0.021473 0.064123 
0.087130 0.033470 0.046870 0.049530 0.039770 
0.088610 0.033620 0.036890 0.080480 0.085360 
0.014750 0.040430 0.050680 0.038260 0.040900 
0.069580 0.058540 0.064720 0.010490 0.029920 
30
0.479817 0.014473 0.046210 
0.462778 0.970428 0.462022 
0.057405 0.015099 0.491768 
0.051103 0.004146 0.033997 0.033915 0.016611 
0.036887 0.011277 0.023675 0.049844 0.039209 
0.007068 0.026730 0.471724 0.024013 0.035156 
0.041679 0.035523 0.035028 0.005896 0.016517 
0.087130 0.033470 0.046870 0.049530 0.039770 
0.088610 0.033620 0.036890 0.080480 0.085360 
0.014750 0.040430 0.050680 0.038260 0.040900 
0.069580 0.058540 0.064720 0.010490 0.029920 
31
0.479817 0.088601 0.046210 
0.462778 0.896300 0.462022 
0.043096 0.016308 0.491768 
0.068848 0.009824 0.075131 0.089596 0.027856 
0.056793 0.041664 0.035941 0.077155 0.058939 
0.018744 0.057327 0.043876 0.057411 0.063541 
0.071348 0.058574 0.046040 0.010695 0.030697 
0.087130 0.033470 0.046870 0.049530 0.039770 
0.088610 0.033620 0.036890 0.080480 0.085360 
0.014750 0.040430 0.050680 0.038260 0.040900 
0.069580 0.058540 0.064720 0.010490 0.029920 
32
0.609479 0.029218 0.046210 
0.347425 0.954474 0.462022 
0.041347 0.016532 0.491768 
0.082188 0.013475 0.057580 0.073912 0.033124 
0.060636 0.024168 0.050771 0.065768 0.077766 
0.021534 0.045473 0.053527 0.042807 0.056268 
0.068477 0.062461 0.065866 0.011358 0.032840 
0.087130 0.033470 0.046870 0.049530 0.039770 
0.088610 0.033620 0.036890 0.080480 0.085360 
0.014750 0.040430 0.050680 0.038260 0.040900 
0.069580 0.058540 0.064720 0.010490 0.029920 
33
0.386180 0.016358 0.046210 
0.572472 0.967110 0.462022 
0.054236 0.015299 0.491768 
0.039837 0.008549 0.014433 0.017429 0.189051 
0.028401 0.023690 0.038925 0.014227 0.076734 
0.018378 0.017521 0.012349 0.014822 0.018780 
0.027755 0.028637 0.050709 0.034816 0.324958 
0.087130 0.033470 0.046870 0.049530 0.039770 
0.088610 0.033620 0.036890 0.080480 0.085360 
0.014750 0.040430 0.050680 0.038260 0.040900 
0.069580 0.058540 0.064720 0.010490 0.029920 
34
0.455302 0.014665 0.046210 
0.490462 0.970037 0.462022 
0.057286 0.015106 0.491768 
0.068582 0.007212 0.101767 0.061151 0.023209 
0.048362 0.017748 0.034423 0.046342 0.042583 
0.013014 0.045633 0.032457 0.031815 0.032354 
0.110939 0.199198 0.050276 0.008790 0.024146 
0.087130 0.033470 0.046870 0.049530 0.039770 
0.088610 0.033620 0.036890 0.080480 0.085360 
0.014750 0.040430 0.050680 0.038260 0.040900 
0.069580 0.058540 0.064720 0.010490 0.029920 
35
0.478817 0.014480 0.046210 
0.463897 0.970414 0.462022 
0.057405 0.015099 0.491768 
0.080436 0.005388 0.195173 0.075386 0.020326 
0.089876 0.020948 0.026120 0.075917 0.042744 
0.012263 0.072513 0.030702 0.039512 0.045306 
0.062204 0.045212 0.030901 0.008061 0.021013 
0.087130 0.033470 0.046870 0.049530 0.039770 
0.088610 0.033620 0.036890 0.080480 0.085360 
0.014750 0.040430 0.050680 0.038260 0.040900 
0.069580 0.058540 0.064720 0.010490 0.029920 
36
0.479817 0.014473 0.046210 
0.462778 0.970428 0.462022 
0.057405 0.015099 0.491768 
0.046987 0.008107 0.016682 0.022849 0.175802 
0.029686 0.024532 0.034042 0.017439 0.056219 
0.014894 0.019150 0.013462 0.016536 0.021368 
0.034001 0.031141 0.047270 0.028792 0.341042 
0.087130 0.033470 0.046870 0.049530 0.039770 
0.088610 0.033620 0.036890 0.080480 0.085360 
0.014750 0.040430 0.050680 0.038260 0.040900 
0.069580 0.058540 0.064720 0.010490 0.029920 
37
0.479817 0.014473 0.046210 
0.462778 0.970428 0.462022 
0.057405 0.015099 0.491768 
0.054895 0.003262 0.067721 0.427555 0.016237 
0.049391 0.013816 0.015866 0.060904 0.030664 
0.009421 0.028077 0.020214 0.043816 0.036768 
0.041634 0.034321 0.024407 0.005715 0.015318 
0.087130 0.033470 0.046870 0.049530 0.039770 
0.088610 0.033620 0.036890 0.080480 0.085360 
0.014750 0.040430 0.050680 0.038260 0.040900 
0.069580 0.058540 0.064720 0.010490 0.029920 
38
0.479817 0.014473 0.046210 
0.462778 0.970428 0.462022 
0.057405 0.015099 0.491768 
0.050509 0.003303 0.041297 0.019683 0.007868 
0.660035 0.007700 0.010581 0.022089 0.016752 
0.006222 0.025421 0.016278 0.013080 0.020102 
0.032857 0.020260 0.011605 0.003820 0.010537 
0.087130 0.033470 0.046870 0.049530 0.039770 
0.088610 0.033620 0.036890 0.080480 0.085360 
0.014750 0.040430 0.050680 0.038260 0.040900 
0.069580 0.058540 0.064720 0.010490 0.029920 
39
0.479817 0.014473 0.046210 
0.462778 0.970428 0.462022 
0.057405 0.015099 0.491768 
0.042960 0.010123 0.007759 0.008642 0.035055 
0.014708 0.006450 0.466762 0.010159 0.112880 
0.021676 0.007869 0.010354 0.008352 0.010023 
0.014072 0.023249 0.162715 0.007254 0.018938 
0.087130 0.033470 0.046870 0.049530 0.039770 
0.088610 0.033620 0.036890 0.080480 0.085360 
0.014750 0.040430 0.050680 0.038260 0.040900 
0.069580 0.058540 0.064720 0.010490 0.029920 
40
0.479817 0.014473 0.046210 
0.462778 0.970428 0.462022 
0.057405 0.015099 0.491768 
0.071318 0.004843 0.046163 0.062208 0.016093 
0.036632 0.020066 0.031916 0.266685 0.047780 
0.013465 0.034213 0.036846 0.043627 0.124435 
0.043777 0.037226 0.034551 0.007669 0.020484 
0.087130 0.033470 0.046870 0.049530 0.039770 
0.088610 0.033620 0.036890 0.080480 0.085360 
0.014750 0.040430 0.050680 0.038260 0.040900 
0.069580 0.058540 0.064720 0.010490 0.029920 
41
0.479817 0.014473 0.046210 
0.462778 0.970428 0.462022 
0.057405 0.015099 0.491768 
0.060886 0.010714 0.012313 0.013865 0.034440 
0.032153 0.008454 0.419805 0.016023 0.096327 
0.023026 0.011514 0.013016 0.012042 0.014823 
0.019943 0.033083 0.139218 0.007606 0.020748 
0.087130 0.033470 0.046870 0.049530 0.039770 
0.088610 0.033620 0.036890 0.080480 0.085360 
0.014750 0.040430 0.050680 0.038260 0.040900 
0.069580 0.058540 0.064720 0.010490 0.029920 
42
0.479817 0.014473 0.046210 
0.462778 0.970428 0.462022 
0.057405 0.015099 0.491768 
0.062236 0.006847 0.049601 0.091654 0.026759 
0.049608 0.196653 0.029864 0.062335 0.049643 
0.015023 0.042844 0.027489 0.038032 0.045023 
0.051281 0.074618 0.038630 0.011889 0.029971 
0.087130 0.033470 0.046870 0.049530 0.039770 
0.088610 0.033620 0.036890 0.080480 0.085360 
0.014750 0.040430 0.050680 0.038260 0.040900 
0.069580 0.058540 0.064720 0.010490 0.029920 
43
0.479817 0.014473 0.046210 
0.462778 0.970428 0.462022 
0.057405 0.015099 0.491768 
0.059758 0.003398 0.416469 0.075938 0.011355 
0.047475 0.013887 0.016327 0.044004 0.025412 
0.007946 0.077161 0.020492 0.030344 0.028605 
0.046628 0.035470 0.022673 0.003980 0.012676 
0.087130 0.033470 0.046870 0.049530 0.039770 
0.088610 0.033620 0.036890 0.080480 0.085360 
0.014750 0.040430 0.050680 0.038260 0.040900 
0.069580 0.058540 0.064720 0.010490 0.029920 
44
0.479817 0.014473 0.046210 
0.462778 0.970428 0.462022 
0.057405 0.015099 0.491768 
0.020296 0.005023 0.010400 0.013068 0.069556 
0.015413 0.012236 0.022065 0.012728 0.046113 
0.010990 0.010764 0.009483 0.009650 0.016147 
0.016411 0.015493 0.023208 0.598913 0.062043 
0.087130 0.033470 0.046870 0.049530 0.039770 
0.088610 0.033620 0.036890 0.080480 0.085360 
0.014750 0.040430 0.050680 0.038260 0.040900 
0.069580 0.058540 0.064720 0.010490 0.029920 
45
0.479817 0.014473 0.046210 
0.462778 0.970428 0.462022 
0.057405 0.015099 0.491768 
0.051079 0.003654 0.364661 0.103658 0.013220 
0.041532 0.014868 0.017052 0.047037 0.033572 
0.008895 0.066921 0.021999 0.036026 0.031715 
0.062047 0.037056 0.024261 0.006074 0.014672 
0.087130 0.033470 0.046870 0.049530 0.039770 
0.088610 0.033620 0.036890 0.080480 0.085360 
0.014750 0.040430 0.050680 0.038260 0.040900 
0.069580 0.058540 0.064720 0.010490 0.029920 
46
0.479817 0.014473 0.046210 
0.462778 0.970428 0.462022 
0.057405 0.015099 0.491768 
0.175762 0.004244 0.057798 0.070339 0.016087 
0.057944 0.016898 0.027546 0.197276 0.047697 
0.012818 0.039309 0.026228 0.050964 0.055937 
0.046945 0.036572 0.033374 0.007052 0.019210 
0.087130 0.033470 0.046870 0.049530 0.039770 
0.088610 0.033620 0.036890 0.080480 0.085360 
0.014750 0.040430 0.050680 0.038260 0.040900 
0.069580 0.058540 0.064720 0.010490 0.029920 
47
0.479817 0.014473 0.046210 
0.462778 0.970428 0.462022 
0.057405 0.015099 0.491768 
0.052974 0.010790 0.021754 0.024274 0.260980 
0.040872 0.020511 0.053336 0.018094 0.083681 
0.020859 0.022976 0.018423 0.017559 0.020083 
0.032669 0.030941 0.060464 0.084460 0.104301 
0.087130 0.033470 0.046870 0.049530 0.039770 
0.088610 0.033620 0.036890 0.080480 0.085360 
0.014750 0.040430 0.050680 0.038260 0.040900 
0.069580 0.058540 0.064720 0.010490 0.029920 
48
0.479817 0.014473 0.046210 
0.462778 0.970428 0.462022 
0.057405 0.015099 0.491768 
0.056654 0.002758 0.126650 0.405987 0.012567 
0.032662 0.012523 0.014232 0.049145 0.028994 
0.008839 0.026288 0.018974 0.047762 0.033238 
0.042609 0.032681 0.027896 0.005293 0.014249 
0.087130 0.033470 0.046870 0.049530 0.039770 
0.088610 0.033620 0.036890 0.080480 0.085360 
0.014750 0.040430 0.050680 0.038260 0.040900 
0.069580 0.058540 0.064720 0.010490 0.029920 
49
0.479817 0.014473 0.046210 
0.462778 0.970428 0.462022 
0.057405 0.015099 0.491768 
0.042328 0.003134 0.458399 0.113504 0.010679 
0.036202 0.012605 0.014060 0.039790 0.023550 
0.007240 0.053644 0.019272 0.029893 0.027034 
0.040368 0.031343 0.020714 0.004031 0.012210 
0.087130 0.033470 0.046870 0.049530 0.039770 
0.088610 0.033620 0.036890 0.080480 0.085360 
0.014750 0.040430 0.050680 0.038260 0.040900 
0.069580 0.058540 0.064720 0.010490 0.029920 
50
0.479817 0.014473 0.046210 
0.462778 0.970428 0.462022 
0.057405 0.015099 0.491768 
0.048959 0.004972 0.030176 0.035279 0.010477 
0.032138 0.010850 0.016957 0.032009 0.029097 
0.006296 0.019994 0.571404 0.018760 0.023530 
0.041662 0.028172 0.025898 0.003392 0.009976 
0.087130 0.033470 0.046870 0.049530 0.039770 
0.088610 0.033620 0.036890 0.080480 0.085360 
0.014750 0.040430 0.050680 0.038260 0.040900 
0.069580 0.058540 0.064720 0.010490 0.029920 
51
0.479817 0.014473 0.046210 
0.462778 0.970428 0.462022 
0.057405 0.015099 0.491768 
0.031593 0.007775 0.009699 0.014012 0.536686 
0.017739 0.008821 0.038517 0.011393 0.066976 
0.014224 0.009134 0.010458 0.010397 0.008574 
0.018684 0.019992 0.042765 0.026420 0.096143 
0.087130 0.033470 0.046870 0.049530 0.039770 
0.088610 0.033620 0.036890 0.080480 0.085360 
0.014750 0.040430 0.050680 0.038260 0.040900 
0.069580 0.058540 0.064720 0.010490 0.029920 
52
0.479817 0.014473 0.046210 
0.462778 0.970428 0.462022 
0.057405 0.015099 0.491768 
0.055032 0.004414 0.040900 0.052529 0.014965 
0.035548 0.017134 0.022586 0.092642 0.039358 
0.011858 0.033427 0.023978 0.037613 0.380512 
0.040906 0.038913 0.031106 0.007269 0.019309 
0.087130 0.033470 0.046870 0.049530 0.039770 
0.088610 0.033620 0.036890 0.080480 0.085360 
0.014750 0.040430 0.050680 0.038260 0.040900 
0.069580 0.058540 0.064720 0.010490 0.029920 
53
0.479817 0.014473 0.046210 
0.462778 0.970428 0.462022 
0.057405 0.015099 0.491768 
0.041159 0.008799 0.007064 0.008490 0.034883 
0.013149 0.006258 0.080990 0.008934 0.564846 
0.031621 0.007632 0.009039 0.008894 0.009643 
0.012330 0.020521 0.099531 0.007764 0.018453 
0.087130 0.033470 0.046870 0.049530 0.039770 
0.088610 0.033620 0.036890 0.080480 0.085360 
0.014750 0.040430 0.050680 0.038260 0.040900 
0.069580 0.058540 0.064720 0.010490 0.029920 
54
0.479817 0.014473 0.046210 
0.462778 0.970428 0.462022 
0.057405 0.015099 0.491768 
0.046430 0.005967 0.033188 0.034349 0.015862 
0.033837 0.012605 0.023782 0.033818 0.031241 
0.009330 0.031205 0.022161 0.024862 0.026143 
0.105727 0.450292 0.036064 0.005776 0.017359 
0.087130 0.033470 0.046870 0.049530 0.039770 
0.088610 0.033620 0.036890 0.080480 0.085360 
0.014750 0.040430 0.050680 0.038260 0.040900 
0.069580 0.058540 0.064720 0.010490 0.029920 
55
0.479817 0.014473 0.046210 
0.462778 0.970428 0.462022 
0.057405 0.015099 0.491768 
0.069869 0.011340 0.022214 0.025741 0.051245 
0.036555 0.013971 0.073109 0.026426 0.114287 
0.261612 0.020263 0.017426 0.020584 0.025383 
0.030088 0.034847 0.080766 0.012724 0.051548 
0.087130 0.033470 0.046870 0.049530 0.039770 
0.088610 0.033620 0.036890 0.080480 0.085360 
0.014750 0.040430 0.050680 0.038260 0.040900 
0.069580 0.058540 0.064720 0.010490 0.029920 
56
0.479817 0.014473 0.046210 
0.462778 0.970428 0.462022 
0.057405 0.015099 0.491768 
0.042422 0.003550 0.469520 0.055704 0.011292 
0.037215 0.013751 0.015381 0.042425 0.025442 
0.007796 0.053368 0.024999 0.028589 0.054842 
0.040583 0.032921 0.022309 0.004534 0.013357 
0.087130 0.033470 0.046870 0.049530 0.039770 
0.088610 0.033620 0.036890 0.080480 0.085360 
0.014750 0.040430 0.050680 0.038260 0.040900 
0.069580 0.058540 0.064720 0.010490 0.029920 
57
0.479817 0.014473 0.046210 
0.462778 0.970428 0.462022 
0.057405 0.015099 0.491768 
0.284582 0.008316 0.047941 0.074528 0.020591 
0.052817 0.015548 0.029035 0.050213 0.047490 
0.013702 0.034836 0.023831 0.033885 0.037642 
0.111071 0.042176 0.043211 0.007564 0.021019 
0.087130 0.033470 0.046870 0.049530 0.039770 
0.088610 0.033620 0.036890 0.080480 0.085360 
0.014750 0.040430 0.050680 0.038260 0.040900 
0.069580 0.058540 0.064720 0.010490 0.029920 
58
0.479817 0.014473 0.046210 
0.462778 0.970428 0.462022 
0.057405 0.015099 0.491768 
0.028827 0.008871 0.015986 0.018441 0.101567 
0.018849 0.028143 0.030091 0.019221 0.056298 
0.014314 0.017937 0.013214 0.013857 0.019698 
0.023294 0.021437 0.033011 0.030404 0.486539 
0.087130 0.033470 0.046870 0.049530 0.039770 
0.088610 0.033620 0.036890 0.080480 0.085360 
0.014750 0.040430 0.050680 0.038260 0.040900 
0.069580 0.058540 0.064720 0.010490 0.029920 
59
0.479817 0.014473 0.046210 
0.462778 0.970428 0.462022 
0.057405 0.015099 0.491768 
0.020719 0.005012 0.007101 0.011124 0.041284 
0.014192 0.006173 0.024070 0.009772 0.055794 
0.013264 0.006822 0.006848 0.006711 0.014530 
0.011552 0.011229 0.053916 0.645715 0.034173 
0.087130 0.033470 0.046870 0.049530 0.039770 
0.088610 0.033620 0.036890 0.080480 0.085360 
0.014750 0.040430 0.050680 0.038260 0.040900 
0.069580 0.058540 0.064720 0.010490 0.029920 
60
0.479817 0.014473 0.046210 
0.462778 0.970428 0.462022 
0.057405 0.015099 0.491768 
0.057321 0.004126 0.042875 0.056080 0.013816 
0.034784 0.024044 0.020742 0.403859 0.036794 
0.013480 0.033954 0.023954 0.039630 0.058207 
0.044085 0.038535 0.029067 0.006667 0.017979 
0.087130 0.033470 0.046870 0.049530 0.039770 
0.088610 0.033620 0.036890 0.080480 0.085360 
0.014750 0.040430 0.050680 0.038260 0.040900 
0.069580 0.058540 0.064720 0.010490 0.029920 
61
0.479817 0.014473 0.046210 
0.462778 0.970428 0.462022 
0.057405 0.015099 0.491768 
0.032734 0.007284 0.010809 0.014486 0.196070 
0.021309 0.022702 0.038187 0.013028 0.053968 
0.013650 0.017539 0.009926 0.013187 0.017253 
0.024912 0.023773 0.050861 0.028806 0.389516 
0.087130 0.033470 0.046870 0.049530 0.039770 
0.088610 0.033620 0.036890 0.080480 0.085360 
0.014750 0.040430 0.050680 0.038260 0.040900 
0.069580 0.058540 0.064720 0.010490 0.029920 
62
0.479817 0.014473 0.046210 
0.462778 0.970428 0.462022 
0.057405 0.015099 0.491768 
0.052935 0.005073 0.041745 0.052205 0.016550 
0.037677 0.016345 0.023461 0.052345 0.041048 
0.011638 0.031642 0.023859 0.415514 0.040690 
0.040539 0.038340 0.032573 0.007021 0.018798 
0.087130 0.033470 0.046870 0.049530 0.039770 
0.088610 0.033620 0.036890 0.080480 0.085360 
0.014750 0.040430 0.050680 0.038260 0.040900 
0.069580 0.058540 0.064720 0.010490 0.029920 
63
0.479817 0.014473 0.046210 
0.462778 0.970428 0.462022 
0.057405 0.015099 0.491768 
0.316211 0.012374 0.031299 0.037306 0.025724 
0.096867 0.014109 0.037410 0.036228 0.058124 
0.016972 0.025271 0.022013 0.026051 0.041922 
0.065303 0.038533 0.065975 0.008352 0.023955 
0.087130 0.033470 0.046870 0.049530 0.039770 
0.088610 0.033620 0.036890 0.080480 0.085360 
0.014750 0.040430 0.050680 0.038260 0.040900 
0.069580 0.058540 0.064720 0.010490 0.029920 
64
0.479817 0.014473 0.046210 
0.462778 0.970428 0.462022 
0.057405 0.015099 0.491768 
0.051265 0.003126 0.076240 0.463394 0.012143 
0.041220 0.012948 0.014343 0.047153 0.028043 
0.008560 0.026148 0.019506 0.040975 0.033564 
0.039466 0.039556 0.022606 0.005349 0.014396 
0.087130 0.033470 0.046870 0.049530 0.039770 
0.088610 0.033620 0.036890 0.080480 0.085360 
0.014750 0.040430 0.050680 0.038260 0.040900 
0.069580 0.058540 0.064720 0.010490 0.029920 
65
0.479817 0.014473 0.046210 
0.462778 0.970428 0.462022 
0.057405 0.015099 0.491768 
0.047178 0.005141 0.044891 0.070743 0.011667 
0.035847 0.019258 0.018732 0.370575 0.033303 
0.010326 0.037008 0.028769 0.046857 0.090542 
0.045002 0.039058 0.026043 0.004705 0.014354 
0.087130 0.033470 0.046870 0.049530 0.039770 
0.088610 0.033620 0.036890 0.080480 0.085360 
0.014750 0.040430 0.050680 0.038260 0.040900 
0.069580 0.058540 0.064720 0.010490 0.029920 
66
0.479817 0.014473 0.046210 
0.462778 0.970428 0.462022 
0.057405 0.015099 0.491768 
0.050315 0.002918 0.101663 0.469450 0.011788 
0.032688 0.012261 0.013324 0.044813 0.026673 
0.008101 0.024822 0.018965 0.041055 0.031420 
0.038708 0.030777 0.021388 0.005106 0.013764 
0.087130 0.033470 0.046870 0.049530 0.039770 
0.088610 0.033620 0.036890 0.080480 0.085360 
0.014750 0.040430 0.050680 0.038260 0.040900 
0.069580 0.058540 0.064720 0.010490 0.029920 
67
0.479817 0.014473 0.046210 
0.462778 0.970428 0.462022 
0.057405 0.015099 0.491768 
0.078814 0.004382 0.051693 0.057917 0.016551 
0.037078 0.017551 0.027288 0.106786 0.046486 
0.013691 0.034166 0.024580 0.040301 0.281116 
0.051655 0.046081 0.034604 0.008030 0.021231 
0.087130 0.033470 0.046870 0.049530 0.039770 
0.088610 0.033620 0.036890 0.080480 0.085360 
0.014750 0.040430 0.050680 0.038260 0.040900 
0.069580 0.058540 0.064720 0.010490 0.029920 
68
0.479817 0.014473 0.046210 
0.462778 0.970428 0.462022 
0.057405 0.015099 0.491768 
0.066312 0.003853 0.045298 0.061047 0.014198 
0.055068 0.016718 0.023236 0.287509 0.040820 
0.011660 0.033714 0.023859 0.041948 0.126594 
0.050026 0.042920 0.030029 0.006829 0.018362 
0.087130 0.033470 0.046870 0.049530 0.039770 
0.088610 0.033620 0.036890 0.080480 0.085360 
0.014750 0.040430 0.050680 0.038260 0.040900 
0.069580 0.058540 0.064720 0.010490 0.029920 
69
0.479817 0.014473 0.046210 
0.462778 0.970428 0.462022 
0.057405 0.015099 0.491768 
0.047934 0.008753 0.007350 0.008774 0.041013 
0.013551 0.006364 0.079262 0.009221 0.555302 
0.023503 0.007824 0.009111 0.008736 0.009873 
0.012713 0.025736 0.098925 0.007673 0.018383 
0.087130 0.033470 0.046870 0.049530 0.039770 
0.088610 0.033620 0.036890 0.080480 0.085360 
0.014750 0.040430 0.050680 0.038260 0.040900 
0.069580 0.058540 0.064720 0.010490 0.029920 
70
0.479817 0.014473 0.046210 
0.462778 0.970428 0.462022 
0.057405 0.015099 0.491768 
0.032946 0.005366 0.018869 0.021782 0.063787 
0.034135 0.017233 0.022282 0.027963 0.038831 
0.010100 0.017226 0.014079 0.016903 0.021991 
0.025971 0.024559 0.033223 0.016019 0.536735 
0.087130 0.033470 0.046870 0.049530 0.039770 
0.088610 0.033620 0.036890 0.080480 0.085360 
0.014750 0.040430 0.050680 0.038260 0.040900 
0.069580 0.058540 0.064720 0.010490 0.029920 
71
0.479817 0.014473 0.046210 
0.462778 0.970428 0.462022 
0.057405 0.020080 0.486528 
0.501215 0.009598 0.024813 0.028537 0.020059 
0.044668 0.011236 0.028680 0.027503 0.045996 
0.012884 0.019867 0.017849 0.020046 0.023714 
0.061271 0.031300 0.046020 0.006441 0.018302 
0.087129 0.033470 0.046870 0.049530 0.039770 
0.088609 0.033620 0.036898 0.080479 0.085359 
0.014750 0.040430 0.050680 0.038260 0.040900 
0.069579 0.058539 0.064719 0.010490 0.029920 
72
0.479817 0.014473 0.045718 
0.462778 0.965447 0.467754 
0.057405 0.015099 0.491768 
0.045537 0.012345 0.007394 0.006886 0.035116 
0.014293 0.006313 0.275156 0.010023 0.092474 
0.017632 0.006911 0.011272 0.006748 0.009136 
0.015054 0.027082 0.375094 0.006230 0.019303 
0.087130 0.033470 0.046870 0.049530 0.039770 
0.088610 0.033620 0.036890 0.080480 0.085360 
0.014750 0.040430 0.050680 0.038260 0.040900 
0.069580 0.058540 0.064720 0.010490 0.029920 
73
0.479817 0.014473 0.046210 
0.462778 0.970428 0.462022 
0.057405 0.015099 0.491768 
0.063537 0.012799 0.016728 0.016474 0.045503 
0.031130 0.011742 0.272791 0.024404 0.128854 
0.023563 0.013935 0.015978 0.014679 0.024777 
0.024281 0.033142 0.189800 0.009140 0.026743 
0.087130 0.033470 0.046870 0.049530 0.039770 
0.088610 0.033620 0.036890 0.080480 0.085360 
0.014750 0.040430 0.050680 0.038260 0.040900 
0.069580 0.058540 0.064720 0.010490 0.029920 
74
0.479817 0.014473 0.046210 
0.462778 0.970428 0.462022 
0.057405 0.015099 0.491768 
0.050128 0.003372 0.417035 0.075362 0.011195 
0.040061 0.013974 0.016201 0.043487 0.025000 
0.007854 0.086428 0.020558 0.029761 0.028284 
0.056662 0.035790 0.022551 0.003824 0.012471 
0.087130 0.033470 0.046870 0.049530 0.039770 
0.088610 0.033620 0.036890 0.080480 0.085360 
0.014750 0.040430 0.050680 0.038260 0.040900 
0.069580 0.058540 0.064720 0.010490 0.029920 
75
0.479817 0.014473 0.046210 
0.462778 0.970428 0.462022 
0.057405 0.015099 0.491768 
0.249198 0.011076 0.033484 0.037646 0.025044 
0.056132 0.013783 0.032511 0.034668 0.049924 
0.014530 0.028627 0.023359 0.025618 0.028296 
0.195368 0.058007 0.052824 0.007751 0.022153 
0.087130 0.033470 0.046870 0.049530 0.039770 
0.088610 0.033620 0.036890 0.080480 0.085360 
0.014750 0.040430 0.050680 0.038260 0.040900 
0.069580 0.058540 0.064720 0.010490 0.029920 
76
0.479817 0.014473 0.046210 
0.462778 0.970428 0.462022 
0.057405 0.015099 0.491768 
0.042318 0.009599 0.009077 0.012351 0.426217 
0.018802 0.011409 0.075421 0.010032 0.118857 
0.023842 0.009852 0.010658 0.010378 0.009387 
0.018522 0.022518 0.078102 0.021517 0.061142 
0.087130 0.033470 0.046870 0.049530 0.039770 
0.088610 0.033620 0.036890 0.080480 0.085360 
0.014750 0.040430 0.050680 0.038260 0.040900 
0.069580 0.058540 0.064720 0.010490 0.029920 
77
0.479817 0.014473 0.046210 
0.462778 0.970428 0.462022 
0.057405 0.015099 0.491768 
0.331797 0.010965 0.034128 0.046176 0.024796 
0.051259 0.015008 0.037082 0.041607 0.058270 
0.016767 0.030372 0.022413 0.039156 0.034482 
0.062188 0.040516 0.071188 0.008224 0.023605 
0.087130 0.033470 0.046870 0.049530 0.039770 
0.088610 0.033620 0.036890 0.080480 0.085360 
0.014750 0.040430 0.050680 0.038260 0.040900 
0.069580 0.058540 0.064720 0.010490 0.029920 
78
0.479817 0.014473 0.046210 
0.462778 0.970428 0.462022 
0.057405 0.015099 0.491768 
0.059357 0.004713 0.046745 0.060918 0.015737 
0.037985 0.018063 0.022311 0.062957 0.039414 
0.011842 0.039186 0.025021 0.319777 0.091138 
0.044852 0.041388 0.031473 0.007345 0.019779 
0.087130 0.033470 0.046870 0.049530 0.039770 
0.088610 0.033620 0.036890 0.080480 0.085360 
0.014750 0.040430 0.050680 0.038260 0.040900 
0.069580 0.058540 0.064720 0.010490 0.029920 
79
0.479817 0.014473 0.046210 
0.462778 0.970428 0.462022 
0.057405 0.015099 0.491768 
0.062200 0.006263 0.069425 0.045223 0.018105 
0.063246 0.019039 0.019853 0.045808 0.034222 
0.010422 0.295930 0.029265 0.030793 0.035747 
0.113609 0.044700 0.028166 0.007743 0.020242 
0.087130 0.033470 0.046870 0.049530 0.039770 
0.088610 0.033620 0.036890 0.080480 0.085360 
0.014750 0.040430 0.050680 0.038260 0.040900 
0.069580 0.058540 0.064720 0.010490 0.029920 
80
0.479817 0.014473 0.046210 
0.462778 0.970428 0.462022 
0.057405 0.079896 0.431339 
0.062220 0.006019 0.072757 0.048279 0.017949 
0.081087 0.019787 0.019885 0.057449 0.034735 
0.010757 0.295112 0.029677 0.033267 0.039187 
0.073468 0.042209 0.027730 0.007897 0.020526 
0.087141 0.033466 0.046865 0.049524 0.039765 
0.088693 0.033616 0.036886 0.080471 0.085350 
0.014748 0.040425 0.050674 0.038256 0.040895 
0.069572 0.058533 0.064713 0.010489 0.029917 
81
0.479817 0.014473 0.040532 
0.462778 0.905630 0.528129 
0.057405 0.015099 0.491768 
0.087090 0.007090 0.052273 0.063969 0.026357 
0.059739 0.041057 0.036128 0.061923 0.073274 
0.017135 0.038865 0.026645 0.179780 0.048109 
0.049760 0.048886 0.043642 0.010458 0.027820 
0.087130 0.033470 0.046870 0.049530 0.039770 
0.088610 0.033620 0.036890 0.080480 0.085360 
0.014750 0.040430 0.050680 0.038260 0.040900 
0.069580 0.058540 0.064720 0.010490 0.029920 
82
0.479817 0.014473 0.046210 
0.462778 0.970428 0.462022 
0.057405 0.015099 0.491768 
0.071544 0.011630 0.018707 0.020553 0.056159 
0.029713 0.014708 0.077310 0.022327 0.264855 
0.145093 0.017170 0.013614 0.022799 0.024163 
0.023176 0.030272 0.081692 0.012102 0.042412 
0.087130 0.033470 0.046870 0.049530 0.039770 
0.088610 0.033620 0.036890 0.080480 0.085360 
0.014750 0.040430 0.050680 0.038260 0.040900 
0.069580 0.058540 0.064720 0.010490 0.029920 
83
0.479817 0.014473 0.046210 
0.462778 0.970428 0.462022 
0.057405 0.015099 0.491768 
0.054696 0.006490 0.100932 0.071082 0.020911 
0.091326 0.022382 0.021458 0.050530 0.036730 
0.011339 0.225010 0.031503 0.032983 0.036906 
0.071402 0.054417 0.028255 0.009053 0.022593 
0.087130 0.033470 0.046870 0.049530 0.039770 
0.088610 0.033620 0.036890 0.080480 0.085360 
0.014750 0.040430 0.050680 0.038260 0.040900 
