%  SAM: modelfromalign v3.5 (July 15, 2005) compiled 12/05/20_11:48:22
%  (c) 1992-2001 Regents of the University of California, Santa Cruz
%
%          Sequence Alignment and Modeling Software System
%         http://www.cse.ucsc.edu/research/compbio/sam.html
%
% ----------------- Citations (SAM, SAM-T2K, HMMs) --------------------
% R. Hughey, A. Krogh, Hidden Markov models for sequence analysis:
%  Extension and analysis of the basic method, CABIOS 12:95-107, 1996.
% K. Karplus, et al., What is the value added by human intervention in protein
%  structure prediction, Proteins: Stucture, Function, Genetics 45(S5):86--91, 2001.
% A. Krogh et al., Hidden Markov models in computational biology:
%  Applications to protein modeling, JMB 235:1501-1531, Feb 1994.
% ---------------------------------------------------------------------
%  last   Host: gauntlet    Thu Feb 11 16:21:37 2021
%  dgpinheiro   Dir:  /data/GitHub/sfFinder/example/output/subfamily/TEST1/flowerpower/fp-workspace/final
% ---------------------------------------------------------------------
% Prior File:  Internal (Name: recode3.20comp) 
%   20 priors on 20 characters.
%  Alignment weights from internal calc.  Total (1.57) Max (0.00) Min (0.00)
%  Weights from alignment method 1 (karplus), b=0.500000, e=0.500000
MODEL --  Model from alignment file last.a2m
alphabet protein
FREQAVE
0.000000 0.000000 0.000000 
0.000000 0.000000 0.000000 
0.000000 0.000000 0.000000 
0.073366 0.015731 0.056938 0.066613 0.049655 
0.061768 0.028683 0.052055 0.058198 0.085039 
0.025996 0.041873 0.045380 0.042494 0.052400 
0.059160 0.053814 0.060939 0.022990 0.046909 
0.073366 0.015731 0.056938 0.066613 0.049655 
0.061768 0.028683 0.052055 0.058198 0.085039 
0.025996 0.041873 0.045380 0.042494 0.052400 
0.059160 0.053814 0.060939 0.022990 0.046909 
Begin
0.000000 0.000000 0.000000 
0.000000 0.000000 0.000000 
0.000000 0.102655 0.805442 
0.000000 0.000000 0.000000 0.000000 0.000000 
0.000000 0.000000 0.000000 0.000000 0.000000 
0.000000 0.000000 0.000000 0.000000 0.000000 
0.000000 0.000000 0.000000 0.000000 0.000000 
0.087135 0.033412 0.046877 0.049460 0.039687 
0.088502 0.033556 0.036842 0.080764 0.085459 
0.014906 0.040443 0.050641 0.038240 0.040935 
0.069509 0.058601 0.064641 0.010468 0.029922 
1
0.000000 0.014473 0.062158 
0.000000 0.882872 0.132400 
0.042026 0.016442 0.491768 
0.071900 0.005785 0.050881 0.063518 0.021181 
0.046123 0.019345 0.034146 0.266239 0.056404 
0.025789 0.038980 0.030196 0.043662 0.054838 
0.049108 0.045172 0.043311 0.009133 0.024290 
0.087130 0.033470 0.046870 0.049530 0.039770 
0.088610 0.033620 0.036890 0.080480 0.085360 
0.014750 0.040430 0.050680 0.038260 0.040900 
0.069580 0.058540 0.064720 0.010490 0.029920 
2
0.618666 0.015761 0.046210 
0.339307 0.967797 0.462022 
0.042048 0.016440 0.491768 
0.089261 0.005133 0.053386 0.067203 0.018685 
0.047002 0.019374 0.030166 0.242085 0.050350 
0.014350 0.039962 0.044434 0.045654 0.066698 
0.051155 0.044240 0.039430 0.008509 0.022922 
0.087130 0.033470 0.046870 0.049530 0.039770 
0.088610 0.033620 0.036890 0.080480 0.085360 
0.014750 0.040430 0.050680 0.038260 0.040900 
0.069580 0.058540 0.064720 0.010490 0.029920 
3
0.617844 0.015758 0.046210 
0.340108 0.967802 0.462022 
0.042095 0.016433 0.491768 
0.071172 0.010951 0.025083 0.029548 0.042046 
0.032781 0.014983 0.076056 0.042064 0.331509 
0.035765 0.021922 0.019981 0.023478 0.030157 
0.030016 0.035278 0.084798 0.012381 0.030034 
0.087130 0.033470 0.046870 0.049530 0.039770 
0.088610 0.033620 0.036890 0.080480 0.085360 
0.014750 0.040430 0.050680 0.038260 0.040900 
0.069580 0.058540 0.064720 0.010490 0.029920 
4
0.618547 0.015752 0.046210 
0.339357 0.967814 0.462022 
0.042095 0.016433 0.491768 
0.079326 0.009143 0.046060 0.039137 0.029746 
0.269442 0.020091 0.040310 0.038636 0.074889 
0.017720 0.057640 0.031655 0.027211 0.032824 
0.056928 0.042197 0.045928 0.011699 0.029418 
0.087130 0.033470 0.046870 0.049530 0.039770 
0.088610 0.033620 0.036890 0.080480 0.085360 
0.014750 0.040430 0.050680 0.038260 0.040900 
0.069580 0.058540 0.064720 0.010490 0.029920 
5
0.618547 0.015752 0.046210 
0.339357 0.967814 0.462022 
0.042095 0.016433 0.491768 
0.107592 0.011236 0.034591 0.039683 0.039751 
0.045325 0.018909 0.066973 0.041234 0.230648 
0.025989 0.035503 0.026120 0.033700 0.038057 
0.040014 0.040921 0.077697 0.012909 0.033148 
0.087130 0.033470 0.046870 0.049530 0.039770 
0.088610 0.033620 0.036890 0.080480 0.085360 
0.014750 0.040430 0.050680 0.038260 0.040900 
0.069580 0.058540 0.064720 0.010490 0.029920 
6
0.460775 0.015752 0.046210 
0.497129 0.967814 0.462022 
0.049981 0.015617 0.491768 
0.066922 0.004474 0.047864 0.062787 0.015915 
0.039229 0.018339 0.025162 0.292535 0.043844 
0.012766 0.036708 0.026760 0.043621 0.114175 
0.046549 0.040865 0.033393 0.007630 0.020461 
0.087130 0.033470 0.046870 0.049530 0.039770 
0.088610 0.033620 0.036890 0.080480 0.085360 
0.014750 0.040430 0.050680 0.038260 0.040900 
0.069580 0.058540 0.064720 0.010490 0.029920 
7
0.547091 0.014970 0.046210 
0.402928 0.969413 0.462022 
0.049981 0.015617 0.491768 
0.068599 0.003543 0.130794 0.294867 0.015690 
0.039521 0.015724 0.018861 0.060774 0.036249 
0.010773 0.034609 0.022806 0.051653 0.047734 
0.057083 0.038410 0.027757 0.006769 0.017784 
0.087130 0.033470 0.046870 0.049530 0.039770 
0.088610 0.033620 0.036890 0.080480 0.085360 
0.014750 0.040430 0.050680 0.038260 0.040900 
0.069580 0.058540 0.064720 0.010490 0.029920 
8
0.547091 0.014970 0.046210 
0.402928 0.969413 0.462022 
0.049981 0.015617 0.491768 
0.076493 0.004749 0.083662 0.066012 0.018920 
0.043535 0.019037 0.031371 0.126867 0.052941 
0.015200 0.046054 0.027805 0.044381 0.184538 
0.047491 0.040643 0.038020 0.008910 0.023371 
0.087130 0.033470 0.046870 0.049530 0.039770 
0.088610 0.033620 0.036890 0.080480 0.085360 
0.014750 0.040430 0.050680 0.038260 0.040900 
0.069580 0.058540 0.064720 0.010490 0.029920 
9
0.547091 0.014970 0.046210 
0.402928 0.969413 0.462022 
0.049981 0.015617 0.491768 
0.044409 0.007864 0.019538 0.023178 0.093839 
0.030850 0.021483 0.037174 0.022622 0.061464 
0.015666 0.019828 0.015567 0.018489 0.023990 
0.030909 0.029730 0.049837 0.033135 0.400429 
0.087130 0.033470 0.046870 0.049530 0.039770 
0.088610 0.033620 0.036890 0.080480 0.085360 
0.014750 0.040430 0.050680 0.038260 0.040900 
0.069580 0.058540 0.064720 0.010490 0.029920 
10
0.545869 0.014970 0.046210 
0.404150 0.969413 0.462022 
0.050042 0.015612 0.491768 
0.223243 0.011698 0.037929 0.044346 0.033394 
0.057436 0.018583 0.052791 0.045301 0.078579 
0.021806 0.030416 0.027556 0.033271 0.049829 
0.049388 0.047747 0.075271 0.011491 0.049925 
0.087130 0.033470 0.046870 0.049530 0.039770 
0.088610 0.033620 0.036890 0.080480 0.085360 
0.014750 0.040430 0.050680 0.038260 0.040900 
0.069580 0.058540 0.064720 0.010490 0.029920 
11
0.546537 0.014965 0.046210 
0.403421 0.969423 0.462022 
0.050042 0.015612 0.491768 
0.085123 0.010216 0.052418 0.045199 0.036719 
0.047125 0.023295 0.061121 0.052230 0.212759 
0.025083 0.033124 0.028069 0.033481 0.048272 
0.042516 0.042406 0.069906 0.013457 0.037482 
0.087130 0.033470 0.046870 0.049530 0.039770 
0.088610 0.033620 0.036890 0.080480 0.085360 
0.014750 0.040430 0.050680 0.038260 0.040900 
0.069580 0.058540 0.064720 0.010490 0.029920 
12
0.419517 0.014965 0.046210 
0.530441 0.969423 0.462022 
0.057323 0.015104 0.491768 
0.063553 0.011321 0.014528 0.016294 0.045726 
0.025324 0.011381 0.094633 0.017593 0.271235 
0.184489 0.013848 0.012699 0.015098 0.018971 
0.020231 0.040126 0.085609 0.010742 0.026597 
0.087130 0.033470 0.046870 0.049530 0.039770 
0.088610 0.033620 0.036890 0.080480 0.085360 
0.014750 0.040430 0.050680 0.038260 0.040900 
0.069580 0.058540 0.064720 0.010490 0.029920 
13
0.480557 0.014478 0.046210 
0.462119 0.970418 0.462022 
0.057323 0.015104 0.491768 
0.092914 0.007528 0.034909 0.037844 0.020225 
0.037369 0.013887 0.031766 0.037205 0.042860 
0.015455 0.033008 0.023571 0.027702 0.029132 
0.090843 0.350345 0.046048 0.006924 0.020465 
0.087130 0.033470 0.046870 0.049530 0.039770 
0.088610 0.033620 0.036890 0.080480 0.085360 
0.014750 0.040430 0.050680 0.038260 0.040900 
0.069580 0.058540 0.064720 0.010490 0.029920 
14
0.479840 0.014478 0.046210 
0.462837 0.970418 0.462022 
0.057365 0.015101 0.491768 
0.052757 0.004840 0.038721 0.047891 0.015975 
0.036790 0.016393 0.023654 0.053712 0.040908 
0.011823 0.031494 0.023690 0.034191 0.420656 
0.039205 0.048500 0.032331 0.007257 0.019211 
0.087130 0.033470 0.046870 0.049530 0.039770 
0.088610 0.033620 0.036890 0.080480 0.085360 
0.014750 0.040430 0.050680 0.038260 0.040900 
0.069580 0.058540 0.064720 0.010490 0.029920 
15
0.480184 0.014476 0.046210 
0.462451 0.970423 0.462022 
0.057365 0.015101 0.491768 
0.066827 0.004936 0.089776 0.031905 0.013767 
0.443711 0.012652 0.019160 0.034465 0.027052 
0.010473 0.047379 0.022656 0.022796 0.026327 
0.050721 0.032658 0.019876 0.006270 0.016591 
0.087130 0.033470 0.046870 0.049530 0.039770 
0.088610 0.033620 0.036890 0.080480 0.085360 
0.014750 0.040430 0.050680 0.038260 0.040900 
0.069580 0.058540 0.064720 0.010490 0.029920 
16
0.480184 0.014476 0.046210 
0.462451 0.970423 0.462022 
0.057365 0.015101 0.491768 
0.041362 0.008509 0.008541 0.010408 0.033518 
0.014141 0.006682 0.064512 0.011066 0.580590 
0.028992 0.008783 0.009670 0.009780 0.011135 
0.013677 0.030812 0.081951 0.007636 0.018236 
0.087130 0.033470 0.046870 0.049530 0.039770 
0.088610 0.033620 0.036890 0.080480 0.085360 
0.014750 0.040430 0.050680 0.038260 0.040900 
0.069580 0.058540 0.064720 0.010490 0.029920 
17
0.479479 0.014476 0.046210 
0.463157 0.970423 0.462022 
0.057405 0.015099 0.491768 
0.092903 0.005561 0.061920 0.030307 0.015622 
0.428157 0.014488 0.021697 0.032963 0.029396 
0.011610 0.054241 0.023615 0.020806 0.024073 
0.054469 0.031674 0.021451 0.006942 0.018105 
0.087130 0.033470 0.046870 0.049530 0.039770 
0.088610 0.033620 0.036890 0.080480 0.085360 
0.014750 0.040430 0.050680 0.038260 0.040900 
0.069580 0.058540 0.064720 0.010490 0.029920 
18
0.479817 0.014473 0.046210 
0.462778 0.970428 0.462022 
0.057405 0.015099 0.491768 
0.018319 0.004878 0.009133 0.011028 0.034908 
0.017930 0.006231 0.017999 0.009338 0.043862 
0.010479 0.007437 0.008279 0.006202 0.013501 
0.011922 0.010606 0.023387 0.704699 0.029862 
0.087130 0.033470 0.046870 0.049530 0.039770 
0.088610 0.033620 0.036890 0.080480 0.085360 
0.014750 0.040430 0.050680 0.038260 0.040900 
0.069580 0.058540 0.064720 0.010490 0.029920 
19
0.479817 0.014473 0.046210 
0.462778 0.970428 0.462022 
0.057405 0.015099 0.491768 
0.082179 0.002716 0.138626 0.318730 0.013976 
0.035452 0.013163 0.015651 0.055752 0.032071 
0.009502 0.029375 0.019533 0.056626 0.035688 
0.054387 0.041940 0.023811 0.005685 0.015137 
0.087130 0.033470 0.046870 0.049530 0.039770 
0.088610 0.033620 0.036890 0.080480 0.085360 
0.014750 0.040430 0.050680 0.038260 0.040900 
0.069580 0.058540 0.064720 0.010490 0.029920 
20
0.479817 0.014473 0.046210 
0.462778 0.970428 0.462022 
0.057405 0.015099 0.491768 
0.067826 0.006475 0.038762 0.034588 0.034629 
0.049714 0.013240 0.039561 0.044021 0.067969 
0.010902 0.032970 0.276097 0.024452 0.029960 
0.057271 0.085205 0.053798 0.008725 0.023833 
0.087130 0.033470 0.046870 0.049530 0.039770 
0.088610 0.033620 0.036890 0.080480 0.085360 
0.014750 0.040430 0.050680 0.038260 0.040900 
0.069580 0.058540 0.064720 0.010490 0.029920 
21
0.479817 0.014473 0.046210 
0.462778 0.970428 0.462022 
0.057405 0.015099 0.491768 
0.057480 0.007259 0.041350 0.039094 0.018353 
0.054736 0.014615 0.025066 0.036686 0.031908 
0.010064 0.041698 0.026757 0.027367 0.027632 
0.307367 0.165955 0.039644 0.006788 0.020182 
0.087130 0.033470 0.046870 0.049530 0.039770 
0.088610 0.033620 0.036890 0.080480 0.085360 
0.014750 0.040430 0.050680 0.038260 0.040900 
0.069580 0.058540 0.064720 0.010490 0.029920 
22
0.479817 0.014473 0.046210 
0.462778 0.970428 0.462022 
0.057405 0.015099 0.491768 
0.031578 0.005644 0.017138 0.018120 0.058675 
0.026245 0.015211 0.026592 0.018282 0.044029 
0.010729 0.015047 0.013794 0.013933 0.018370 
0.023171 0.022336 0.035303 0.014512 0.571291 
0.087130 0.033470 0.046870 0.049530 0.039770 
0.088610 0.033620 0.036890 0.080480 0.085360 
0.014750 0.040430 0.050680 0.038260 0.040900 
0.069580 0.058540 0.064720 0.010490 0.029920 
23
0.479817 0.014473 0.046210 
0.462778 0.970428 0.462022 
0.057405 0.015099 0.491768 
0.066201 0.005211 0.051867 0.095994 0.018465 
0.039135 0.018334 0.026412 0.062237 0.045418 
0.013350 0.035411 0.025505 0.255105 0.055745 
0.046634 0.042429 0.066724 0.008113 0.021712 
0.087130 0.033470 0.046870 0.049530 0.039770 
0.088610 0.033620 0.036890 0.080480 0.085360 
0.014750 0.040430 0.050680 0.038260 0.040900 
0.069580 0.058540 0.064720 0.010490 0.029920 
24
0.479817 0.014473 0.046210 
0.462778 0.970428 0.462022 
0.057405 0.015099 0.491768 
0.063740 0.004900 0.059992 0.039721 0.021305 
0.047076 0.013220 0.029906 0.055961 0.047639 
0.008059 0.036058 0.314358 0.027648 0.037046 
0.071563 0.050469 0.043531 0.007370 0.020437 
0.087130 0.033470 0.046870 0.049530 0.039770 
0.088610 0.033620 0.036890 0.080480 0.085360 
0.014750 0.040430 0.050680 0.038260 0.040900 
0.069580 0.058540 0.064720 0.010490 0.029920 
25
0.479817 0.014473 0.046210 
0.462778 0.970428 0.462022 
0.057405 0.015099 0.491768 
0.084431 0.011582 0.034079 0.043547 0.042255 
0.060238 0.021110 0.150788 0.044923 0.098703 
0.043171 0.028254 0.026318 0.028431 0.046328 
0.036000 0.042475 0.105010 0.014373 0.037985 
0.087130 0.033470 0.046870 0.049530 0.039770 
0.088610 0.033620 0.036890 0.080480 0.085360 
0.014750 0.040430 0.050680 0.038260 0.040900 
0.069580 0.058540 0.064720 0.010490 0.029920 
26
0.479817 0.014473 0.046210 
0.462778 0.970428 0.462022 
0.057405 0.015099 0.491768 
0.060023 0.003310 0.342597 0.120039 0.012753 
0.040711 0.014424 0.016619 0.053196 0.028328 
0.008741 0.064257 0.021392 0.046260 0.031678 
0.056895 0.036457 0.023613 0.004707 0.013998 
0.087130 0.033470 0.046870 0.049530 0.039770 
0.088610 0.033620 0.036890 0.080480 0.085360 
0.014750 0.040430 0.050680 0.038260 0.040900 
0.069580 0.058540 0.064720 0.010490 0.029920 
27
0.479817 0.014473 0.046210 
0.462778 0.970428 0.462022 
0.057405 0.015099 0.491768 
0.063307 0.003418 0.254201 0.147643 0.013852 
0.040441 0.015367 0.018559 0.103357 0.033262 
0.009751 0.051584 0.023039 0.045046 0.039518 
0.050091 0.036491 0.029839 0.005576 0.015656 
0.087130 0.033470 0.046870 0.049530 0.039770 
0.088610 0.033620 0.036890 0.080480 0.085360 
0.014750 0.040430 0.050680 0.038260 0.040900 
0.069580 0.058540 0.064720 0.010490 0.029920 
28
0.479817 0.014473 0.046210 
0.462778 0.970428 0.462022 
0.057405 0.015099 0.491768 
0.062715 0.012882 0.007955 0.007319 0.035598 
0.016041 0.006739 0.280527 0.010677 0.095347 
0.017594 0.007310 0.011738 0.007156 0.009833 
0.016168 0.028899 0.339156 0.006318 0.020029 
0.087130 0.033470 0.046870 0.049530 0.039770 
0.088610 0.033620 0.036890 0.080480 0.085360 
0.014750 0.040430 0.050680 0.038260 0.040900 
0.069580 0.058540 0.064720 0.010490 0.029920 
29
0.479817 0.014473 0.046210 
0.462778 0.970428 0.462022 
0.057405 0.015099 0.491768 
0.034496 0.007787 0.011576 0.014960 0.543077 
0.019678 0.008860 0.043109 0.013105 0.071901 
0.015487 0.010435 0.011596 0.011214 0.010568 
0.019109 0.021057 0.046495 0.021343 0.064150 
0.087130 0.033470 0.046870 0.049530 0.039770 
0.088610 0.033620 0.036890 0.080480 0.085360 
0.014750 0.040430 0.050680 0.038260 0.040900 
0.069580 0.058540 0.064720 0.010490 0.029920 
30
0.479817 0.014473 0.046210 
0.462778 0.970428 0.462022 
0.057405 0.015099 0.491768 
0.052244 0.004235 0.034715 0.034723 0.016978 
0.037568 0.011529 0.024242 0.050890 0.040094 
0.007264 0.027376 0.459968 0.024602 0.035894 
0.042592 0.036356 0.035813 0.006031 0.016885 
0.087130 0.033470 0.046870 0.049530 0.039770 
0.088610 0.033620 0.036890 0.080480 0.085360 
0.014750 0.040430 0.050680 0.038260 0.040900 
0.069580 0.058540 0.064720 0.010490 0.029920 
31
0.479817 0.088601 0.046210 
0.462778 0.896300 0.462022 
0.043096 0.016308 0.491768 
0.068848 0.009824 0.075131 0.089596 0.027856 
0.056793 0.041664 0.035941 0.077155 0.058939 
0.018744 0.057327 0.043876 0.057411 0.063541 
0.071348 0.058574 0.046040 0.010695 0.030697 
0.087130 0.033470 0.046870 0.049530 0.039770 
0.088610 0.033620 0.036890 0.080480 0.085360 
0.014750 0.040430 0.050680 0.038260 0.040900 
0.069580 0.058540 0.064720 0.010490 0.029920 
32
0.609479 0.029218 0.046210 
0.347425 0.954474 0.462022 
0.041347 0.016532 0.491768 
0.082188 0.013475 0.057580 0.073912 0.033124 
0.060636 0.024168 0.050771 0.065768 0.077766 
0.021534 0.045473 0.053527 0.042807 0.056268 
0.068477 0.062461 0.065866 0.011358 0.032840 
0.087130 0.033470 0.046870 0.049530 0.039770 
0.088610 0.033620 0.036890 0.080480 0.085360 
0.014750 0.040430 0.050680 0.038260 0.040900 
0.069580 0.058540 0.064720 0.010490 0.029920 
33
0.386180 0.016358 0.046210 
0.572472 0.967110 0.462022 
0.054236 0.015299 0.491768 
0.083683 0.012782 0.026924 0.028822 0.056942 
0.051455 0.020265 0.079655 0.029223 0.139275 
0.117528 0.025169 0.019237 0.023373 0.032521 
0.033279 0.041446 0.086045 0.020540 0.071837 
0.087130 0.033470 0.046870 0.049530 0.039770 
0.088610 0.033620 0.036890 0.080480 0.085360 
0.014750 0.040430 0.050680 0.038260 0.040900 
0.069580 0.058540 0.064720 0.010490 0.029920 
34
0.455302 0.014665 0.046210 
0.490462 0.970037 0.462022 
0.057286 0.015106 0.491768 
0.060909 0.003914 0.316536 0.098025 0.014414 
0.045284 0.015507 0.019984 0.052694 0.030390 
0.009256 0.072628 0.023583 0.035717 0.031159 
0.071194 0.048587 0.029730 0.005211 0.015278 
0.087130 0.033470 0.046870 0.049530 0.039770 
0.088610 0.033620 0.036890 0.080480 0.085360 
0.014750 0.040430 0.050680 0.038260 0.040900 
0.069580 0.058540 0.064720 0.010490 0.029920 
35
0.478817 0.014480 0.046210 
0.463897 0.970414 0.462022 
0.057405 0.015099 0.491768 
0.105282 0.004929 0.057892 0.073069 0.022925 
0.065049 0.020551 0.040638 0.106958 0.066505 
0.018108 0.040260 0.026877 0.063321 0.117811 
0.048654 0.041823 0.043168 0.010152 0.026029 
0.087130 0.033470 0.046870 0.049530 0.039770 
0.088610 0.033620 0.036890 0.080480 0.085360 
0.014750 0.040430 0.050680 0.038260 0.040900 
0.069580 0.058540 0.064720 0.010490 0.029920 
36
0.479817 0.014473 0.046210 
0.462778 0.970428 0.462022 
0.057405 0.015099 0.491768 
0.051787 0.009343 0.016997 0.023886 0.353310 
0.030173 0.017215 0.040472 0.016639 0.066243 
0.016017 0.017692 0.014557 0.015888 0.015980 
0.032811 0.031135 0.048659 0.031051 0.150145 
0.087130 0.033470 0.046870 0.049530 0.039770 
0.088610 0.033620 0.036890 0.080480 0.085360 
0.014750 0.040430 0.050680 0.038260 0.040900 
0.069580 0.058540 0.064720 0.010490 0.029920 
37
0.479817 0.014473 0.046210 
0.462778 0.970428 0.462022 
0.057405 0.015099 0.491768 
0.055890 0.003329 0.068378 0.418265 0.016568 
0.050054 0.014069 0.016237 0.061904 0.031288 
0.009597 0.028621 0.020539 0.044353 0.037455 
0.042289 0.034848 0.024865 0.005834 0.015616 
0.087130 0.033470 0.046870 0.049530 0.039770 
0.088610 0.033620 0.036890 0.080480 0.085360 
0.014750 0.040430 0.050680 0.038260 0.040900 
0.069580 0.058540 0.064720 0.010490 0.029920 
38
0.479817 0.014473 0.046210 
0.462778 0.970428 0.462022 
0.057405 0.015099 0.491768 
0.050996 0.003349 0.041508 0.019932 0.008008 
0.655962 0.007806 0.010804 0.022370 0.017013 
0.006326 0.025705 0.016449 0.013263 0.020376 
0.033200 0.020528 0.011842 0.003876 0.010688 
0.087130 0.033470 0.046870 0.049530 0.039770 
0.088610 0.033620 0.036890 0.080480 0.085360 
0.014750 0.040430 0.050680 0.038260 0.040900 
0.069580 0.058540 0.064720 0.010490 0.029920 
39
0.479817 0.014473 0.046210 
0.462778 0.970428 0.462022 
0.057405 0.015099 0.491768 
0.043789 0.010288 0.007965 0.008852 0.035508 
0.015139 0.006589 0.458707 0.010417 0.113854 
0.021907 0.008048 0.010562 0.008531 0.010265 
0.014399 0.023698 0.164873 0.007356 0.019255 
0.087130 0.033470 0.046870 0.049530 0.039770 
0.088610 0.033620 0.036890 0.080480 0.085360 
0.014750 0.040430 0.050680 0.038260 0.040900 
0.069580 0.058540 0.064720 0.010490 0.029920 
40
0.479817 0.014473 0.046210 
0.462778 0.970428 0.462022 
0.057405 0.015099 0.491768 
0.075663 0.004747 0.048131 0.065249 0.016438 
0.037480 0.020014 0.032731 0.254985 0.049602 
0.013760 0.034749 0.036872 0.058356 0.105776 
0.044846 0.036962 0.035127 0.007756 0.020756 
0.087130 0.033470 0.046870 0.049530 0.039770 
0.088610 0.033620 0.036890 0.080480 0.085360 
0.014750 0.040430 0.050680 0.038260 0.040900 
0.069580 0.058540 0.064720 0.010490 0.029920 
41
0.479817 0.014473 0.046210 
0.462778 0.970428 0.462022 
0.057405 0.015099 0.491768 
0.062200 0.010894 0.012723 0.014270 0.034850 
0.033254 0.008702 0.409366 0.016487 0.096791 
0.023185 0.011851 0.013354 0.012361 0.015274 
0.020527 0.033736 0.141256 0.007738 0.021182 
0.087130 0.033470 0.046870 0.049530 0.039770 
0.088610 0.033620 0.036890 0.080480 0.085360 
0.014750 0.040430 0.050680 0.038260 0.040900 
0.069580 0.058540 0.064720 0.010490 0.029920 
42
0.479817 0.014473 0.046210 
0.462778 0.970428 0.462022 
0.057405 0.015099 0.491768 
0.063433 0.007019 0.050467 0.091510 0.027586 
0.050823 0.185662 0.030819 0.062447 0.050969 
0.015391 0.043523 0.027860 0.038275 0.045327 
0.052024 0.074422 0.039527 0.012191 0.030724 
0.087130 0.033470 0.046870 0.049530 0.039770 
0.088610 0.033620 0.036890 0.080480 0.085360 
0.014750 0.040430 0.050680 0.038260 0.040900 
0.069580 0.058540 0.064720 0.010490 0.029920 
43
0.479817 0.014473 0.046210 
0.462778 0.970428 0.462022 
0.057405 0.015099 0.491768 
0.060926 0.003474 0.406901 0.077327 0.011665 
0.048193 0.014130 0.016635 0.044752 0.026016 
0.008119 0.077254 0.020858 0.031006 0.029152 
0.047419 0.035976 0.023079 0.004122 0.012997 
0.087130 0.033470 0.046870 0.049530 0.039770 
0.088610 0.033620 0.036890 0.080480 0.085360 
0.014750 0.040430 0.050680 0.038260 0.040900 
0.069580 0.058540 0.064720 0.010490 0.029920 
44
0.479817 0.014473 0.046210 
0.462778 0.970428 0.462022 
0.057405 0.015099 0.491768 
0.020296 0.005023 0.010400 0.013068 0.069556 
0.015413 0.012236 0.022065 0.012728 0.046113 
0.010990 0.010764 0.009483 0.009650 0.016147 
0.016411 0.015493 0.023208 0.598913 0.062043 
0.087130 0.033470 0.046870 0.049530 0.039770 
0.088610 0.033620 0.036890 0.080480 0.085360 
0.014750 0.040430 0.050680 0.038260 0.040900 
0.069580 0.058540 0.064720 0.010490 0.029920 
45
0.479817 0.014473 0.046210 
0.462778 0.970428 0.462022 
0.057405 0.015099 0.491768 
0.052076 0.003750 0.355144 0.104735 0.013635 
0.042396 0.015157 0.017409 0.047683 0.034396 
0.009090 0.066740 0.022447 0.036615 0.032268 
0.062861 0.037518 0.024702 0.006289 0.015091 
0.087130 0.033470 0.046870 0.049530 0.039770 
0.088610 0.033620 0.036890 0.080480 0.085360 
0.014750 0.040430 0.050680 0.038260 0.040900 
0.069580 0.058540 0.064720 0.010490 0.029920 
46
0.479817 0.014473 0.046210 
0.462778 0.970428 0.462022 
0.057405 0.015099 0.491768 
0.227998 0.006096 0.054296 0.062855 0.020355 
0.073018 0.017749 0.033057 0.112699 0.054588 
0.015209 0.039036 0.028286 0.045217 0.050709 
0.047886 0.039673 0.040714 0.008190 0.022370 
0.087130 0.033470 0.046870 0.049530 0.039770 
0.088610 0.033620 0.036890 0.080480 0.085360 
0.014750 0.040430 0.050680 0.038260 0.040900 
0.069580 0.058540 0.064720 0.010490 0.029920 
47
0.479817 0.014473 0.046210 
0.462778 0.970428 0.462022 
0.057405 0.015099 0.491768 
0.018529 0.004815 0.006265 0.010660 0.048664 
0.013678 0.006043 0.021095 0.008971 0.053406 
0.012862 0.006162 0.006214 0.005995 0.014734 
0.010863 0.009944 0.026782 0.674374 0.039943 
0.087130 0.033470 0.046870 0.049530 0.039770 
0.088610 0.033620 0.036890 0.080480 0.085360 
0.014750 0.040430 0.050680 0.038260 0.040900 
0.069580 0.058540 0.064720 0.010490 0.029920 
48
0.479817 0.014473 0.046210 
0.462778 0.970428 0.462022 
0.057405 0.015099 0.491768 
0.057535 0.002821 0.127199 0.397656 0.012802 
0.033171 0.012766 0.014573 0.050032 0.029555 
0.008992 0.026870 0.019278 0.048192 0.033869 
0.043215 0.033173 0.028388 0.005399 0.014515 
0.087130 0.033470 0.046870 0.049530 0.039770 
0.088610 0.033620 0.036890 0.080480 0.085360 
0.014750 0.040430 0.050680 0.038260 0.040900 
0.069580 0.058540 0.064720 0.010490 0.029920 
49
0.479817 0.014473 0.046210 
0.462778 0.970428 0.462022 
0.057405 0.015099 0.491768 
0.043382 0.003189 0.447624 0.115579 0.010939 
0.036771 0.012845 0.014358 0.040705 0.024135 
0.007419 0.054131 0.019605 0.030731 0.027656 
0.041210 0.031949 0.021136 0.004144 0.012490 
0.087130 0.033470 0.046870 0.049530 0.039770 
0.088610 0.033620 0.036890 0.080480 0.085360 
0.014750 0.040430 0.050680 0.038260 0.040900 
0.069580 0.058540 0.064720 0.010490 0.029920 
50
0.479817 0.014473 0.046210 
0.462778 0.970428 0.462022 
0.057405 0.015099 0.491768 
0.048959 0.004972 0.030176 0.035279 0.010477 
0.032138 0.010850 0.016957 0.032009 0.029097 
0.006296 0.019994 0.571404 0.018760 0.023530 
0.041662 0.028172 0.025898 0.003392 0.009976 
0.087130 0.033470 0.046870 0.049530 0.039770 
0.088610 0.033620 0.036890 0.080480 0.085360 
0.014750 0.040430 0.050680 0.038260 0.040900 
0.069580 0.058540 0.064720 0.010490 0.029920 
51
0.479817 0.014473 0.046210 
0.462778 0.970428 0.462022 
0.057405 0.015099 0.491768 
0.032937 0.007955 0.010208 0.014520 0.523376 
0.018507 0.009215 0.039694 0.011896 0.068667 
0.014677 0.009654 0.010818 0.010812 0.009150 
0.019350 0.020678 0.044206 0.026450 0.097229 
0.087130 0.033470 0.046870 0.049530 0.039770 
0.088610 0.033620 0.036890 0.080480 0.085360 
0.014750 0.040430 0.050680 0.038260 0.040900 
0.069580 0.058540 0.064720 0.010490 0.029920 
52
0.479817 0.014473 0.046210 
0.462778 0.970428 0.462022 
0.057405 0.015099 0.491768 
0.056125 0.004478 0.041496 0.053335 0.015276 
0.036095 0.017356 0.023160 0.093561 0.040269 
0.012111 0.033845 0.024302 0.038136 0.370800 
0.041455 0.039376 0.031728 0.007415 0.019682 
0.087130 0.033470 0.046870 0.049530 0.039770 
0.088610 0.033620 0.036890 0.080480 0.085360 
0.014750 0.040430 0.050680 0.038260 0.040900 
0.069580 0.058540 0.064720 0.010490 0.029920 
53
0.479817 0.014473 0.046210 
0.462778 0.970428 0.462022 
0.057405 0.015099 0.491768 
0.042181 0.008960 0.007324 0.008784 0.035446 
0.013541 0.006438 0.082065 0.009254 0.556565 
0.031950 0.007865 0.009250 0.009163 0.009967 
0.012686 0.020975 0.100837 0.007914 0.018837 
0.087130 0.033470 0.046870 0.049530 0.039770 
0.088610 0.033620 0.036890 0.080480 0.085360 
0.014750 0.040430 0.050680 0.038260 0.040900 
0.069580 0.058540 0.064720 0.010490 0.029920 
54
0.479817 0.014473 0.046210 
0.462778 0.970428 0.462022 
0.057405 0.015099 0.491768 
0.047564 0.006097 0.033799 0.035042 0.016265 
0.034523 0.012858 0.024402 0.034499 0.032096 
0.009580 0.031737 0.022578 0.025358 0.026686 
0.106462 0.439886 0.036898 0.005914 0.017755 
0.087130 0.033470 0.046870 0.049530 0.039770 
0.088610 0.033620 0.036890 0.080480 0.085360 
0.014750 0.040430 0.050680 0.038260 0.040900 
0.069580 0.058540 0.064720 0.010490 0.029920 
55
0.479817 0.014473 0.046210 
0.462778 0.970428 0.462022 
0.057405 0.015099 0.491768 
0.071496 0.011520 0.022918 0.026396 0.051953 
0.038078 0.014446 0.073920 0.027019 0.114873 
0.247921 0.020865 0.017803 0.021038 0.026112 
0.030855 0.035515 0.081734 0.013134 0.052403 
0.087130 0.033470 0.046870 0.049530 0.039770 
0.088610 0.033620 0.036890 0.080480 0.085360 
0.014750 0.040430 0.050680 0.038260 0.040900 
0.069580 0.058540 0.064720 0.010490 0.029920 
56
0.479817 0.014473 0.046210 
0.462778 0.970428 0.462022 
0.057405 0.015099 0.491768 
0.043360 0.003627 0.459541 0.056867 0.011580 
0.037937 0.014018 0.015692 0.043240 0.026035 
0.007969 0.053685 0.025401 0.029225 0.055895 
0.041353 0.033482 0.022745 0.004670 0.013681 
0.087130 0.033470 0.046870 0.049530 0.039770 
0.088610 0.033620 0.036890 0.080480 0.085360 
0.014750 0.040430 0.050680 0.038260 0.040900 
0.069580 0.058540 0.064720 0.010490 0.029920 
57
0.479817 0.014473 0.046210 
0.462778 0.970428 0.462022 
0.057405 0.015099 0.491768 
0.360706 0.008209 0.044446 0.072391 0.019897 
0.048489 0.015332 0.028891 0.048528 0.047412 
0.013866 0.033029 0.022503 0.032834 0.037953 
0.054806 0.039260 0.043350 0.007386 0.020714 
0.087130 0.033470 0.046870 0.049530 0.039770 
0.088610 0.033620 0.036890 0.080480 0.085360 
0.014750 0.040430 0.050680 0.038260 0.040900 
0.069580 0.058540 0.064720 0.010490 0.029920 
58
0.479817 0.014473 0.046210 
0.462778 0.970428 0.462022 
0.057405 0.015099 0.491768 
0.028827 0.008871 0.015986 0.018441 0.101567 
0.018849 0.028143 0.030091 0.019221 0.056298 
0.014314 0.017937 0.013214 0.013857 0.019698 
0.023294 0.021437 0.033011 0.030404 0.486539 
0.087130 0.033470 0.046870 0.049530 0.039770 
0.088610 0.033620 0.036890 0.080480 0.085360 
0.014750 0.040430 0.050680 0.038260 0.040900 
0.069580 0.058540 0.064720 0.010490 0.029920 
59
0.479817 0.014473 0.046210 
0.462778 0.970428 0.462022 
0.057405 0.015099 0.491768 
0.022290 0.005231 0.007720 0.011806 0.041816 
0.014885 0.006483 0.025638 0.010522 0.057974 
0.013758 0.007381 0.007311 0.007289 0.015039 
0.012328 0.012133 0.057369 0.628604 0.034423 
0.087130 0.033470 0.046870 0.049530 0.039770 
0.088610 0.033620 0.036890 0.080480 0.085360 
0.014750 0.040430 0.050680 0.038260 0.040900 
0.069580 0.058540 0.064720 0.010490 0.029920 
60
0.479817 0.014473 0.046210 
0.462778 0.970428 0.462022 
0.057405 0.015099 0.491768 
0.058438 0.004178 0.043554 0.056961 0.014064 
0.035339 0.024227 0.021213 0.394759 0.037556 
0.013701 0.034366 0.024305 0.040172 0.058938 
0.044661 0.038946 0.029579 0.006772 0.018270 
0.087130 0.033470 0.046870 0.049530 0.039770 
0.088610 0.033620 0.036890 0.080480 0.085360 
0.014750 0.040430 0.050680 0.038260 0.040900 
0.069580 0.058540 0.064720 0.010490 0.029920 
61
0.479817 0.014473 0.046210 
0.462778 0.970428 0.462022 
0.057405 0.015099 0.491768 
0.038716 0.007657 0.013778 0.017406 0.129735 
0.024809 0.023210 0.041286 0.016416 0.058226 
0.014957 0.021594 0.011832 0.015255 0.020333 
0.027781 0.026691 0.055058 0.026321 0.408939 
0.087130 0.033470 0.046870 0.049530 0.039770 
0.088610 0.033620 0.036890 0.080480 0.085360 
0.014750 0.040430 0.050680 0.038260 0.040900 
0.069580 0.058540 0.064720 0.010490 0.029920 
62
0.479817 0.014473 0.046210 
0.462778 0.970428 0.462022 
0.057405 0.015099 0.491768 
0.054135 0.005168 0.042610 0.053407 0.016921 
0.038268 0.016618 0.024003 0.053329 0.041942 
0.011890 0.032194 0.024221 0.403928 0.041411 
0.041326 0.039038 0.033246 0.007161 0.019183 
0.087130 0.033470 0.046870 0.049530 0.039770 
0.088610 0.033620 0.036890 0.080480 0.085360 
0.014750 0.040430 0.050680 0.038260 0.040900 
0.069580 0.058540 0.064720 0.010490 0.029920 
63
0.479817 0.014473 0.046210 
0.462778 0.970428 0.462022 
0.057405 0.015099 0.491768 
0.307894 0.012360 0.031973 0.037981 0.026041 
0.097719 0.014370 0.037960 0.036942 0.058904 
0.017174 0.025786 0.022491 0.026475 0.042454 
0.065547 0.038892 0.066250 0.008496 0.024291 
0.087130 0.033470 0.046870 0.049530 0.039770 
0.088610 0.033620 0.036890 0.080480 0.085360 
0.014750 0.040430 0.050680 0.038260 0.040900 
0.069580 0.058540 0.064720 0.010490 0.029920 
64
0.479817 0.014473 0.046210 
0.462778 0.970428 0.462022 
0.057405 0.015099 0.491768 
0.052286 0.003186 0.077173 0.453949 0.012388 
0.041795 0.013189 0.014675 0.048095 0.028628 
0.008730 0.026677 0.019818 0.041628 0.034220 
0.040185 0.040198 0.023052 0.005456 0.014673 
0.087130 0.033470 0.046870 0.049530 0.039770 
0.088610 0.033620 0.036890 0.080480 0.085360 
0.014750 0.040430 0.050680 0.038260 0.040900 
0.069580 0.058540 0.064720 0.010490 0.029920 
65
0.479817 0.014473 0.046210 
0.462778 0.970428 0.462022 
0.057405 0.015099 0.491768 
0.047178 0.005141 0.044891 0.070743 0.011667 
0.035847 0.019258 0.018732 0.370575 0.033303 
0.010326 0.037008 0.028769 0.046857 0.090542 
0.045002 0.039058 0.026043 0.004705 0.014354 
0.087130 0.033470 0.046870 0.049530 0.039770 
0.088610 0.033620 0.036890 0.080480 0.085360 
0.014750 0.040430 0.050680 0.038260 0.040900 
0.069580 0.058540 0.064720 0.010490 0.029920 
66
0.479817 0.014473 0.046210 
0.462778 0.970428 0.462022 
0.057405 0.015099 0.491768 
0.051323 0.002975 0.102549 0.460158 0.012021 
0.033187 0.012503 0.013650 0.045800 0.027256 
0.008270 0.025369 0.019274 0.041734 0.032098 
0.039420 0.031355 0.021821 0.005208 0.014030 
0.087130 0.033470 0.046870 0.049530 0.039770 
0.088610 0.033620 0.036890 0.080480 0.085360 
0.014750 0.040430 0.050680 0.038260 0.040900 
0.069580 0.058540 0.064720 0.010490 0.029920 
67
0.479817 0.014473 0.046210 
0.462778 0.970428 0.462022 
0.057405 0.015099 0.491768 
0.080121 0.004445 0.052276 0.058727 0.016920 
0.037758 0.017741 0.028003 0.107306 0.047576 
0.013973 0.034538 0.024935 0.040759 0.271368 
0.052125 0.046338 0.035282 0.008184 0.021624 
0.087130 0.033470 0.046870 0.049530 0.039770 
0.088610 0.033620 0.036890 0.080480 0.085360 
0.014750 0.040430 0.050680 0.038260 0.040900 
0.069580 0.058540 0.064720 0.010490 0.029920 
68
0.479817 0.014473 0.046210 
0.462778 0.970428 0.462022 
0.057405 0.015099 0.491768 
0.060049 0.004068 0.044416 0.057893 0.013716 
0.061012 0.016869 0.020740 0.362455 0.036702 
0.010840 0.034337 0.024736 0.040292 0.060787 
0.051667 0.046173 0.028791 0.006602 0.017856 
0.087130 0.033470 0.046870 0.049530 0.039770 
0.088610 0.033620 0.036890 0.080480 0.085360 
0.014750 0.040430 0.050680 0.038260 0.040900 
0.069580 0.058540 0.064720 0.010490 0.029920 
69
0.479817 0.014473 0.046210 
0.462778 0.970428 0.462022 
0.057405 0.015099 0.491768 
0.049141 0.008923 0.007631 0.009084 0.041602 
0.013984 0.006560 0.080332 0.009557 0.546439 
0.023869 0.008073 0.009336 0.009009 0.010217 
0.013101 0.026272 0.100254 0.007828 0.018791 
0.087130 0.033470 0.046870 0.049530 0.039770 
0.088610 0.033620 0.036890 0.080480 0.085360 
0.014750 0.040430 0.050680 0.038260 0.040900 
0.069580 0.058540 0.064720 0.010490 0.029920 
70
0.479817 0.014473 0.046210 
0.462778 0.970428 0.462022 
0.057405 0.015099 0.491768 
0.034437 0.005545 0.019632 0.022769 0.064827 
0.035092 0.017653 0.023183 0.029065 0.040227 
0.010497 0.017952 0.014557 0.017623 0.022836 
0.026955 0.025507 0.034340 0.016363 0.520941 
0.087130 0.033470 0.046870 0.049530 0.039770 
0.088610 0.033620 0.036890 0.080480 0.085360 
0.014750 0.040430 0.050680 0.038260 0.040900 
0.069580 0.058540 0.064720 0.010490 0.029920 
71
0.479817 0.014473 0.046210 
0.462778 0.970428 0.462022 
0.057405 0.020080 0.486528 
0.492076 0.009754 0.025275 0.029152 0.020447 
0.045429 0.011431 0.029308 0.028093 0.046959 
0.013149 0.020224 0.018138 0.020465 0.024182 
0.061960 0.031871 0.046886 0.006560 0.018642 
0.087129 0.033470 0.046870 0.049530 0.039770 
0.088609 0.033620 0.036898 0.080479 0.085359 
0.014750 0.040430 0.050680 0.038260 0.040900 
0.069579 0.058539 0.064719 0.010490 0.029920 
72
0.479817 0.014473 0.045718 
0.462778 0.965447 0.467754 
0.057405 0.015099 0.491768 
0.044702 0.011606 0.007561 0.007470 0.035083 
0.014787 0.006400 0.360914 0.010082 0.096036 
0.018971 0.007255 0.010996 0.007291 0.009475 
0.014729 0.025844 0.284992 0.006580 0.019228 
0.087130 0.033470 0.046870 0.049530 0.039770 
0.088610 0.033620 0.036890 0.080480 0.085360 
0.014750 0.040430 0.050680 0.038260 0.040900 
0.069580 0.058540 0.064720 0.010490 0.029920 
73
0.479817 0.014473 0.046210 
0.462778 0.970428 0.462022 
0.057405 0.015099 0.491768 
0.066774 0.013931 0.016629 0.015906 0.043866 
0.030808 0.012101 0.209029 0.023720 0.114486 
0.022164 0.013712 0.017066 0.014248 0.024049 
0.024189 0.034839 0.265809 0.008987 0.027687 
0.087130 0.033470 0.046870 0.049530 0.039770 
0.088610 0.033620 0.036890 0.080480 0.085360 
0.014750 0.040430 0.050680 0.038260 0.040900 
0.069580 0.058540 0.064720 0.010490 0.029920 
74
0.479817 0.014473 0.046210 
0.462778 0.970428 0.462022 
0.057405 0.015099 0.491768 
0.051056 0.003446 0.408587 0.076519 0.011487 
0.040758 0.014204 0.016449 0.044136 0.025535 
0.008006 0.086311 0.020919 0.030354 0.028805 
0.057500 0.036267 0.022904 0.003969 0.012786 
0.087130 0.033470 0.046870 0.049530 0.039770 
0.088610 0.033620 0.036890 0.080480 0.085360 
0.014750 0.040430 0.050680 0.038260 0.040900 
0.069580 0.058540 0.064720 0.010490 0.029920 
75
0.479817 0.014473 0.046210 
0.462778 0.970428 0.462022 
0.057405 0.015099 0.491768 
0.421544 0.011509 0.026829 0.032382 0.025518 
0.050208 0.012316 0.034335 0.030933 0.054131 
0.015392 0.021821 0.019060 0.022904 0.026563 
0.068422 0.042521 0.055152 0.007328 0.021129 
0.087130 0.033470 0.046870 0.049530 0.039770 
0.088610 0.033620 0.036890 0.080480 0.085360 
0.014750 0.040430 0.050680 0.038260 0.040900 
0.069580 0.058540 0.064720 0.010490 0.029920 
76
0.479817 0.014473 0.046210 
0.462778 0.970428 0.462022 
0.057405 0.015099 0.491768 
0.044144 0.009853 0.009752 0.012842 0.409754 
0.020092 0.011965 0.077553 0.010463 0.121047 
0.024470 0.010532 0.011153 0.010803 0.010026 
0.019265 0.023314 0.080591 0.021362 0.061021 
0.087130 0.033470 0.046870 0.049530 0.039770 
0.088610 0.033620 0.036890 0.080480 0.085360 
0.014750 0.040430 0.050680 0.038260 0.040900 
0.069580 0.058540 0.064720 0.010490 0.029920 
77
0.479817 0.014473 0.046210 
0.462778 0.970428 0.462022 
0.057405 0.015099 0.491768 
0.323243 0.010977 0.034803 0.046900 0.025150 
0.051769 0.015263 0.037715 0.042331 0.059175 
0.016994 0.030813 0.022861 0.039611 0.035065 
0.062458 0.040944 0.071608 0.008363 0.023959 
0.087130 0.033470 0.046870 0.049530 0.039770 
0.088610 0.033620 0.036890 0.080480 0.085360 
0.014750 0.040430 0.050680 0.038260 0.040900 
0.069580 0.058540 0.064720 0.010490 0.029920 
78
0.479817 0.014473 0.046210 
0.462778 0.970428 0.462022 
0.057405 0.015099 0.491768 
0.060577 0.004800 0.047556 0.061941 0.016116 
0.038690 0.018311 0.022872 0.063822 0.040311 
0.012082 0.039671 0.025366 0.309161 0.091569 
0.045523 0.041879 0.032083 0.007494 0.020176 
0.087130 0.033470 0.046870 0.049530 0.039770 
0.088610 0.033620 0.036890 0.080480 0.085360 
0.014750 0.040430 0.050680 0.038260 0.040900 
0.069580 0.058540 0.064720 0.010490 0.029920 
79
0.479817 0.014473 0.046210 
0.462778 0.970428 0.462022 
0.057405 0.015099 0.491768 
0.067851 0.007269 0.061685 0.044941 0.020517 
0.068799 0.019467 0.022525 0.043938 0.035844 
0.010937 0.139980 0.032215 0.030805 0.034118 
0.230536 0.065270 0.032581 0.008450 0.022274 
0.087130 0.033470 0.046870 0.049530 0.039770 
0.088610 0.033620 0.036890 0.080480 0.085360 
0.014750 0.040430 0.050680 0.038260 0.040900 
0.069580 0.058540 0.064720 0.010490 0.029920 
80
0.479817 0.014473 0.046210 
0.462778 0.970428 0.462022 
0.057405 0.079896 0.431339 
0.063059 0.006133 0.073780 0.048734 0.018414 
0.082431 0.020082 0.020342 0.057677 0.035402 
0.010949 0.285646 0.030125 0.033508 0.039432 
0.074292 0.042743 0.028219 0.008082 0.020950 
0.087141 0.033466 0.046865 0.049524 0.039765 
0.088693 0.033616 0.036886 0.080471 0.085350 
0.014748 0.040425 0.050674 0.038256 0.040895 
0.069572 0.058533 0.064713 0.010489 0.029917 
81
0.479817 0.014473 0.040532 
0.462778 0.905630 0.528129 
0.057405 0.015099 0.491768 
0.079955 0.009619 0.048888 0.049506 0.038850 
0.074572 0.137118 0.042483 0.044626 0.079949 
0.020118 0.045513 0.028068 0.053079 0.040659 
0.052648 0.049270 0.049864 0.015915 0.039300 
0.087130 0.033470 0.046870 0.049530 0.039770 
0.088610 0.033620 0.036890 0.080480 0.085360 
0.014750 0.040430 0.050680 0.038260 0.040900 
0.069580 0.058540 0.064720 0.010490 0.029920 
82
0.479817 0.014473 0.046210 
0.462778 0.970428 0.462022 
0.057405 0.015099 0.491768 
0.062537 0.010888 0.015466 0.017575 0.058185 
0.023745 0.012026 0.075423 0.018692 0.417651 
0.036647 0.014572 0.013514 0.020506 0.019488 
0.021154 0.027911 0.081019 0.011052 0.041950 
0.087130 0.033470 0.046870 0.049530 0.039770 
0.088610 0.033620 0.036890 0.080480 0.085360 
0.014750 0.040430 0.050680 0.038260 0.040900 
0.069580 0.058540 0.064720 0.010490 0.029920 
83
0.479817 0.014473 0.046210 
0.462778 0.970428 0.462022 
0.057405 0.015099 0.491768 
0.061707 0.007283 0.064914 0.068901 0.024444 
0.074217 0.020694 0.031842 0.048514 0.044679 
0.013929 0.088635 0.032517 0.034149 0.037000 
0.078523 0.190701 0.041559 0.009872 0.025922 
0.087130 0.033470 0.046870 0.049530 0.039770 
0.088610 0.033620 0.036890 0.080480 0.085360 
0.014750 0.040430 0.050680 0.038260 0.040900 
