%  SAM: modelfromalign v3.5 (July 15, 2005) compiled 12/05/20_11:48:22
%  (c) 1992-2001 Regents of the University of California, Santa Cruz
%
%          Sequence Alignment and Modeling Software System
%         http://www.cse.ucsc.edu/research/compbio/sam.html
%
% ----------------- Citations (SAM, SAM-T2K, HMMs) --------------------
% R. Hughey, A. Krogh, Hidden Markov models for sequence analysis:
%  Extension and analysis of the basic method, CABIOS 12:95-107, 1996.
% K. Karplus, et al., What is the value added by human intervention in protein
%  structure prediction, Proteins: Stucture, Function, Genetics 45(S5):86--91, 2001.
% A. Krogh et al., Hidden Markov models in computational biology:
%  Applications to protein modeling, JMB 235:1501-1531, Feb 1994.
% ---------------------------------------------------------------------
%  trimmed-uniq   Host: gauntlet    Thu Feb 11 16:20:40 2021
%  dgpinheiro     Dir:  /data/GitHub/sfFinder/example/output/subfamily/TEST1/flowerpower/fp-workspace/iter3
% ---------------------------------------------------------------------
% Prior File:  Internal (Name: recode3.20comp) 
%   20 priors on 20 characters.
%  Alignment weights from internal calc.  Total (1.56) Max (0.00) Min (0.00)
%  Weights from alignment method 1 (karplus), b=0.500000, e=0.500000
MODEL --  Model from alignment file trimmed-uniq.a2m
alphabet protein
FREQAVE
0.000000 0.000000 0.000000 
0.000000 0.000000 0.000000 
0.000000 0.000000 0.000000 
0.073230 0.015714 0.056926 0.066542 0.049643 
0.061761 0.028615 0.052066 0.058197 0.085110 
0.025957 0.041843 0.045311 0.042474 0.052338 
0.059151 0.053804 0.060954 0.023471 0.046895 
0.073230 0.015714 0.056926 0.066542 0.049643 
0.061761 0.028615 0.052066 0.058197 0.085110 
0.025957 0.041843 0.045311 0.042474 0.052338 
0.059151 0.053804 0.060954 0.023471 0.046895 
Begin
0.000000 0.000000 0.000000 
0.000000 0.000000 0.000000 
0.000000 0.102161 0.806495 
0.000000 0.000000 0.000000 0.000000 0.000000 
0.000000 0.000000 0.000000 0.000000 0.000000 
0.000000 0.000000 0.000000 0.000000 0.000000 
0.000000 0.000000 0.000000 0.000000 0.000000 
0.087137 0.033411 0.046875 0.049460 0.039687 
0.088503 0.033556 0.036842 0.080766 0.085463 
0.014903 0.040444 0.050638 0.038240 0.040937 
0.069510 0.058600 0.064638 0.010468 0.029923 
1
0.000000 0.014481 0.062791 
0.000000 0.883358 0.130713 
0.041829 0.016477 0.491768 
0.075340 0.011832 0.054103 0.075224 0.032523 
0.050942 0.025334 0.052928 0.081544 0.083054 
0.027541 0.044464 0.043506 0.047402 0.062930 
0.063810 0.059582 0.065088 0.011149 0.031703 
0.087130 0.033470 0.046870 0.049530 0.039770 
0.088610 0.033620 0.036890 0.080480 0.085360 
0.014750 0.040430 0.050680 0.038260 0.040900 
0.069580 0.058540 0.064720 0.010490 0.029920 
2
0.620965 0.015794 0.046210 
0.337206 0.967728 0.462022 
0.041829 0.016477 0.491768 
0.077559 0.010762 0.062298 0.080942 0.027850 
0.063805 0.025268 0.040384 0.080116 0.065065 
0.019214 0.049204 0.056036 0.047632 0.070817 
0.069337 0.060966 0.053358 0.010126 0.029261 
0.087130 0.033470 0.046870 0.049530 0.039770 
0.088610 0.033620 0.036890 0.080480 0.085360 
0.014750 0.040430 0.050680 0.038260 0.040900 
0.069580 0.058540 0.064720 0.010490 0.029920 
3
0.619812 0.015794 0.046210 
0.338359 0.967728 0.462022 
0.041877 0.016471 0.491768 
0.076713 0.013244 0.042506 0.060668 0.038622 
0.042290 0.022338 0.076169 0.060179 0.125993 
0.029598 0.036124 0.041540 0.039403 0.051604 
0.055307 0.054861 0.087953 0.012022 0.032868 
0.087130 0.033470 0.046870 0.049530 0.039770 
0.088610 0.033620 0.036890 0.080480 0.085360 
0.014750 0.040430 0.050680 0.038260 0.040900 
0.069580 0.058540 0.064720 0.010490 0.029920 
4
0.620527 0.015788 0.046210 
0.337596 0.967741 0.462022 
0.041877 0.016471 0.491768 
0.073376 0.011251 0.064238 0.076608 0.031222 
0.066139 0.026792 0.042586 0.071292 0.073232 
0.020173 0.059301 0.047289 0.046403 0.060440 
0.068862 0.061229 0.054836 0.011290 0.033443 
0.087130 0.033470 0.046870 0.049530 0.039770 
0.088610 0.033620 0.036890 0.080480 0.085360 
0.014750 0.040430 0.050680 0.038260 0.040900 
0.069580 0.058540 0.064720 0.010490 0.029920 
5
0.620527 0.015788 0.046210 
0.337596 0.967741 0.462022 
0.041877 0.016471 0.491768 
0.078451 0.011753 0.058101 0.078040 0.031683 
0.053872 0.024996 0.047800 0.072504 0.082596 
0.022037 0.047812 0.051190 0.046735 0.060897 
0.066346 0.060954 0.061437 0.010810 0.031985 
0.087130 0.033470 0.046870 0.049530 0.039770 
0.088610 0.033620 0.036890 0.080480 0.085360 
0.014750 0.040430 0.050680 0.038260 0.040900 
0.069580 0.058540 0.064720 0.010490 0.029920 
6
0.460451 0.015788 0.046210 
0.497672 0.967741 0.462022 
0.049858 0.015635 0.491768 
0.058610 0.006523 0.054546 0.087054 0.015936 
0.042024 0.024416 0.024673 0.207689 0.043051 
0.013665 0.046423 0.034807 0.057126 0.117125 
0.057929 0.049419 0.033723 0.006407 0.018853 
0.087130 0.033470 0.046870 0.049530 0.039770 
0.088610 0.033620 0.036890 0.080480 0.085360 
0.014750 0.040430 0.050680 0.038260 0.040900 
0.069580 0.058540 0.064720 0.010490 0.029920 
7
0.548206 0.014987 0.046210 
0.401936 0.969377 0.462022 
0.049858 0.015635 0.491768 
0.061269 0.005535 0.158108 0.193821 0.012892 
0.049138 0.021901 0.017848 0.076299 0.030981 
0.010169 0.055537 0.037788 0.054872 0.052642 
0.064636 0.048295 0.026916 0.005444 0.015909 
0.087130 0.033470 0.046870 0.049530 0.039770 
0.088610 0.033620 0.036890 0.080480 0.085360 
0.014750 0.040430 0.050680 0.038260 0.040900 
0.069580 0.058540 0.064720 0.010490 0.029920 
8
0.548206 0.014987 0.046210 
0.401936 0.969377 0.462022 
0.049858 0.015635 0.491768 
0.061951 0.007057 0.062972 0.088134 0.017753 
0.046794 0.025450 0.025875 0.131517 0.044524 
0.014260 0.060094 0.034615 0.055864 0.144643 
0.063234 0.052424 0.035113 0.007169 0.020558 
0.087130 0.033470 0.046870 0.049530 0.039770 
0.088610 0.033620 0.036890 0.080480 0.085360 
0.014750 0.040430 0.050680 0.038260 0.040900 
0.069580 0.058540 0.064720 0.010490 0.029920 
9
0.548206 0.014987 0.046210 
0.401936 0.969377 0.462022 
0.049858 0.015635 0.491768 
0.047857 0.012923 0.026832 0.033365 0.093904 
0.030821 0.037113 0.043406 0.034515 0.074152 
0.021741 0.030458 0.022681 0.025770 0.034724 
0.040718 0.039031 0.050570 0.041385 0.258036 
0.087130 0.033470 0.046870 0.049530 0.039770 
0.088610 0.033620 0.036890 0.080480 0.085360 
0.014750 0.040430 0.050680 0.038260 0.040900 
0.069580 0.058540 0.064720 0.010490 0.029920 
10
0.546963 0.014987 0.046210 
0.403179 0.969377 0.462022 
0.049920 0.015630 0.491768 
0.126573 0.010527 0.055013 0.072517 0.029864 
0.048902 0.027049 0.041746 0.067949 0.065883 
0.020963 0.051837 0.036773 0.054036 0.064473 
0.066251 0.061745 0.052040 0.011336 0.034524 
0.087130 0.033470 0.046870 0.049530 0.039770 
0.088610 0.033620 0.036890 0.080480 0.085360 
0.014750 0.040430 0.050680 0.038260 0.040900 
0.069580 0.058540 0.064720 0.010490 0.029920 
11
0.547644 0.014982 0.046210 
0.402436 0.969387 0.462022 
0.049920 0.015630 0.491768 
0.100755 0.014965 0.035570 0.047980 0.045868 
0.036571 0.030638 0.064948 0.049343 0.108992 
0.040138 0.035224 0.032058 0.037704 0.048985 
0.059167 0.061189 0.081295 0.016566 0.052045 
0.087130 0.033470 0.046870 0.049530 0.039770 
0.088610 0.033620 0.036890 0.080480 0.085360 
0.014750 0.040430 0.050680 0.038260 0.040900 
0.069580 0.058540 0.064720 0.010490 0.029920 
12
0.418517 0.014982 0.046210 
0.531563 0.969387 0.462022 
0.057322 0.015112 0.491768 
0.061856 0.011293 0.013614 0.015384 0.046439 
0.022550 0.010739 0.098965 0.016581 0.402420 
0.058355 0.013097 0.012804 0.014369 0.017800 
0.019518 0.039309 0.088326 0.010572 0.026011 
0.087130 0.033470 0.046870 0.049530 0.039770 
0.088610 0.033620 0.036890 0.080480 0.085360 
0.014750 0.040430 0.050680 0.038260 0.040900 
0.069580 0.058540 0.064720 0.010490 0.029920 
13
0.480572 0.014485 0.046210 
0.462106 0.970403 0.462022 
0.057322 0.015112 0.491768 
0.092360 0.007073 0.035148 0.037989 0.018966 
0.037196 0.013864 0.029251 0.037639 0.039762 
0.011736 0.032750 0.023650 0.027631 0.029419 
0.089018 0.367140 0.042975 0.006691 0.019741 
0.087130 0.033470 0.046870 0.049530 0.039770 
0.088610 0.033620 0.036890 0.080480 0.085360 
0.014750 0.040430 0.050680 0.038260 0.040900 
0.069580 0.058540 0.064720 0.010490 0.029920 
14
0.479840 0.014485 0.046210 
0.462838 0.970403 0.462022 
0.057364 0.015109 0.491768 
0.049453 0.004853 0.037354 0.044294 0.015626 
0.038178 0.015708 0.022325 0.049005 0.038779 
0.010990 0.029804 0.023566 0.031285 0.459975 
0.037241 0.035241 0.030848 0.007002 0.018474 
0.087130 0.033470 0.046870 0.049530 0.039770 
0.088610 0.033620 0.036890 0.080480 0.085360 
0.014750 0.040430 0.050680 0.038260 0.040900 
0.069580 0.058540 0.064720 0.010490 0.029920 
15
0.480192 0.014483 0.046210 
0.462445 0.970408 0.462022 
0.057364 0.015109 0.491768 
0.062167 0.004891 0.101496 0.030213 0.013485 
0.457253 0.012347 0.017971 0.031923 0.025687 
0.009681 0.045555 0.022437 0.020248 0.023802 
0.047691 0.031540 0.019441 0.006081 0.016092 
0.087130 0.033470 0.046870 0.049530 0.039770 
0.088610 0.033620 0.036890 0.080480 0.085360 
0.014750 0.040430 0.050680 0.038260 0.040900 
0.069580 0.058540 0.064720 0.010490 0.029920 
16
0.480192 0.014483 0.046210 
0.462445 0.970408 0.462022 
0.057364 0.015109 0.491768 
0.043169 0.008785 0.009025 0.010962 0.034482 
0.014851 0.007005 0.066271 0.011659 0.565488 
0.029820 0.009214 0.010052 0.010253 0.011724 
0.014334 0.031759 0.084338 0.007900 0.018910 
0.087130 0.033470 0.046870 0.049530 0.039770 
0.088610 0.033620 0.036890 0.080480 0.085360 
0.014750 0.040430 0.050680 0.038260 0.040900 
0.069580 0.058540 0.064720 0.010490 0.029920 
17
0.479472 0.014483 0.046210 
0.463164 0.970408 0.462022 
0.057405 0.015107 0.491768 
0.073725 0.005173 0.279753 0.064791 0.017431 
0.098489 0.019725 0.020849 0.045384 0.033289 
0.010107 0.093190 0.026584 0.031132 0.031002 
0.059936 0.037963 0.026886 0.006601 0.017990 
0.087130 0.033470 0.046870 0.049530 0.039770 
0.088610 0.033620 0.036890 0.080480 0.085360 
0.014750 0.040430 0.050680 0.038260 0.040900 
0.069580 0.058540 0.064720 0.010490 0.029920 
18
0.479817 0.014481 0.046210 
0.462778 0.970413 0.462022 
0.057405 0.015107 0.491768 
0.018114 0.004893 0.008916 0.010904 0.035095 
0.017612 0.006169 0.017913 0.009214 0.043885 
0.010491 0.007301 0.008114 0.006114 0.013451 
0.011758 0.010451 0.023280 0.706299 0.030025 
0.087130 0.033470 0.046870 0.049530 0.039770 
0.088610 0.033620 0.036890 0.080480 0.085360 
0.014750 0.040430 0.050680 0.038260 0.040900 
0.069580 0.058540 0.064720 0.010490 0.029920 
19
0.479817 0.014481 0.046210 
0.462778 0.970413 0.462022 
0.057405 0.015107 0.491768 
0.087722 0.002492 0.134904 0.265242 0.014361 
0.035764 0.013261 0.016275 0.062435 0.033911 
0.009538 0.029277 0.018858 0.100128 0.037900 
0.054938 0.038846 0.023434 0.005685 0.015026 
0.087130 0.033470 0.046870 0.049530 0.039770 
0.088610 0.033620 0.036890 0.080480 0.085360 
0.014750 0.040430 0.050680 0.038260 0.040900 
0.069580 0.058540 0.064720 0.010490 0.029920 
20
0.479817 0.014481 0.046210 
0.462778 0.970413 0.462022 
0.057405 0.015107 0.491768 
0.068210 0.006520 0.039019 0.034803 0.034840 
0.050135 0.013355 0.039840 0.044232 0.068371 
0.011006 0.033188 0.276278 0.024579 0.030158 
0.057188 0.081336 0.054107 0.008809 0.024025 
0.087130 0.033470 0.046870 0.049530 0.039770 
0.088610 0.033620 0.036890 0.080480 0.085360 
0.014750 0.040430 0.050680 0.038260 0.040900 
0.069580 0.058540 0.064720 0.010490 0.029920 
21
0.479817 0.014481 0.046210 
0.462778 0.970413 0.462022 
0.057405 0.015107 0.491768 
0.051599 0.007007 0.037541 0.035265 0.017130 
0.044142 0.012872 0.025252 0.032083 0.027547 
0.009051 0.038955 0.024908 0.025276 0.023387 
0.266677 0.255588 0.040666 0.006000 0.019052 
0.087130 0.033470 0.046870 0.049530 0.039770 
0.088610 0.033620 0.036890 0.080480 0.085360 
0.014750 0.040430 0.050680 0.038260 0.040900 
0.069580 0.058540 0.064720 0.010490 0.029920 
22
0.479817 0.014481 0.046210 
0.462778 0.970413 0.462022 
0.057405 0.015107 0.491768 
0.031838 0.005680 0.017253 0.018272 0.058870 
0.026371 0.015272 0.026852 0.018441 0.044367 
0.010814 0.015156 0.013871 0.014048 0.018502 
0.023322 0.022493 0.035546 0.014567 0.568465 
0.087130 0.033470 0.046870 0.049530 0.039770 
0.088610 0.033620 0.036890 0.080480 0.085360 
0.014750 0.040430 0.050680 0.038260 0.040900 
0.069580 0.058540 0.064720 0.010490 0.029920 
23
0.479817 0.014481 0.046210 
0.462778 0.970413 0.462022 
0.057405 0.015107 0.491768 
0.066470 0.005231 0.052041 0.096261 0.018558 
0.039299 0.018396 0.026550 0.062429 0.045627 
0.013407 0.035519 0.025594 0.252740 0.055944 
0.046774 0.042529 0.066668 0.008152 0.021810 
0.087130 0.033470 0.046870 0.049530 0.039770 
0.088610 0.033620 0.036890 0.080480 0.085360 
0.014750 0.040430 0.050680 0.038260 0.040900 
0.069580 0.058540 0.064720 0.010490 0.029920 
24
0.479817 0.014481 0.046210 
0.462778 0.970413 0.462022 
0.057405 0.015107 0.491768 
0.061499 0.005638 0.131125 0.049976 0.022092 
0.057899 0.017345 0.027557 0.055705 0.044413 
0.010110 0.052220 0.195429 0.031018 0.039312 
0.079456 0.050622 0.037870 0.008533 0.022182 
0.087130 0.033470 0.046870 0.049530 0.039770 
0.088610 0.033620 0.036890 0.080480 0.085360 
0.014750 0.040430 0.050680 0.038260 0.040900 
0.069580 0.058540 0.064720 0.010490 0.029920 
25
0.479817 0.014481 0.046210 
0.462778 0.970413 0.462022 
0.057405 0.015107 0.491768 
0.086227 0.005016 0.050363 0.092579 0.023720 
0.043607 0.019475 0.044173 0.132078 0.071772 
0.031949 0.034935 0.029702 0.043389 0.122066 
0.043692 0.037342 0.047982 0.011054 0.028879 
0.087130 0.033470 0.046870 0.049530 0.039770 
0.088610 0.033620 0.036890 0.080480 0.085360 
0.014750 0.040430 0.050680 0.038260 0.040900 
0.069580 0.058540 0.064720 0.010490 0.029920 
26
0.479817 0.014481 0.046210 
0.462778 0.970413 0.462022 
0.057405 0.015107 0.491768 
0.087202 0.002958 0.151664 0.189422 0.014265 
0.039357 0.015314 0.019725 0.121825 0.037883 
0.010110 0.039413 0.022047 0.063491 0.047055 
0.057386 0.033597 0.025604 0.005831 0.015850 
0.087130 0.033470 0.046870 0.049530 0.039770 
0.088610 0.033620 0.036890 0.080480 0.085360 
0.014750 0.040430 0.050680 0.038260 0.040900 
0.069580 0.058540 0.064720 0.010490 0.029920 
27
0.479817 0.014481 0.046210 
0.462778 0.970413 0.462022 
0.057405 0.015107 0.491768 
0.071912 0.003757 0.082934 0.131989 0.014200 
0.036940 0.017074 0.022390 0.262163 0.040288 
0.011301 0.035912 0.024660 0.047172 0.053556 
0.046376 0.037544 0.035249 0.006632 0.017952 
0.087130 0.033470 0.046870 0.049530 0.039770 
0.088610 0.033620 0.036890 0.080480 0.085360 
0.014750 0.040430 0.050680 0.038260 0.040900 
0.069580 0.058540 0.064720 0.010490 0.029920 
28
0.479817 0.014481 0.046210 
0.462778 0.970413 0.462022 
0.057405 0.015107 0.491768 
0.064169 0.012933 0.008274 0.007709 0.036017 
0.016783 0.006952 0.279626 0.011026 0.096907 
0.018061 0.007611 0.011949 0.007498 0.010247 
0.016563 0.029209 0.331571 0.006496 0.020399 
0.087130 0.033470 0.046870 0.049530 0.039770 
0.088610 0.033620 0.036890 0.080480 0.085360 
0.014750 0.040430 0.050680 0.038260 0.040900 
0.069580 0.058540 0.064720 0.010490 0.029920 
29
0.479817 0.014481 0.046210 
0.462778 0.970413 0.462022 
0.057405 0.015107 0.491768 
0.035049 0.007892 0.011614 0.015195 0.536098 
0.019652 0.009000 0.043751 0.013337 0.072883 
0.015723 0.010566 0.011627 0.011428 0.010743 
0.019378 0.021369 0.047176 0.021744 0.065777 
0.087130 0.033470 0.046870 0.049530 0.039770 
0.088610 0.033620 0.036890 0.080480 0.085360 
0.014750 0.040430 0.050680 0.038260 0.040900 
0.069580 0.058540 0.064720 0.010490 0.029920 
30
0.479817 0.014481 0.046210 
0.462778 0.970413 0.462022 
0.057405 0.015107 0.491768 
0.052777 0.004276 0.035051 0.035108 0.017148 
0.037880 0.011650 0.024506 0.051343 0.040503 
0.007358 0.027682 0.454479 0.024884 0.036211 
0.043066 0.036749 0.036177 0.006094 0.017058 
0.087130 0.033470 0.046870 0.049530 0.039770 
0.088610 0.033620 0.036890 0.080480 0.085360 
0.014750 0.040430 0.050680 0.038260 0.040900 
0.069580 0.058540 0.064720 0.010490 0.029920 
31
0.479817 0.087842 0.046210 
0.462778 0.897051 0.462022 
0.043213 0.016303 0.491768 
0.068823 0.009816 0.075192 0.089641 0.027817 
0.056770 0.041895 0.035903 0.077111 0.058888 
0.018732 0.057367 0.043788 0.057534 0.063480 
0.071369 0.058545 0.045989 0.010687 0.030653 
0.087130 0.033470 0.046870 0.049530 0.039770 
0.088610 0.033620 0.036890 0.080480 0.085360 
0.014750 0.040430 0.050680 0.038260 0.040900 
0.069580 0.058540 0.064720 0.010490 0.029920 
32
0.608420 0.029470 0.046210 
0.348367 0.954228 0.462022 
0.041423 0.016532 0.491768 
0.082161 0.013468 0.057550 0.073994 0.033103 
0.060405 0.024191 0.050797 0.065819 0.077701 
0.021541 0.045476 0.053513 0.042849 0.056323 
0.068515 0.062511 0.065897 0.011345 0.032840 
0.087130 0.033470 0.046870 0.049530 0.039770 
0.088610 0.033620 0.036890 0.080480 0.085360 
0.014750 0.040430 0.050680 0.038260 0.040900 
0.069580 0.058540 0.064720 0.010490 0.029920 
33
0.387663 0.016367 0.046210 
0.570914 0.967101 0.462022 
0.054179 0.015310 0.491768 
0.041681 0.008782 0.015366 0.018297 0.190353 
0.029921 0.023698 0.040501 0.014890 0.078997 
0.017546 0.018300 0.013088 0.015320 0.019277 
0.028516 0.029406 0.052021 0.035046 0.308993 
0.087130 0.033470 0.046870 0.049530 0.039770 
0.088610 0.033620 0.036890 0.080480 0.085360 
0.014750 0.040430 0.050680 0.038260 0.040900 
0.069580 0.058540 0.064720 0.010490 0.029920 
34
0.454859 0.014676 0.046210 
0.490963 0.970014 0.462022 
0.057283 0.015114 0.491768 
0.069607 0.007415 0.089742 0.060164 0.023681 
0.048970 0.017859 0.035515 0.046497 0.043506 
0.013312 0.044758 0.032976 0.031832 0.032652 
0.112804 0.203372 0.051773 0.008930 0.024636 
0.087130 0.033470 0.046870 0.049530 0.039770 
0.088610 0.033620 0.036890 0.080480 0.085360 
0.014750 0.040430 0.050680 0.038260 0.040900 
0.069580 0.058540 0.064720 0.010490 0.029920 
35
0.478797 0.014488 0.046210 
0.463919 0.970398 0.462022 
0.057405 0.015107 0.491768 
0.079596 0.005537 0.198620 0.074842 0.020753 
0.091737 0.021209 0.026214 0.070862 0.042651 
0.012353 0.073591 0.030898 0.038430 0.042970 
0.062758 0.046165 0.031222 0.008227 0.021366 
0.087130 0.033470 0.046870 0.049530 0.039770 
0.088610 0.033620 0.036890 0.080480 0.085360 
0.014750 0.040430 0.050680 0.038260 0.040900 
0.069580 0.058540 0.064720 0.010490 0.029920 
36
0.479817 0.014481 0.046210 
0.462778 0.970413 0.462022 
0.057405 0.015107 0.491768 
0.049772 0.008367 0.018149 0.024195 0.164219 
0.031979 0.024921 0.035626 0.018528 0.058054 
0.015510 0.020434 0.014440 0.017333 0.022465 
0.035421 0.032385 0.048838 0.028385 0.330979 
0.087130 0.033470 0.046870 0.049530 0.039770 
0.088610 0.033620 0.036890 0.080480 0.085360 
0.014750 0.040430 0.050680 0.038260 0.040900 
0.069580 0.058540 0.064720 0.010490 0.029920 
37
0.479817 0.014481 0.046210 
0.462778 0.970413 0.462022 
0.057405 0.015107 0.491768 
0.056814 0.003391 0.069032 0.409755 0.016799 
0.050768 0.014294 0.016582 0.062813 0.031865 
0.009751 0.029110 0.020838 0.044814 0.038044 
0.042892 0.035317 0.025280 0.005945 0.015894 
0.087130 0.033470 0.046870 0.049530 0.039770 
0.088610 0.033620 0.036890 0.080480 0.085360 
0.014750 0.040430 0.050680 0.038260 0.040900 
0.069580 0.058540 0.064720 0.010490 0.029920 
38
0.479817 0.014481 0.046210 
0.462778 0.970413 0.462022 
0.057405 0.015107 0.491768 
0.050509 0.003303 0.041297 0.019683 0.007868 
0.660034 0.007700 0.010580 0.022089 0.016752 
0.006222 0.025421 0.016278 0.013080 0.020102 
0.032860 0.020260 0.011605 0.003819 0.010537 
0.087130 0.033470 0.046870 0.049530 0.039770 
0.088610 0.033620 0.036890 0.080480 0.085360 
0.014750 0.040430 0.050680 0.038260 0.040900 
0.069580 0.058540 0.064720 0.010490 0.029920 
39
0.479817 0.014481 0.046210 
0.462778 0.970413 0.462022 
0.057405 0.015107 0.491768 
0.044730 0.010485 0.008173 0.009051 0.036011 
0.015618 0.006738 0.448283 0.010679 0.114986 
0.022136 0.008225 0.010792 0.008703 0.010515 
0.014753 0.024205 0.168843 0.007463 0.019610 
0.087130 0.033470 0.046870 0.049530 0.039770 
0.088610 0.033620 0.036890 0.080480 0.085360 
0.014750 0.040430 0.050680 0.038260 0.040900 
0.069580 0.058540 0.064720 0.010490 0.029920 
40
0.479817 0.014481 0.046210 
0.462778 0.970413 0.462022 
0.057405 0.015107 0.491768 
0.072871 0.004952 0.046942 0.062949 0.016665 
0.037707 0.020309 0.033034 0.255632 0.049422 
0.013897 0.034749 0.037677 0.043313 0.123035 
0.044454 0.037755 0.035649 0.007902 0.021088 
0.087130 0.033470 0.046870 0.049530 0.039770 
0.088610 0.033620 0.036890 0.080480 0.085360 
0.014750 0.040430 0.050680 0.038260 0.040900 
0.069580 0.058540 0.064720 0.010490 0.029920 
41
0.479817 0.014481 0.046210 
0.462778 0.970413 0.462022 
0.057405 0.015107 0.491768 
0.063564 0.011086 0.013155 0.014705 0.035433 
0.034179 0.008979 0.398312 0.016968 0.097889 
0.023560 0.012218 0.013723 0.012716 0.015771 
0.021118 0.034391 0.142601 0.007921 0.021711 
0.087130 0.033470 0.046870 0.049530 0.039770 
0.088610 0.033620 0.036890 0.080480 0.085360 
0.014750 0.040430 0.050680 0.038260 0.040900 
0.069580 0.058540 0.064720 0.010490 0.029920 
42
0.479817 0.014481 0.046210 
0.462778 0.970413 0.462022 
0.057405 0.015107 0.491768 
0.062860 0.006950 0.050035 0.091633 0.027251 
0.050284 0.191160 0.030372 0.061730 0.050347 
0.015219 0.043205 0.027678 0.038119 0.045121 
0.051708 0.074700 0.039130 0.012070 0.030427 
0.087130 0.033470 0.046870 0.049530 0.039770 
0.088610 0.033620 0.036890 0.080480 0.085360 
0.014750 0.040430 0.050680 0.038260 0.040900 
0.069580 0.058540 0.064720 0.010490 0.029920 
43
0.479817 0.014481 0.046210 
0.462778 0.970413 0.462022 
0.057405 0.015107 0.491768 
0.061765 0.003542 0.399469 0.078371 0.011935 
0.049036 0.014330 0.016857 0.045284 0.026502 
0.008255 0.077092 0.021184 0.031510 0.029598 
0.048001 0.036334 0.023393 0.004257 0.013284 
0.087130 0.033470 0.046870 0.049530 0.039770 
0.088610 0.033620 0.036890 0.080480 0.085360 
0.014750 0.040430 0.050680 0.038260 0.040900 
0.069580 0.058540 0.064720 0.010490 0.029920 
44
0.479817 0.014481 0.046210 
0.462778 0.970413 0.462022 
0.057405 0.015107 0.491768 
0.020479 0.005066 0.010505 0.013196 0.069767 
0.015537 0.012324 0.022251 0.012857 0.046412 
0.011074 0.010870 0.009575 0.009750 0.016263 
0.016559 0.015638 0.023415 0.596216 0.062249 
0.087130 0.033470 0.046870 0.049530 0.039770 
0.088610 0.033620 0.036890 0.080480 0.085360 
0.014750 0.040430 0.050680 0.038260 0.040900 
0.069580 0.058540 0.064720 0.010490 0.029920 
45
0.479817 0.014481 0.046210 
0.462778 0.970413 0.462022 
0.057405 0.015107 0.491768 
0.052358 0.003857 0.354467 0.099804 0.013868 
0.043019 0.015392 0.017719 0.048014 0.034858 
0.009218 0.067044 0.022815 0.036465 0.032708 
0.063519 0.037976 0.025095 0.006423 0.015380 
0.087130 0.033470 0.046870 0.049530 0.039770 
0.088610 0.033620 0.036890 0.080480 0.085360 
0.014750 0.040430 0.050680 0.038260 0.040900 
0.069580 0.058540 0.064720 0.010490 0.029920 
46
0.479817 0.014481 0.046210 
0.462778 0.970413 0.462022 
0.057405 0.015107 0.491768 
0.161972 0.004332 0.058909 0.070803 0.016517 
0.059471 0.017183 0.028191 0.199636 0.048552 
0.013108 0.040213 0.027182 0.051289 0.056446 
0.047719 0.037394 0.034112 0.007253 0.019718 
0.087130 0.033470 0.046870 0.049530 0.039770 
0.088610 0.033620 0.036890 0.080480 0.085360 
0.014750 0.040430 0.050680 0.038260 0.040900 
0.069580 0.058540 0.064720 0.010490 0.029920 
47
0.479817 0.014481 0.046210 
0.462778 0.970413 0.462022 
0.057405 0.015107 0.491768 
0.053909 0.010896 0.022011 0.024484 0.259953 
0.041378 0.020602 0.054187 0.018415 0.084434 
0.021073 0.023183 0.018715 0.017778 0.020352 
0.032971 0.031336 0.061461 0.078810 0.104051 
0.087130 0.033470 0.046870 0.049530 0.039770 
0.088610 0.033620 0.036890 0.080480 0.085360 
0.014750 0.040430 0.050680 0.038260 0.040900 
0.069580 0.058540 0.064720 0.010490 0.029920 
48
0.479817 0.014481 0.046210 
0.462778 0.970413 0.462022 
0.057405 0.015107 0.491768 
0.058328 0.002874 0.128739 0.389578 0.013019 
0.033665 0.012964 0.014862 0.050736 0.030035 
0.009118 0.027386 0.019540 0.048552 0.034352 
0.043759 0.033566 0.028689 0.005492 0.014745 
0.087130 0.033470 0.046870 0.049530 0.039770 
0.088610 0.033620 0.036890 0.080480 0.085360 
0.014750 0.040430 0.050680 0.038260 0.040900 
0.069580 0.058540 0.064720 0.010490 0.029920 
49
0.479817 0.014481 0.046210 
0.462778 0.970413 0.462022 
0.057405 0.015107 0.491768 
0.044252 0.003233 0.438749 0.117661 0.011157 
0.037218 0.013035 0.014589 0.041439 0.024615 
0.007563 0.054307 0.019871 0.031435 0.028165 
0.041860 0.032413 0.021470 0.004243 0.012725 
0.087130 0.033470 0.046870 0.049530 0.039770 
0.088610 0.033620 0.036890 0.080480 0.085360 
0.014750 0.040430 0.050680 0.038260 0.040900 
0.069580 0.058540 0.064720 0.010490 0.029920 
50
0.479817 0.014481 0.046210 
0.462778 0.970413 0.462022 
0.057405 0.015107 0.491768 
0.049092 0.004999 0.030336 0.035454 0.010542 
0.032282 0.010911 0.017040 0.032155 0.029222 
0.006340 0.020130 0.569416 0.018863 0.023656 
0.041800 0.028300 0.026000 0.003417 0.010044 
0.087130 0.033470 0.046870 0.049530 0.039770 
0.088610 0.033620 0.036890 0.080480 0.085360 
0.014750 0.040430 0.050680 0.038260 0.040900 
0.069580 0.058540 0.064720 0.010490 0.029920 
51
0.479817 0.014481 0.046210 
0.462778 0.970413 0.462022 
0.057405 0.015107 0.491768 
0.033330 0.008015 0.010343 0.014671 0.518671 
0.018728 0.009357 0.040024 0.012030 0.069138 
0.014806 0.009808 0.010915 0.010936 0.009310 
0.019566 0.020887 0.044623 0.026556 0.098289 
0.087130 0.033470 0.046870 0.049530 0.039770 
0.088610 0.033620 0.036890 0.080480 0.085360 
0.014750 0.040430 0.050680 0.038260 0.040900 
0.069580 0.058540 0.064720 0.010490 0.029920 
52
0.479817 0.014481 0.046210 
0.462778 0.970413 0.462022 
0.057405 0.015107 0.491768 
0.056650 0.004507 0.041789 0.053733 0.015419 
0.036356 0.017464 0.023423 0.094258 0.040687 
0.012227 0.034052 0.024463 0.038395 0.365899 
0.041725 0.039600 0.032014 0.007482 0.019857 
0.087130 0.033470 0.046870 0.049530 0.039770 
0.088610 0.033620 0.036890 0.080480 0.085360 
0.014750 0.040430 0.050680 0.038260 0.040900 
0.069580 0.058540 0.064720 0.010490 0.029920 
53
0.479817 0.014481 0.046210 
0.462778 0.970413 0.462022 
0.057405 0.015107 0.491768 
0.042680 0.009032 0.007563 0.009091 0.035715 
0.013810 0.006551 0.082856 0.009589 0.553981 
0.028663 0.008076 0.009449 0.009384 0.010240 
0.012989 0.021287 0.102011 0.007996 0.019037 
0.087130 0.033470 0.046870 0.049530 0.039770 
0.088610 0.033620 0.036890 0.080480 0.085360 
0.014750 0.040430 0.050680 0.038260 0.040900 
0.069580 0.058540 0.064720 0.010490 0.029920 
54
0.479817 0.014481 0.046210 
0.462778 0.970413 0.462022 
0.057405 0.015107 0.491768 
0.048248 0.006177 0.034161 0.035440 0.016493 
0.034904 0.013000 0.024756 0.034869 0.032527 
0.009716 0.032078 0.022826 0.025644 0.026975 
0.107672 0.433135 0.037401 0.005992 0.017988 
0.087130 0.033470 0.046870 0.049530 0.039770 
0.088610 0.033620 0.036890 0.080480 0.085360 
0.014750 0.040430 0.050680 0.038260 0.040900 
0.069580 0.058540 0.064720 0.010490 0.029920 
55
0.479817 0.014481 0.046210 
0.462778 0.970413 0.462022 
0.057405 0.015107 0.491768 
0.071117 0.011477 0.022768 0.026267 0.051793 
0.037735 0.014338 0.073724 0.026906 0.114727 
0.251055 0.020737 0.017724 0.020946 0.025959 
0.030694 0.035376 0.081499 0.013038 0.052120 
0.087130 0.033470 0.046870 0.049530 0.039770 
0.088610 0.033620 0.036890 0.080480 0.085360 
0.014750 0.040430 0.050680 0.038260 0.040900 
0.069580 0.058540 0.064720 0.010490 0.029920 
56
0.479817 0.014481 0.046210 
0.462778 0.970413 0.462022 
0.057405 0.015107 0.491768 
0.044427 0.003697 0.448333 0.058349 0.011871 
0.038554 0.014305 0.016079 0.044254 0.026721 
0.008179 0.054407 0.025858 0.029989 0.056503 
0.042262 0.034161 0.023248 0.004798 0.014002 
0.087130 0.033470 0.046870 0.049530 0.039770 
0.088610 0.033620 0.036890 0.080480 0.085360 
0.014750 0.040430 0.050680 0.038260 0.040900 
0.069580 0.058540 0.064720 0.010490 0.029920 
57
0.479817 0.014481 0.046210 
0.462778 0.970413 0.462022 
0.057405 0.015107 0.491768 
0.271211 0.008332 0.049631 0.076200 0.021211 
0.054309 0.016040 0.029942 0.051651 0.048942 
0.014062 0.035878 0.024727 0.034814 0.038706 
0.108103 0.042959 0.043812 0.007831 0.021640 
0.087130 0.033470 0.046870 0.049530 0.039770 
0.088610 0.033620 0.036890 0.080480 0.085360 
0.014750 0.040430 0.050680 0.038260 0.040900 
0.069580 0.058540 0.064720 0.010490 0.029920 
58
0.479817 0.014481 0.046210 
0.462778 0.970413 0.462022 
0.057405 0.015107 0.491768 
0.029010 0.008903 0.016097 0.018576 0.101632 
0.018974 0.028192 0.030264 0.019356 0.056565 
0.014389 0.018040 0.013311 0.013957 0.019826 
0.023444 0.021584 0.033207 0.030439 0.484231 
0.087130 0.033470 0.046870 0.049530 0.039770 
0.088610 0.033620 0.036890 0.080480 0.085360 
0.014750 0.040430 0.050680 0.038260 0.040900 
0.069580 0.058540 0.064720 0.010490 0.029920 
59
0.479817 0.014481 0.046210 
0.462778 0.970413 0.462022 
0.057405 0.015107 0.491768 
0.022200 0.005218 0.007693 0.011779 0.041804 
0.014856 0.006470 0.025535 0.010491 0.057844 
0.013730 0.007355 0.007289 0.007263 0.015024 
0.012292 0.012086 0.056797 0.629845 0.034430 
0.087130 0.033470 0.046870 0.049530 0.039770 
0.088610 0.033620 0.036890 0.080480 0.085360 
0.014750 0.040430 0.050680 0.038260 0.040900 
0.069580 0.058540 0.064720 0.010490 0.029920 
60
0.479817 0.014481 0.046210 
0.462778 0.970413 0.462022 
0.057405 0.015107 0.491768 
0.059492 0.004227 0.044194 0.057772 0.014304 
0.035885 0.024470 0.021672 0.385954 0.038287 
0.013886 0.034758 0.024663 0.040670 0.059716 
0.045202 0.039338 0.030077 0.006877 0.018557 
0.087130 0.033470 0.046870 0.049530 0.039770 
0.088610 0.033620 0.036890 0.080480 0.085360 
0.014750 0.040430 0.050680 0.038260 0.040900 
0.069580 0.058540 0.064720 0.010490 0.029920 
61
0.479817 0.014481 0.046210 
0.462778 0.970413 0.462022 
0.057405 0.015107 0.491768 
0.035459 0.007718 0.012240 0.015683 0.197983 
0.024008 0.022949 0.040799 0.013653 0.057163 
0.014527 0.018882 0.010923 0.013830 0.017825 
0.026142 0.024909 0.053037 0.029033 0.363238 
0.087130 0.033470 0.046870 0.049530 0.039770 
0.088610 0.033620 0.036890 0.080480 0.085360 
0.014750 0.040430 0.050680 0.038260 0.040900 
0.069580 0.058540 0.064720 0.010490 0.029920 
62
0.479817 0.014481 0.046210 
0.462778 0.970413 0.462022 
0.057405 0.015107 0.491768 
0.054378 0.005187 0.042781 0.053642 0.017001 
0.038389 0.016671 0.024120 0.053516 0.042135 
0.011943 0.032300 0.024292 0.401600 0.041548 
0.041483 0.039176 0.033389 0.007190 0.019261 
0.087130 0.033470 0.046870 0.049530 0.039770 
0.088610 0.033620 0.036890 0.080480 0.085360 
0.014750 0.040430 0.050680 0.038260 0.040900 
0.069580 0.058540 0.064720 0.010490 0.029920 
63
0.479817 0.014481 0.046210 
0.462778 0.970413 0.462022 
0.057405 0.015107 0.491768 
0.307941 0.012246 0.032663 0.039047 0.026166 
0.089241 0.014620 0.038415 0.038166 0.059613 
0.017309 0.026124 0.022828 0.027182 0.043570 
0.065843 0.039347 0.066602 0.008577 0.024499 
0.087130 0.033470 0.046870 0.049530 0.039770 
0.088610 0.033620 0.036890 0.080480 0.085360 
0.014750 0.040430 0.050680 0.038260 0.040900 
0.069580 0.058540 0.064720 0.010490 0.029920 
64
0.479817 0.014481 0.046210 
0.462778 0.970413 0.462022 
0.057405 0.015107 0.491768 
0.053213 0.003238 0.078200 0.445346 0.012607 
0.042310 0.013399 0.014977 0.048951 0.029160 
0.008882 0.027148 0.020086 0.042217 0.034805 
0.040822 0.040729 0.023444 0.005551 0.014916 
0.087130 0.033470 0.046870 0.049530 0.039770 
0.088610 0.033620 0.036890 0.080480 0.085360 
0.014750 0.040430 0.050680 0.038260 0.040900 
0.069580 0.058540 0.064720 0.010490 0.029920 
65
0.479817 0.014481 0.046210 
0.462778 0.970413 0.462022 
0.057405 0.015107 0.491768 
0.047333 0.005161 0.045053 0.070949 0.011724 
0.035985 0.019309 0.018811 0.368727 0.033424 
0.010363 0.037125 0.028881 0.046956 0.090562 
0.045163 0.039188 0.026148 0.004726 0.014413 
0.087130 0.033470 0.046870 0.049530 0.039770 
0.088610 0.033620 0.036890 0.080480 0.085360 
0.014750 0.040430 0.050680 0.038260 0.040900 
0.069580 0.058540 0.064720 0.010490 0.029920 
66
0.479817 0.014481 0.046210 
0.462778 0.970413 0.462022 
0.057405 0.015107 0.491768 
0.051642 0.003042 0.099950 0.458009 0.012168 
0.033550 0.012704 0.013904 0.046325 0.027627 
0.008375 0.025747 0.019537 0.041745 0.032586 
0.039692 0.031729 0.022144 0.005288 0.014235 
0.087130 0.033470 0.046870 0.049530 0.039770 
0.088610 0.033620 0.036890 0.080480 0.085360 
0.014750 0.040430 0.050680 0.038260 0.040900 
0.069580 0.058540 0.064720 0.010490 0.029920 
67
0.479817 0.014481 0.046210 
0.462778 0.970413 0.462022 
0.057405 0.015107 0.491768 
0.080047 0.004521 0.052580 0.058646 0.017074 
0.038229 0.017900 0.027972 0.099187 0.047473 
0.013988 0.034847 0.025178 0.040766 0.276514 
0.052636 0.046959 0.035442 0.008249 0.021794 
0.087130 0.033470 0.046870 0.049530 0.039770 
0.088610 0.033620 0.036890 0.080480 0.085360 
0.014750 0.040430 0.050680 0.038260 0.040900 
0.069580 0.058540 0.064720 0.010490 0.029920 
68
0.479817 0.014481 0.046210 
0.462778 0.970413 0.462022 
0.057405 0.015107 0.491768 
0.068671 0.003969 0.046469 0.062432 0.014876 
0.056432 0.017052 0.024649 0.268544 0.042970 
0.012233 0.034437 0.024673 0.042751 0.127770 
0.050930 0.043525 0.031382 0.007120 0.019114 
0.087130 0.033470 0.046870 0.049530 0.039770 
0.088610 0.033620 0.036890 0.080480 0.085360 
0.014750 0.040430 0.050680 0.038260 0.040900 
0.069580 0.058540 0.064720 0.010490 0.029920 
69
0.479817 0.014481 0.046210 
0.462778 0.970413 0.462022 
0.057405 0.015107 0.491768 
0.051181 0.009212 0.008132 0.009630 0.042695 
0.014750 0.006910 0.082476 0.010154 0.530346 
0.024473 0.008511 0.009725 0.009488 0.010836 
0.013775 0.027102 0.103016 0.008092 0.019496 
0.087130 0.033470 0.046870 0.049530 0.039770 
0.088610 0.033620 0.036890 0.080480 0.085360 
0.014750 0.040430 0.050680 0.038260 0.040900 
0.069580 0.058540 0.064720 0.010490 0.029920 
70
0.479817 0.014481 0.046210 
0.462778 0.970413 0.462022 
0.057405 0.015107 0.491768 
0.034798 0.005586 0.019826 0.023012 0.064878 
0.035341 0.017723 0.023426 0.029285 0.040599 
0.010598 0.018129 0.014677 0.017795 0.023032 
0.027175 0.025726 0.034608 0.016402 0.517384 
0.087130 0.033470 0.046870 0.049530 0.039770 
0.088610 0.033620 0.036890 0.080480 0.085360 
0.014750 0.040430 0.050680 0.038260 0.040900 
0.069580 0.058540 0.064720 0.010490 0.029920 
71
0.479817 0.014481 0.046210 
0.462778 0.970413 0.462022 
0.057405 0.020185 0.486431 
0.478688 0.009959 0.025989 0.030123 0.020968 
0.046477 0.011726 0.030155 0.029048 0.048250 
0.013516 0.020778 0.018562 0.021130 0.024926 
0.063089 0.032717 0.048049 0.006727 0.019123 
0.087129 0.033470 0.046870 0.049530 0.039770 
0.088609 0.033620 0.036899 0.080479 0.085359 
0.014750 0.040430 0.050680 0.038260 0.040900 
0.069579 0.058539 0.064719 0.010490 0.029920 
72
0.479817 0.014481 0.045709 
0.462778 0.965335 0.467861 
0.057405 0.015107 0.491768 
0.046851 0.012460 0.007739 0.007312 0.035693 
0.015022 0.006533 0.262041 0.010406 0.094306 
0.018152 0.007243 0.011548 0.007109 0.009552 
0.015578 0.027529 0.378757 0.006429 0.019741 
0.087130 0.033470 0.046870 0.049530 0.039770 
0.088610 0.033620 0.036890 0.080480 0.085360 
0.014750 0.040430 0.050680 0.038260 0.040900 
0.069580 0.058540 0.064720 0.010490 0.029920 
73
0.479817 0.014481 0.046210 
0.462778 0.970413 0.462022 
0.057405 0.015107 0.491768 
0.064226 0.012160 0.018916 0.019326 0.046022 
0.032618 0.012438 0.278014 0.027711 0.133735 
0.023124 0.015723 0.016993 0.016620 0.027667 
0.026511 0.033648 0.157934 0.009536 0.027078 
0.087130 0.033470 0.046870 0.049530 0.039770 
0.088610 0.033620 0.036890 0.080480 0.085360 
0.014750 0.040430 0.050680 0.038260 0.040900 
0.069580 0.058540 0.064720 0.010490 0.029920 
74
0.479817 0.014481 0.046210 
0.462778 0.970413 0.462022 
0.057405 0.015107 0.491768 
0.051860 0.003515 0.400693 0.077563 0.011758 
0.041437 0.014417 0.016683 0.044696 0.026015 
0.008141 0.086539 0.021254 0.030853 0.029244 
0.058257 0.036691 0.023219 0.004098 0.013068 
0.087130 0.033470 0.046870 0.049530 0.039770 
0.088610 0.033620 0.036890 0.080480 0.085360 
0.014750 0.040430 0.050680 0.038260 0.040900 
0.069580 0.058540 0.064720 0.010490 0.029920 
75
0.479817 0.014481 0.046210 
0.462778 0.970413 0.462022 
0.057405 0.015107 0.491768 
0.236303 0.011026 0.034866 0.038781 0.025439 
0.057289 0.014207 0.032966 0.035641 0.050499 
0.014672 0.029920 0.024262 0.026286 0.028985 
0.195594 0.059699 0.053011 0.007945 0.022609 
0.087130 0.033470 0.046870 0.049530 0.039770 
0.088610 0.033620 0.036890 0.080480 0.085360 
0.014750 0.040430 0.050680 0.038260 0.040900 
0.069580 0.058540 0.064720 0.010490 0.029920 
76
0.479817 0.014481 0.046210 
0.462778 0.970413 0.462022 
0.057405 0.015107 0.491768 
0.045244 0.009995 0.010182 0.013191 0.400745 
0.020927 0.012290 0.078298 0.010756 0.121914 
0.024719 0.010954 0.011454 0.011081 0.010414 
0.019776 0.023788 0.081566 0.021397 0.061308 
0.087130 0.033470 0.046870 0.049530 0.039770 
0.088610 0.033620 0.036890 0.080480 0.085360 
0.014750 0.040430 0.050680 0.038260 0.040900 
0.069580 0.058540 0.064720 0.010490 0.029920 
77
0.479817 0.014481 0.046210 
0.462778 0.970413 0.462022 
0.057405 0.015107 0.491768 
0.309775 0.011044 0.035815 0.047918 0.025803 
0.052686 0.015651 0.038851 0.043319 0.060769 
0.017392 0.031414 0.023546 0.039961 0.035878 
0.063014 0.041603 0.072394 0.008599 0.024568 
0.087130 0.033470 0.046870 0.049530 0.039770 
0.088610 0.033620 0.036890 0.080480 0.085360 
0.014750 0.040430 0.050680 0.038260 0.040900 
0.069580 0.058540 0.064720 0.010490 0.029920 
78
0.479817 0.014481 0.046210 
0.462778 0.970413 0.462022 
0.057405 0.015107 0.491768 
0.060839 0.004815 0.047722 0.062157 0.016192 
0.038824 0.018364 0.022988 0.064024 0.040498 
0.012132 0.039767 0.025436 0.306644 0.092000 
0.045652 0.041963 0.032202 0.007525 0.020257 
0.087130 0.033470 0.046870 0.049530 0.039770 
0.088610 0.033620 0.036890 0.080480 0.085360 
0.014750 0.040430 0.050680 0.038260 0.040900 
0.069580 0.058540 0.064720 0.010490 0.029920 
79
0.479817 0.014481 0.046210 
0.462778 0.970413 0.462022 
0.057405 0.015107 0.491768 
0.063615 0.006318 0.069819 0.046193 0.018527 
0.063137 0.019283 0.020565 0.046739 0.035329 
0.010725 0.294446 0.029448 0.031414 0.036511 
0.105339 0.044923 0.029050 0.007926 0.020694 
0.087130 0.033470 0.046870 0.049530 0.039770 
0.088610 0.033620 0.036890 0.080480 0.085360 
0.014750 0.040430 0.050680 0.038260 0.040900 
0.069580 0.058540 0.064720 0.010490 0.029920 
80
0.479817 0.014481 0.046210 
0.462778 0.970413 0.462022 
0.057405 0.078960 0.432140 
0.063397 0.006188 0.074253 0.048913 0.018626 
0.083171 0.020200 0.020571 0.057751 0.035730 
0.011040 0.281318 0.030323 0.033578 0.039496 
0.074699 0.042993 0.028462 0.008160 0.021131 
0.087141 0.033466 0.046865 0.049524 0.039766 
0.088692 0.033616 0.036886 0.080471 0.085350 
0.014748 0.040425 0.050674 0.038256 0.040895 
0.069572 0.058533 0.064713 0.010489 0.029917 
81
0.479817 0.014481 0.040607 
0.462778 0.906559 0.527253 
0.057405 0.015107 0.491768 
0.087209 0.007050 0.052452 0.064401 0.026106 
0.059524 0.038399 0.035968 0.062135 0.073253 
0.017066 0.038785 0.026825 0.181844 0.048221 
0.049891 0.049255 0.043642 0.010356 0.027617 
0.087130 0.033470 0.046870 0.049530 0.039770 
0.088610 0.033620 0.036890 0.080480 0.085360 
0.014750 0.040430 0.050680 0.038260 0.040900 
0.069580 0.058540 0.064720 0.010490 0.029920 
82
0.479817 0.014481 0.046210 
0.462778 0.970413 0.462022 
0.057405 0.015107 0.491768 
0.072390 0.011803 0.018995 0.020850 0.057202 
0.030915 0.014941 0.078515 0.022488 0.252651 
0.147812 0.017493 0.014011 0.021956 0.024407 
0.023756 0.030782 0.083158 0.012479 0.043396 
0.087130 0.033470 0.046870 0.049530 0.039770 
0.088610 0.033620 0.036890 0.080480 0.085360 
0.014750 0.040430 0.050680 0.038260 0.040900 
0.069580 0.058540 0.064720 0.010490 0.029920 
83
0.479817 0.014481 0.046210 
0.462778 0.970413 0.462022 
0.057405 0.015107 0.491768 
0.055321 0.006485 0.099902 0.072493 0.020907 
0.091793 0.022477 0.021579 0.050367 0.037078 
0.011443 0.227540 0.031495 0.033502 0.037567 
0.070577 0.049148 0.028532 0.009090 0.022703 
0.087130 0.033470 0.046870 0.049530 0.039770 
0.088610 0.033620 0.036890 0.080480 0.085360 
