%  SAM: modelfromalign v3.5 (July 15, 2005) compiled 12/05/20_11:48:22
%  (c) 1992-2001 Regents of the University of California, Santa Cruz
%
%          Sequence Alignment and Modeling Software System
%         http://www.cse.ucsc.edu/research/compbio/sam.html
%
% ----------------- Citations (SAM, SAM-T2K, HMMs) --------------------
% R. Hughey, A. Krogh, Hidden Markov models for sequence analysis:
%  Extension and analysis of the basic method, CABIOS 12:95-107, 1996.
% K. Karplus, et al., What is the value added by human intervention in protein
%  structure prediction, Proteins: Stucture, Function, Genetics 45(S5):86--91, 2001.
% A. Krogh et al., Hidden Markov models in computational biology:
%  Applications to protein modeling, JMB 235:1501-1531, Feb 1994.
% ---------------------------------------------------------------------
%  trimmed-uniq   Host: gauntlet    Thu Feb 11 16:20:40 2021
%  dgpinheiro     Dir:  /data/GitHub/sfFinder/example/output/subfamily/TEST1/flowerpower/fp-workspace/iter3
% ---------------------------------------------------------------------
% Prior File:  Internal (Name: recode3.20comp) 
%   20 priors on 20 characters.
%  Alignment weights from internal calc.  Total (1.56) Max (0.00) Min (0.00)
%  Weights from alignment method 1 (karplus), b=0.500000, e=0.500000
MODEL --  Model from alignment file trimmed-uniq.a2m
alphabet protein
FREQAVE
0.000000 0.000000 0.000000 
0.000000 0.000000 0.000000 
0.000000 0.000000 0.000000 
0.073230 0.015714 0.056926 0.066542 0.049643 
0.061761 0.028615 0.052066 0.058197 0.085110 
0.025957 0.041843 0.045311 0.042474 0.052338 
0.059151 0.053804 0.060954 0.023471 0.046895 
0.073230 0.015714 0.056926 0.066542 0.049643 
0.061761 0.028615 0.052066 0.058197 0.085110 
0.025957 0.041843 0.045311 0.042474 0.052338 
0.059151 0.053804 0.060954 0.023471 0.046895 
Begin
0.000000 0.000000 0.000000 
0.000000 0.000000 0.000000 
0.000000 0.102161 0.806495 
0.000000 0.000000 0.000000 0.000000 0.000000 
0.000000 0.000000 0.000000 0.000000 0.000000 
0.000000 0.000000 0.000000 0.000000 0.000000 
0.000000 0.000000 0.000000 0.000000 0.000000 
0.087137 0.033411 0.046875 0.049460 0.039687 
0.088503 0.033556 0.036842 0.080766 0.085463 
0.014903 0.040444 0.050638 0.038240 0.040937 
0.069510 0.058600 0.064638 0.010468 0.029923 
1
0.000000 0.014481 0.062791 
0.000000 0.883358 0.130713 
0.041829 0.016477 0.491768 
0.075340 0.011832 0.054103 0.075224 0.032523 
0.050942 0.025334 0.052928 0.081544 0.083054 
0.027541 0.044464 0.043506 0.047402 0.062930 
0.063810 0.059582 0.065088 0.011149 0.031703 
0.087130 0.033470 0.046870 0.049530 0.039770 
0.088610 0.033620 0.036890 0.080480 0.085360 
0.014750 0.040430 0.050680 0.038260 0.040900 
0.069580 0.058540 0.064720 0.010490 0.029920 
2
0.620965 0.015794 0.046210 
0.337206 0.967728 0.462022 
0.041829 0.016477 0.491768 
0.077559 0.010762 0.062298 0.080942 0.027850 
0.063805 0.025268 0.040384 0.080116 0.065065 
0.019214 0.049204 0.056036 0.047632 0.070817 
0.069337 0.060966 0.053358 0.010126 0.029261 
0.087130 0.033470 0.046870 0.049530 0.039770 
0.088610 0.033620 0.036890 0.080480 0.085360 
0.014750 0.040430 0.050680 0.038260 0.040900 
0.069580 0.058540 0.064720 0.010490 0.029920 
3
0.619812 0.015794 0.046210 
0.338359 0.967728 0.462022 
0.041877 0.016471 0.491768 
0.076713 0.013244 0.042506 0.060668 0.038622 
0.042290 0.022338 0.076169 0.060179 0.125993 
0.029598 0.036124 0.041540 0.039403 0.051604 
0.055307 0.054861 0.087953 0.012022 0.032868 
0.087130 0.033470 0.046870 0.049530 0.039770 
0.088610 0.033620 0.036890 0.080480 0.085360 
0.014750 0.040430 0.050680 0.038260 0.040900 
0.069580 0.058540 0.064720 0.010490 0.029920 
4
0.620527 0.015788 0.046210 
0.337596 0.967741 0.462022 
0.041877 0.016471 0.491768 
0.073376 0.011251 0.064238 0.076608 0.031222 
0.066139 0.026792 0.042586 0.071292 0.073232 
0.020173 0.059301 0.047289 0.046403 0.060440 
0.068862 0.061229 0.054836 0.011290 0.033443 
0.087130 0.033470 0.046870 0.049530 0.039770 
0.088610 0.033620 0.036890 0.080480 0.085360 
0.014750 0.040430 0.050680 0.038260 0.040900 
0.069580 0.058540 0.064720 0.010490 0.029920 
5
0.620527 0.015788 0.046210 
0.337596 0.967741 0.462022 
0.041877 0.016471 0.491768 
0.078451 0.011753 0.058101 0.078040 0.031683 
0.053872 0.024996 0.047800 0.072504 0.082596 
0.022037 0.047812 0.051190 0.046735 0.060897 
0.066346 0.060954 0.061437 0.010810 0.031985 
0.087130 0.033470 0.046870 0.049530 0.039770 
0.088610 0.033620 0.036890 0.080480 0.085360 
0.014750 0.040430 0.050680 0.038260 0.040900 
0.069580 0.058540 0.064720 0.010490 0.029920 
6
0.460451 0.015788 0.046210 
0.497672 0.967741 0.462022 
0.049858 0.015635 0.491768 
0.080448 0.006435 0.058325 0.069734 0.024033 
0.057220 0.022155 0.037848 0.137223 0.060021 
0.017402 0.044897 0.035897 0.047425 0.108382 
0.056002 0.049400 0.047354 0.010969 0.028829 
0.087130 0.033470 0.046870 0.049530 0.039770 
0.088610 0.033620 0.036890 0.080480 0.085360 
0.014750 0.040430 0.050680 0.038260 0.040900 
0.069580 0.058540 0.064720 0.010490 0.029920 
7
0.548206 0.014987 0.046210 
0.401936 0.969377 0.462022 
0.049858 0.015635 0.491768 
0.080173 0.006719 0.119047 0.121480 0.025659 
0.063135 0.022446 0.033812 0.065967 0.055042 
0.016111 0.050865 0.035011 0.046496 0.056229 
0.068964 0.050450 0.043342 0.011001 0.028051 
0.087130 0.033470 0.046870 0.049530 0.039770 
0.088610 0.033620 0.036890 0.080480 0.085360 
0.014750 0.040430 0.050680 0.038260 0.040900 
0.069580 0.058540 0.064720 0.010490 0.029920 
8
0.548206 0.014987 0.046210 
0.401936 0.969377 0.462022 
0.049858 0.015635 0.491768 
0.081232 0.006510 0.104966 0.073100 0.023823 
0.064098 0.022058 0.035557 0.123475 0.056258 
0.016366 0.057655 0.037816 0.046384 0.058296 
0.059795 0.050581 0.044591 0.010221 0.027217 
0.087130 0.033470 0.046870 0.049530 0.039770 
0.088610 0.033620 0.036890 0.080480 0.085360 
0.014750 0.040430 0.050680 0.038260 0.040900 
0.069580 0.058540 0.064720 0.010490 0.029920 
9
0.548206 0.014987 0.046210 
0.401936 0.969377 0.462022 
0.049858 0.015635 0.491768 
0.081076 0.012072 0.037937 0.040588 0.065495 
0.062965 0.023468 0.065258 0.038465 0.091333 
0.024308 0.035344 0.031218 0.028899 0.037398 
0.049174 0.046028 0.078078 0.032096 0.118800 
0.087130 0.033470 0.046870 0.049530 0.039770 
0.088610 0.033620 0.036890 0.080480 0.085360 
0.014750 0.040430 0.050680 0.038260 0.040900 
0.069580 0.058540 0.064720 0.010490 0.029920 
10
0.546963 0.014987 0.046210 
0.403179 0.969377 0.462022 
0.049920 0.015630 0.491768 
0.109793 0.010464 0.048854 0.052120 0.039021 
0.066669 0.023132 0.059151 0.052099 0.080516 
0.022604 0.040119 0.036079 0.037761 0.060446 
0.054478 0.054851 0.078032 0.015437 0.058376 
0.087130 0.033470 0.046870 0.049530 0.039770 
0.088610 0.033620 0.036890 0.080480 0.085360 
0.014750 0.040430 0.050680 0.038260 0.040900 
0.069580 0.058540 0.064720 0.010490 0.029920 
11
0.547644 0.014982 0.046210 
0.402436 0.969387 0.462022 
0.049920 0.015630 0.491768 
0.087890 0.010069 0.078443 0.056835 0.037135 
0.068880 0.026193 0.055131 0.053912 0.103493 
0.022425 0.045671 0.037497 0.037358 0.050992 
0.057708 0.049504 0.065623 0.014779 0.040462 
0.087130 0.033470 0.046870 0.049530 0.039770 
0.088610 0.033620 0.036890 0.080480 0.085360 
0.014750 0.040430 0.050680 0.038260 0.040900 
0.069580 0.058540 0.064720 0.010490 0.029920 
12
0.418517 0.014982 0.046210 
0.531563 0.969387 0.462022 
0.057322 0.015112 0.491768 
0.047851 0.009592 0.009032 0.010496 0.040990 
0.015815 0.007667 0.090391 0.011195 0.503562 
0.057885 0.009262 0.009957 0.010377 0.012078 
0.014402 0.033547 0.076660 0.008545 0.020698 
0.087130 0.033470 0.046870 0.049530 0.039770 
0.088610 0.033620 0.036890 0.080480 0.085360 
0.014750 0.040430 0.050680 0.038260 0.040900 
0.069580 0.058540 0.064720 0.010490 0.029920 
13
0.480572 0.014485 0.046210 
0.462106 0.970403 0.462022 
0.057322 0.015112 0.491768 
0.078151 0.005846 0.030848 0.033291 0.015489 
0.030766 0.011976 0.023947 0.033361 0.032451 
0.009641 0.029318 0.020352 0.024391 0.025784 
0.084158 0.452333 0.035795 0.005556 0.016546 
0.087130 0.033470 0.046870 0.049530 0.039770 
0.088610 0.033620 0.036890 0.080480 0.085360 
0.014750 0.040430 0.050680 0.038260 0.040900 
0.069580 0.058540 0.064720 0.010490 0.029920 
14
0.479840 0.014485 0.046210 
0.462838 0.970403 0.462022 
0.057364 0.015109 0.491768 
0.039165 0.004085 0.031282 0.035655 0.012593 
0.033608 0.013108 0.017035 0.038953 0.030019 
0.008465 0.024722 0.020261 0.025073 0.561239 
0.030805 0.029013 0.024403 0.005615 0.014901 
0.087130 0.033470 0.046870 0.049530 0.039770 
0.088610 0.033620 0.036890 0.080480 0.085360 
0.014750 0.040430 0.050680 0.038260 0.040900 
0.069580 0.058540 0.064720 0.010490 0.029920 
15
0.480192 0.014483 0.046210 
0.462445 0.970408 0.462022 
0.057364 0.015109 0.491768 
0.036059 0.003247 0.471791 0.046481 0.009702 
0.119015 0.011785 0.012766 0.032428 0.019817 
0.006047 0.067365 0.018586 0.021294 0.021904 
0.038560 0.030518 0.018328 0.003437 0.010872 
0.087130 0.033470 0.046870 0.049530 0.039770 
0.088610 0.033620 0.036890 0.080480 0.085360 
0.014750 0.040430 0.050680 0.038260 0.040900 
0.069580 0.058540 0.064720 0.010490 0.029920 
16
0.480192 0.014483 0.046210 
0.462445 0.970408 0.462022 
0.057364 0.015109 0.491768 
0.035120 0.007534 0.006756 0.008302 0.030099 
0.011648 0.005551 0.058273 0.008795 0.633343 
0.026822 0.007173 0.008261 0.008005 0.008993 
0.011251 0.026926 0.074505 0.006724 0.015919 
0.087130 0.033470 0.046870 0.049530 0.039770 
0.088610 0.033620 0.036890 0.080480 0.085360 
0.014750 0.040430 0.050680 0.038260 0.040900 
0.069580 0.058540 0.064720 0.010490 0.029920 
17
0.479472 0.014483 0.046210 
0.463164 0.970408 0.462022 
0.057405 0.015107 0.491768 
0.062178 0.003735 0.372937 0.064592 0.012105 
0.075958 0.016239 0.016708 0.041031 0.024962 
0.007785 0.101246 0.021490 0.027068 0.025719 
0.052447 0.035002 0.022238 0.003892 0.012670 
0.087130 0.033470 0.046870 0.049530 0.039770 
0.088610 0.033620 0.036890 0.080480 0.085360 
0.014750 0.040430 0.050680 0.038260 0.040900 
0.069580 0.058540 0.064720 0.010490 0.029920 
18
0.479817 0.014481 0.046210 
0.462778 0.970413 0.462022 
0.057405 0.015107 0.491768 
0.015731 0.004869 0.007423 0.009405 0.034069 
0.015688 0.005512 0.016039 0.007639 0.040948 
0.009803 0.006133 0.007009 0.005025 0.012200 
0.010215 0.008882 0.021041 0.733126 0.029241 
0.087130 0.033470 0.046870 0.049530 0.039770 
0.088610 0.033620 0.036890 0.080480 0.085360 
0.014750 0.040430 0.050680 0.038260 0.040900 
0.069580 0.058540 0.064720 0.010490 0.029920 
19
0.479817 0.014481 0.046210 
0.462778 0.970413 0.462022 
0.057405 0.015107 0.491768 
0.070050 0.001670 0.246115 0.297442 0.011312 
0.030845 0.009804 0.011170 0.044516 0.025004 
0.007636 0.029259 0.015653 0.055856 0.025854 
0.049297 0.034420 0.018649 0.004053 0.011394 
0.087130 0.033470 0.046870 0.049530 0.039770 
0.088610 0.033620 0.036890 0.080480 0.085360 
0.014750 0.040430 0.050680 0.038260 0.040900 
0.069580 0.058540 0.064720 0.010490 0.029920 
20
0.479817 0.014481 0.046210 
0.462778 0.970413 0.462022 
0.057405 0.015107 0.491768 
0.045310 0.009643 0.016274 0.019695 0.357598 
0.030722 0.016115 0.045003 0.014523 0.086232 
0.017118 0.017191 0.020731 0.014742 0.014040 
0.028489 0.046611 0.051808 0.029258 0.118898 
0.087130 0.033470 0.046870 0.049530 0.039770 
0.088610 0.033620 0.036890 0.080480 0.085360 
0.014750 0.040430 0.050680 0.038260 0.040900 
0.069580 0.058540 0.064720 0.010490 0.029920 
21
0.479817 0.014481 0.046210 
0.462778 0.970413 0.462022 
0.057405 0.015107 0.491768 
0.048286 0.006236 0.045554 0.035414 0.015172 
0.046657 0.012847 0.021392 0.033502 0.025477 
0.008369 0.038798 0.023537 0.025152 0.024769 
0.363901 0.167172 0.034767 0.005641 0.017357 
0.087130 0.033470 0.046870 0.049530 0.039770 
0.088610 0.033620 0.036890 0.080480 0.085360 
0.014750 0.040430 0.050680 0.038260 0.040900 
0.069580 0.058540 0.064720 0.010490 0.029920 
22
0.479817 0.014481 0.046210 
0.462778 0.970413 0.462022 
0.057405 0.015107 0.491768 
0.022454 0.004269 0.013276 0.012872 0.046025 
0.021756 0.012066 0.019410 0.012693 0.031637 
0.007614 0.011203 0.011063 0.009769 0.013365 
0.017411 0.016430 0.025913 0.011365 0.679407 
0.087130 0.033470 0.046870 0.049530 0.039770 
0.088610 0.033620 0.036890 0.080480 0.085360 
0.014750 0.040430 0.050680 0.038260 0.040900 
0.069580 0.058540 0.064720 0.010490 0.029920 
23
0.479817 0.014481 0.046210 
0.462778 0.970413 0.462022 
0.057405 0.015107 0.491768 
0.156727 0.006172 0.052544 0.097245 0.023992 
0.039302 0.018218 0.039306 0.068450 0.065547 
0.017885 0.031482 0.023448 0.108467 0.064538 
0.046751 0.037680 0.067536 0.009539 0.025172 
0.087130 0.033470 0.046870 0.049530 0.039770 
0.088610 0.033620 0.036890 0.080480 0.085360 
0.014750 0.040430 0.050680 0.038260 0.040900 
0.069580 0.058540 0.064720 0.010490 0.029920 
24
0.479817 0.014481 0.046210 
0.462778 0.970413 0.462022 
0.057405 0.015107 0.491768 
0.049502 0.004074 0.335850 0.066465 0.013788 
0.046886 0.015897 0.018095 0.051593 0.028832 
0.008747 0.075158 0.058249 0.031589 0.034858 
0.071613 0.043857 0.024773 0.005126 0.015049 
0.087130 0.033470 0.046870 0.049530 0.039770 
0.088610 0.033620 0.036890 0.080480 0.085360 
0.014750 0.040430 0.050680 0.038260 0.040900 
0.069580 0.058540 0.064720 0.010490 0.029920 
25
0.479817 0.014481 0.046210 
0.462778 0.970413 0.462022 
0.057405 0.015107 0.491768 
0.074631 0.004639 0.042442 0.086083 0.021515 
0.037002 0.018351 0.039628 0.086754 0.064957 
0.032294 0.031448 0.028385 0.038943 0.230154 
0.039186 0.036047 0.044230 0.010411 0.032900 
0.087130 0.033470 0.046870 0.049530 0.039770 
0.088610 0.033620 0.036890 0.080480 0.085360 
0.014750 0.040430 0.050680 0.038260 0.040900 
0.069580 0.058540 0.064720 0.010490 0.029920 
26
0.479817 0.014481 0.046210 
0.462778 0.970413 0.462022 
0.057405 0.015107 0.491768 
0.088126 0.002943 0.118852 0.112949 0.011924 
0.035517 0.015918 0.019096 0.238290 0.036178 
0.009181 0.042458 0.021666 0.060633 0.053394 
0.056250 0.032523 0.024199 0.005256 0.014647 
0.087130 0.033470 0.046870 0.049530 0.039770 
0.088610 0.033620 0.036890 0.080480 0.085360 
0.014750 0.040430 0.050680 0.038260 0.040900 
0.069580 0.058540 0.064720 0.010490 0.029920 
27
0.479817 0.014481 0.046210 
0.462778 0.970413 0.462022 
0.057405 0.015107 0.491768 
0.074830 0.002009 0.177190 0.257172 0.010960 
0.031374 0.012202 0.013424 0.127354 0.028503 
0.007808 0.030361 0.017114 0.057413 0.038492 
0.045525 0.029411 0.022453 0.004309 0.012095 
0.087130 0.033470 0.046870 0.049530 0.039770 
0.088610 0.033620 0.036890 0.080480 0.085360 
0.014750 0.040430 0.050680 0.038260 0.040900 
0.069580 0.058540 0.064720 0.010490 0.029920 
28
0.479817 0.014481 0.046210 
0.462778 0.970413 0.462022 
0.057405 0.015107 0.491768 
0.285800 0.013990 0.014635 0.016315 0.034626 
0.037408 0.009971 0.111012 0.015574 0.095656 
0.022549 0.013196 0.014419 0.013957 0.017107 
0.033425 0.031864 0.186041 0.008458 0.023998 
0.087130 0.033470 0.046870 0.049530 0.039770 
0.088610 0.033620 0.036890 0.080480 0.085360 
0.014750 0.040430 0.050680 0.038260 0.040900 
0.069580 0.058540 0.064720 0.010490 0.029920 
29
0.479817 0.014481 0.046210 
0.462778 0.970413 0.462022 
0.057405 0.015107 0.491768 
0.025022 0.006568 0.007594 0.011744 0.625067 
0.013779 0.008568 0.033435 0.009513 0.057081 
0.011841 0.006981 0.008611 0.008592 0.006420 
0.015111 0.016437 0.035095 0.023793 0.068747 
0.087130 0.033470 0.046870 0.049530 0.039770 
0.088610 0.033620 0.036890 0.080480 0.085360 
0.014750 0.040430 0.050680 0.038260 0.040900 
0.069580 0.058540 0.064720 0.010490 0.029920 
30
0.479817 0.014481 0.046210 
0.462778 0.970413 0.462022 
0.057405 0.015107 0.491768 
0.042877 0.003617 0.029261 0.028523 0.014108 
0.032943 0.009769 0.019643 0.042117 0.032779 
0.005879 0.022565 0.552261 0.019994 0.030126 
0.035317 0.029742 0.029319 0.005045 0.014116 
0.087130 0.033470 0.046870 0.049530 0.039770 
0.088610 0.033620 0.036890 0.080480 0.085360 
0.014750 0.040430 0.050680 0.038260 0.040900 
0.069580 0.058540 0.064720 0.010490 0.029920 
31
0.479817 0.087842 0.046210 
0.462778 0.897051 0.462022 
0.043213 0.016303 0.491768 
0.095084 0.007742 0.067139 0.096603 0.030340 
0.063146 0.032894 0.040562 0.067031 0.064412 
0.018602 0.046818 0.034577 0.078684 0.053214 
0.058876 0.049852 0.049281 0.012435 0.032707 
0.087130 0.033470 0.046870 0.049530 0.039770 
0.088610 0.033620 0.036890 0.080480 0.085360 
0.014750 0.040430 0.050680 0.038260 0.040900 
0.069580 0.058540 0.064720 0.010490 0.029920 
32
0.608420 0.029470 0.046210 
0.348367 0.954228 0.462022 
0.041423 0.016532 0.491768 
0.082161 0.013468 0.057550 0.073994 0.033103 
0.060405 0.024191 0.050797 0.065819 0.077701 
0.021541 0.045476 0.053513 0.042849 0.056323 
0.068515 0.062511 0.065897 0.011345 0.032840 
0.087130 0.033470 0.046870 0.049530 0.039770 
0.088610 0.033620 0.036890 0.080480 0.085360 
0.014750 0.040430 0.050680 0.038260 0.040900 
0.069580 0.058540 0.064720 0.010490 0.029920 
33
0.387663 0.016367 0.046210 
0.570914 0.967101 0.462022 
0.054179 0.015310 0.491768 
0.026732 0.006368 0.007641 0.011669 0.167060 
0.015741 0.022449 0.026577 0.011512 0.058796 
0.012393 0.011342 0.007761 0.011868 0.016200 
0.022113 0.023332 0.040910 0.031941 0.467594 
0.087130 0.033470 0.046870 0.049530 0.039770 
0.088610 0.033620 0.036890 0.080480 0.085360 
0.014750 0.040430 0.050680 0.038260 0.040900 
0.069580 0.058540 0.064720 0.010490 0.029920 
34
0.454859 0.014676 0.046210 
0.490963 0.970014 0.462022 
0.057283 0.015114 0.491768 
0.072878 0.002293 0.154374 0.314181 0.013169 
0.033657 0.012060 0.015073 0.059561 0.029948 
0.008804 0.028613 0.018158 0.054500 0.032950 
0.063647 0.041371 0.025739 0.005170 0.013854 
0.087130 0.033470 0.046870 0.049530 0.039770 
0.088610 0.033620 0.036890 0.080480 0.085360 
0.014750 0.040430 0.050680 0.038260 0.040900 
0.069580 0.058540 0.064720 0.010490 0.029920 
35
0.478797 0.014488 0.046210 
0.463919 0.970398 0.462022 
0.057405 0.015107 0.491768 
0.092903 0.002975 0.101334 0.252286 0.014757 
0.057359 0.017014 0.019292 0.092860 0.037348 
0.010081 0.037114 0.020730 0.054767 0.050267 
0.050597 0.040679 0.025153 0.006219 0.016265 
0.087130 0.033470 0.046870 0.049530 0.039770 
0.088610 0.033620 0.036890 0.080480 0.085360 
0.014750 0.040430 0.050680 0.038260 0.040900 
0.069580 0.058540 0.064720 0.010490 0.029920 
36
0.479817 0.014481 0.046210 
0.462778 0.970413 0.462022 
0.057405 0.015107 0.491768 
0.035095 0.007855 0.008593 0.017145 0.496865 
0.016274 0.010363 0.032271 0.011300 0.057892 
0.012344 0.009045 0.009420 0.010985 0.007904 
0.023325 0.023083 0.037139 0.034135 0.138965 
0.087130 0.033470 0.046870 0.049530 0.039770 
0.088610 0.033620 0.036890 0.080480 0.085360 
0.014750 0.040430 0.050680 0.038260 0.040900 
0.069580 0.058540 0.064720 0.010490 0.029920 
37
0.479817 0.014481 0.046210 
0.462778 0.970413 0.462022 
0.057405 0.015107 0.491768 
0.048575 0.002920 0.061677 0.484722 0.014396 
0.046618 0.012401 0.013920 0.054453 0.027162 
0.008401 0.025010 0.018343 0.039655 0.032780 
0.037371 0.031031 0.021806 0.005082 0.013677 
0.087130 0.033470 0.046870 0.049530 0.039770 
0.088610 0.033620 0.036890 0.080480 0.085360 
0.014750 0.040430 0.050680 0.038260 0.040900 
0.069580 0.058540 0.064720 0.010490 0.029920 
38
0.479817 0.014481 0.046210 
0.462778 0.970413 0.462022 
0.057405 0.015107 0.491768 
0.044486 0.002871 0.039317 0.016925 0.006627 
0.703282 0.006679 0.008471 0.018823 0.014096 
0.005146 0.022201 0.014587 0.011031 0.017290 
0.028917 0.017416 0.009470 0.003284 0.009081 
0.087130 0.033470 0.046870 0.049530 0.039770 
0.088610 0.033620 0.036890 0.080480 0.085360 
0.014750 0.040430 0.050680 0.038260 0.040900 
0.069580 0.058540 0.064720 0.010490 0.029920 
39
0.479817 0.014481 0.046210 
0.462778 0.970413 0.462022 
0.057405 0.015107 0.491768 
0.038133 0.009089 0.006647 0.007506 0.032248 
0.012462 0.005680 0.516879 0.008718 0.106549 
0.020274 0.006891 0.009156 0.007372 0.008707 
0.012206 0.020567 0.147157 0.006670 0.017091 
0.087130 0.033470 0.046870 0.049530 0.039770 
0.088610 0.033620 0.036890 0.080480 0.085360 
0.014750 0.040430 0.050680 0.038260 0.040900 
0.069580 0.058540 0.064720 0.010490 0.029920 
40
0.479817 0.014481 0.046210 
0.462778 0.970413 0.462022 
0.057405 0.015107 0.491768 
0.052947 0.004942 0.039562 0.051463 0.012957 
0.032513 0.019473 0.023633 0.436482 0.034364 
0.010240 0.031752 0.036295 0.036713 0.050043 
0.039734 0.036344 0.027551 0.006228 0.016764 
0.087130 0.033470 0.046870 0.049530 0.039770 
0.088610 0.033620 0.036890 0.080480 0.085360 
0.014750 0.040430 0.050680 0.038260 0.040900 
0.069580 0.058540 0.064720 0.010490 0.029920 
41
0.479817 0.014481 0.046210 
0.462778 0.970413 0.462022 
0.057405 0.015107 0.491768 
0.053347 0.009577 0.010293 0.011854 0.031804 
0.026499 0.007200 0.482411 0.013661 0.092291 
0.022007 0.009827 0.011246 0.010427 0.012578 
0.016850 0.029236 0.123631 0.006896 0.018364 
0.087130 0.033470 0.046870 0.049530 0.039770 
0.088610 0.033620 0.036890 0.080480 0.085360 
0.014750 0.040430 0.050680 0.038260 0.040900 
0.069580 0.058540 0.064720 0.010490 0.029920 
42
0.479817 0.014481 0.046210 
0.462778 0.970413 0.462022 
0.057405 0.015107 0.491768 
0.051287 0.005573 0.040450 0.078474 0.016788 
0.036814 0.041807 0.023848 0.053349 0.033877 
0.010767 0.035984 0.024818 0.032573 0.036186 
0.070529 0.345114 0.034856 0.006986 0.019919 
0.087130 0.033470 0.046870 0.049530 0.039770 
0.088610 0.033620 0.036890 0.080480 0.085360 
0.014750 0.040430 0.050680 0.038260 0.040900 
0.069580 0.058540 0.064720 0.010490 0.029920 
43
0.479817 0.014481 0.046210 
0.462778 0.970413 0.462022 
0.057405 0.015107 0.491768 
0.052865 0.003017 0.470926 0.066685 0.009813 
0.044185 0.012579 0.014796 0.039673 0.022348 
0.007041 0.076104 0.018509 0.026458 0.025517 
0.042216 0.032456 0.020523 0.003266 0.011022 
0.087130 0.033470 0.046870 0.049530 0.039770 
0.088610 0.033620 0.036890 0.080480 0.085360 
0.014750 0.040430 0.050680 0.038260 0.040900 
0.069580 0.058540 0.064720 0.010490 0.029920 
44
0.479817 0.014481 0.046210 
0.462778 0.970413 0.462022 
0.057405 0.015107 0.491768 
0.020479 0.005066 0.010505 0.013196 0.069767 
0.015537 0.012324 0.022251 0.012857 0.046412 
0.011074 0.010870 0.009575 0.009750 0.016263 
0.016559 0.015638 0.023415 0.596216 0.062249 
0.087130 0.033470 0.046870 0.049530 0.039770 
0.088610 0.033620 0.036890 0.080480 0.085360 
0.014750 0.040430 0.050680 0.038260 0.040900 
0.069580 0.058540 0.064720 0.010490 0.029920 
45
0.479817 0.014481 0.046210 
0.462778 0.970413 0.462022 
0.057405 0.015107 0.491768 
0.053602 0.006067 0.135339 0.067219 0.018087 
0.059213 0.018174 0.019406 0.044578 0.036635 
0.009835 0.066510 0.029956 0.032618 0.033435 
0.252433 0.060029 0.028282 0.008659 0.019924 
0.087130 0.033470 0.046870 0.049530 0.039770 
0.088610 0.033620 0.036890 0.080480 0.085360 
0.014750 0.040430 0.050680 0.038260 0.040900 
0.069580 0.058540 0.064720 0.010490 0.029920 
46
0.479817 0.014481 0.046210 
0.462778 0.970413 0.462022 
0.057405 0.015107 0.491768 
0.093760 0.003554 0.051223 0.058472 0.012160 
0.047665 0.015746 0.018592 0.373568 0.033652 
0.009702 0.038330 0.022147 0.049834 0.047283 
0.041264 0.035625 0.025673 0.005853 0.015898 
0.087130 0.033470 0.046870 0.049530 0.039770 
0.088610 0.033620 0.036890 0.080480 0.085360 
0.014750 0.040430 0.050680 0.038260 0.040900 
0.069580 0.058540 0.064720 0.010490 0.029920 
47
0.479817 0.014481 0.046210 
0.462778 0.970413 0.462022 
0.057405 0.015107 0.491768 
0.015811 0.004381 0.005115 0.009214 0.046170 
0.012298 0.005393 0.018401 0.007438 0.048856 
0.011797 0.005117 0.005345 0.004886 0.013413 
0.009384 0.008321 0.023706 0.707259 0.037696 
0.087130 0.033470 0.046870 0.049530 0.039770 
0.088610 0.033620 0.036890 0.080480 0.085360 
0.014750 0.040430 0.050680 0.038260 0.040900 
0.069580 0.058540 0.064720 0.010490 0.029920 
48
0.479817 0.014481 0.046210 
0.462778 0.970413 0.462022 
0.057405 0.015107 0.491768 
0.050996 0.002423 0.121872 0.458547 0.011231 
0.029746 0.011128 0.012357 0.043596 0.025718 
0.007917 0.022982 0.017204 0.044260 0.029440 
0.038654 0.029535 0.024954 0.004705 0.012734 
0.087130 0.033470 0.046870 0.049530 0.039770 
0.088610 0.033620 0.036890 0.080480 0.085360 
0.014750 0.040430 0.050680 0.038260 0.040900 
0.069580 0.058540 0.064720 0.010490 0.029920 
49
0.479817 0.014481 0.046210 
0.462778 0.970413 0.462022 
0.057405 0.015107 0.491768 
0.035684 0.002838 0.530895 0.096747 0.009190 
0.032816 0.011138 0.012229 0.033898 0.020021 
0.006129 0.049310 0.017282 0.024346 0.023182 
0.034856 0.027336 0.018069 0.003428 0.010605 
0.087130 0.033470 0.046870 0.049530 0.039770 
0.088610 0.033620 0.036890 0.080480 0.085360 
0.014750 0.040430 0.050680 0.038260 0.040900 
0.069580 0.058540 0.064720 0.010490 0.029920 
50
0.479817 0.014481 0.046210 
0.462778 0.970413 0.462022 
0.057405 0.015107 0.491768 
0.049092 0.004999 0.030336 0.035454 0.010542 
0.032282 0.010911 0.017040 0.032155 0.029222 
0.006340 0.020130 0.569416 0.018863 0.023656 
0.041800 0.028300 0.026000 0.003417 0.010044 
0.087130 0.033470 0.046870 0.049530 0.039770 
0.088610 0.033620 0.036890 0.080480 0.085360 
0.014750 0.040430 0.050680 0.038260 0.040900 
0.069580 0.058540 0.064720 0.010490 0.029920 
51
0.479817 0.014481 0.046210 
0.462778 0.970413 0.462022 
0.057405 0.015107 0.491768 
0.024416 0.006676 0.007325 0.011288 0.614947 
0.014290 0.006816 0.031460 0.008625 0.056008 
0.011507 0.006652 0.008655 0.008119 0.005646 
0.015171 0.016195 0.034375 0.025367 0.086460 
0.087130 0.033470 0.046870 0.049530 0.039770 
0.088610 0.033620 0.036890 0.080480 0.085360 
0.014750 0.040430 0.050680 0.038260 0.040900 
0.069580 0.058540 0.064720 0.010490 0.029920 
52
0.479817 0.014481 0.046210 
0.462778 0.970413 0.462022 
0.057405 0.015107 0.491768 
0.047430 0.003963 0.036538 0.046512 0.012904 
0.031873 0.015450 0.018817 0.084161 0.033225 
0.010125 0.030228 0.021637 0.033575 0.451645 
0.036775 0.035253 0.026842 0.006287 0.016759 
0.087130 0.033470 0.046870 0.049530 0.039770 
0.088610 0.033620 0.036890 0.080480 0.085360 
0.014750 0.040430 0.050680 0.038260 0.040900 
0.069580 0.058540 0.064720 0.010490 0.029920 
53
0.479817 0.014481 0.046210 
0.462778 0.970413 0.462022 
0.057405 0.015107 0.491768 
0.034834 0.007724 0.005691 0.006942 0.031054 
0.010905 0.005225 0.073485 0.007265 0.620459 
0.025663 0.006348 0.007821 0.007365 0.007896 
0.010296 0.017683 0.090492 0.006809 0.016044 
0.087130 0.033470 0.046870 0.049530 0.039770 
0.088610 0.033620 0.036890 0.080480 0.085360 
0.014750 0.040430 0.050680 0.038260 0.040900 
0.069580 0.058540 0.064720 0.010490 0.029920 
54
0.479817 0.014481 0.046210 
0.462778 0.970413 0.462022 
0.057405 0.015107 0.491768 
0.039157 0.005124 0.029179 0.029701 0.013436 
0.029893 0.010997 0.019929 0.029216 0.026089 
0.007786 0.027420 0.019524 0.021456 0.022573 
0.098175 0.519872 0.030630 0.004945 0.014898 
0.087130 0.033470 0.046870 0.049530 0.039770 
0.088610 0.033620 0.036890 0.080480 0.085360 
0.014750 0.040430 0.050680 0.038260 0.040900 
0.069580 0.058540 0.064720 0.010490 0.029920 
55
0.479817 0.014481 0.046210 
0.462778 0.970413 0.462022 
0.057405 0.015107 0.491768 
0.056457 0.009736 0.017130 0.020650 0.044984 
0.025892 0.010576 0.065597 0.021666 0.106428 
0.374701 0.015873 0.014548 0.016874 0.019966 
0.024004 0.029158 0.071830 0.009791 0.044140 
0.087130 0.033470 0.046870 0.049530 0.039770 
0.088610 0.033620 0.036890 0.080480 0.085360 
0.014750 0.040430 0.050680 0.038260 0.040900 
0.069580 0.058540 0.064720 0.010490 0.029920 
56
0.479817 0.014481 0.046210 
0.462778 0.970413 0.462022 
0.057405 0.015107 0.491768 
0.036049 0.003113 0.540108 0.046712 0.009617 
0.033219 0.011967 0.013170 0.036183 0.021475 
0.006571 0.048627 0.023194 0.023894 0.047967 
0.035033 0.028607 0.019259 0.003797 0.011438 
0.087130 0.033470 0.046870 0.049530 0.039770 
0.088610 0.033620 0.036890 0.080480 0.085360 
0.014750 0.040430 0.050680 0.038260 0.040900 
0.069580 0.058540 0.064720 0.010490 0.029920 
57
0.479817 0.014481 0.046210 
0.462778 0.970413 0.462022 
0.057405 0.015107 0.491768 
0.371818 0.008109 0.039736 0.065723 0.018220 
0.045599 0.013667 0.025971 0.043792 0.042480 
0.012520 0.033864 0.020102 0.029709 0.033577 
0.085253 0.043804 0.040761 0.006583 0.018713 
0.087130 0.033470 0.046870 0.049530 0.039770 
0.088610 0.033620 0.036890 0.080480 0.085360 
0.014750 0.040430 0.050680 0.038260 0.040900 
0.069580 0.058540 0.064720 0.010490 0.029920 
58
0.479817 0.014481 0.046210 
0.462778 0.970413 0.462022 
0.057405 0.015107 0.491768 
0.029010 0.008903 0.016097 0.018576 0.101632 
0.018974 0.028192 0.030264 0.019356 0.056565 
0.014389 0.018040 0.013311 0.013957 0.019826 
0.023444 0.021584 0.033207 0.030439 0.484231 
0.087130 0.033470 0.046870 0.049530 0.039770 
0.088610 0.033620 0.036890 0.080480 0.085360 
0.014750 0.040430 0.050680 0.038260 0.040900 
0.069580 0.058540 0.064720 0.010490 0.029920 
59
0.479817 0.014481 0.046210 
0.462778 0.970413 0.462022 
0.057405 0.015107 0.491768 
0.016907 0.004430 0.005727 0.009474 0.039456 
0.012669 0.005443 0.019845 0.007930 0.049393 
0.011820 0.005547 0.005779 0.005316 0.013159 
0.009762 0.009054 0.042817 0.692288 0.033184 
0.087130 0.033470 0.046870 0.049530 0.039770 
0.088610 0.033620 0.036890 0.080480 0.085360 
0.014750 0.040430 0.050680 0.038260 0.040900 
0.069580 0.058540 0.064720 0.010490 0.029920 
60
0.479817 0.014481 0.046210 
0.462778 0.970413 0.462022 
0.057405 0.015107 0.491768 
0.050025 0.003783 0.038299 0.049960 0.012300 
0.031238 0.022713 0.017964 0.464878 0.032159 
0.012026 0.031030 0.021612 0.035741 0.052816 
0.039939 0.035512 0.025878 0.005996 0.016131 
0.087130 0.033470 0.046870 0.049530 0.039770 
0.088610 0.033620 0.036890 0.080480 0.085360 
0.014750 0.040430 0.050680 0.038260 0.040900 
0.069580 0.058540 0.064720 0.010490 0.029920 
61
0.479817 0.014481 0.046210 
0.462778 0.970413 0.462022 
0.057405 0.015107 0.491768 
0.028549 0.006211 0.008934 0.013013 0.131659 
0.016447 0.022050 0.031418 0.013438 0.047226 
0.011979 0.016446 0.008404 0.012667 0.017537 
0.022786 0.022089 0.045949 0.025762 0.497435 
0.087130 0.033470 0.046870 0.049530 0.039770 
0.088610 0.033620 0.036890 0.080480 0.085360 
0.014750 0.040430 0.050680 0.038260 0.040900 
0.069580 0.058540 0.064720 0.010490 0.029920 
62
0.479817 0.014481 0.046210 
0.462778 0.970413 0.462022 
0.057405 0.015107 0.491768 
0.044180 0.004393 0.035331 0.043113 0.013977 
0.033483 0.014226 0.019611 0.044482 0.034540 
0.009783 0.027346 0.021110 0.502448 0.034920 
0.034537 0.032835 0.027621 0.006018 0.016048 
0.087130 0.033470 0.046870 0.049530 0.039770 
0.088610 0.033620 0.036890 0.080480 0.085360 
0.014750 0.040430 0.050680 0.038260 0.040900 
0.069580 0.058540 0.064720 0.010490 0.029920 
63
0.479817 0.014481 0.046210 
0.462778 0.970413 0.462022 
0.057405 0.015107 0.491768 
0.378201 0.012258 0.026451 0.032202 0.023140 
0.082324 0.012154 0.032849 0.030706 0.051293 
0.015201 0.021591 0.018788 0.022715 0.037680 
0.075412 0.035831 0.062588 0.007277 0.021341 
0.087130 0.033470 0.046870 0.049530 0.039770 
0.088610 0.033620 0.036890 0.080480 0.085360 
0.014750 0.040430 0.050680 0.038260 0.040900 
0.069580 0.058540 0.064720 0.010490 0.029920 
64
0.479817 0.014481 0.046210 
0.462778 0.970413 0.462022 
0.057405 0.015107 0.491768 
0.044800 0.002786 0.069417 0.522758 0.010710 
0.038394 0.011495 0.012412 0.041108 0.024486 
0.007507 0.022976 0.017603 0.036351 0.029453 
0.034878 0.035463 0.019905 0.004732 0.012766 
0.087130 0.033470 0.046870 0.049530 0.039770 
0.088610 0.033620 0.036890 0.080480 0.085360 
0.014750 0.040430 0.050680 0.038260 0.040900 
0.069580 0.058540 0.064720 0.010490 0.029920 
65
0.479817 0.014481 0.046210 
0.462778 0.970413 0.462022 
0.057405 0.015107 0.491768 
0.047333 0.005161 0.045053 0.070949 0.011724 
0.035985 0.019309 0.018811 0.368727 0.033424 
0.010363 0.037125 0.028881 0.046956 0.090562 
0.045163 0.039188 0.026148 0.004726 0.014413 
0.087130 0.033470 0.046870 0.049530 0.039770 
0.088610 0.033620 0.036890 0.080480 0.085360 
0.014750 0.040430 0.050680 0.038260 0.040900 
0.069580 0.058540 0.064720 0.010490 0.029920 
66
0.479817 0.014481 0.046210 
0.462778 0.970413 0.462022 
0.057405 0.015107 0.491768 
0.043178 0.002629 0.090662 0.536350 0.010339 
0.029669 0.010787 0.011411 0.038172 0.022972 
0.006985 0.021477 0.017061 0.035415 0.027072 
0.033653 0.026879 0.018661 0.004493 0.012136 
0.087130 0.033470 0.046870 0.049530 0.039770 
0.088610 0.033620 0.036890 0.080480 0.085360 
0.014750 0.040430 0.050680 0.038260 0.040900 
0.069580 0.058540 0.064720 0.010490 0.029920 
67
0.479817 0.014481 0.046210 
0.462778 0.970413 0.462022 
0.057405 0.015107 0.491768 
0.077704 0.003516 0.051048 0.060335 0.013121 
0.032397 0.015937 0.021783 0.292983 0.038758 
0.010940 0.031887 0.021698 0.041302 0.145043 
0.049228 0.040824 0.028061 0.006348 0.017089 
0.087130 0.033470 0.046870 0.049530 0.039770 
0.088610 0.033620 0.036890 0.080480 0.085360 
0.014750 0.040430 0.050680 0.038260 0.040900 
0.069580 0.058540 0.064720 0.010490 0.029920 
68
0.479817 0.014481 0.046210 
0.462778 0.970413 0.462022 
0.057405 0.015107 0.491768 
0.050998 0.003670 0.038763 0.050615 0.011910 
0.056264 0.015345 0.017345 0.435553 0.031150 
0.009411 0.030828 0.021641 0.035822 0.054677 
0.046690 0.042687 0.025044 0.005837 0.015750 
0.087130 0.033470 0.046870 0.049530 0.039770 
0.088610 0.033620 0.036890 0.080480 0.085360 
0.014750 0.040430 0.050680 0.038260 0.040900 
0.069580 0.058540 0.064720 0.010490 0.029920 
69
0.479817 0.014481 0.046210 
0.462778 0.970413 0.462022 
0.057405 0.015107 0.491768 
0.041240 0.007802 0.005892 0.007129 0.037670 
0.011299 0.005347 0.073184 0.007445 0.604208 
0.021366 0.006501 0.007907 0.007276 0.008084 
0.010635 0.022659 0.091326 0.006834 0.016195 
0.087130 0.033470 0.046870 0.049530 0.039770 
0.088610 0.033620 0.036890 0.080480 0.085360 
0.014750 0.040430 0.050680 0.038260 0.040900 
0.069580 0.058540 0.064720 0.010490 0.029920 
70
0.479817 0.014481 0.046210 
0.462778 0.970413 0.462022 
0.057405 0.015107 0.491768 
0.024460 0.004283 0.014805 0.015943 0.053482 
0.030248 0.014189 0.016695 0.020873 0.029592 
0.007564 0.013114 0.011555 0.012347 0.016576 
0.020152 0.018759 0.025864 0.013273 0.636226 
0.087130 0.033470 0.046870 0.049530 0.039770 
0.088610 0.033620 0.036890 0.080480 0.085360 
0.014750 0.040430 0.050680 0.038260 0.040900 
0.069580 0.058540 0.064720 0.010490 0.029920 
71
0.479817 0.014481 0.046210 
0.462778 0.970413 0.462022 
0.057405 0.020185 0.486431 
0.561151 0.008525 0.021844 0.024461 0.017568 
0.039886 0.009942 0.024685 0.023504 0.039787 
0.011132 0.017483 0.016021 0.017190 0.020528 
0.056859 0.027415 0.040258 0.005674 0.016089 
0.087129 0.033470 0.046870 0.049530 0.039770 
0.088609 0.033620 0.036899 0.080479 0.085359 
0.014750 0.040430 0.050680 0.038260 0.040900 
0.069579 0.058539 0.064719 0.010490 0.029920 
72
0.479817 0.014481 0.045709 
0.462778 0.965335 0.467861 
0.057405 0.015107 0.491768 
0.039996 0.010657 0.006521 0.006419 0.032497 
0.012464 0.005654 0.403282 0.008764 0.089993 
0.017615 0.006335 0.009886 0.006360 0.008217 
0.012975 0.023377 0.275492 0.006020 0.017473 
0.087130 0.033470 0.046870 0.049530 0.039770 
0.088610 0.033620 0.036890 0.080480 0.085360 
0.014750 0.040430 0.050680 0.038260 0.040900 
0.069580 0.058540 0.064720 0.010490 0.029920 
73
0.479817 0.014481 0.046210 
0.462778 0.970413 0.462022 
0.057405 0.015107 0.491768 
0.059399 0.011110 0.019248 0.018765 0.236997 
0.034366 0.015507 0.138832 0.021212 0.146422 
0.024287 0.018335 0.015696 0.016226 0.022903 
0.027928 0.030003 0.084932 0.014658 0.043176 
0.087130 0.033470 0.046870 0.049530 0.039770 
0.088610 0.033620 0.036890 0.080480 0.085360 
0.014750 0.040430 0.050680 0.038260 0.040900 
0.069580 0.058540 0.064720 0.010490 0.029920 
74
0.479817 0.014481 0.046210 
0.462778 0.970413 0.462022 
0.057405 0.015107 0.491768 
0.045076 0.003012 0.467151 0.067024 0.009765 
0.036362 0.012742 0.014883 0.039707 0.022268 
0.007048 0.085226 0.018665 0.026254 0.025496 
0.051670 0.032931 0.020626 0.003161 0.010933 
0.087130 0.033470 0.046870 0.049530 0.039770 
0.088610 0.033620 0.036890 0.080480 0.085360 
0.014750 0.040430 0.050680 0.038260 0.040900 
0.069580 0.058540 0.064720 0.010490 0.029920 
75
0.479817 0.014481 0.046210 
0.462778 0.970413 0.462022 
0.057405 0.015107 0.491768 
0.492772 0.010429 0.022990 0.027480 0.022559 
0.044172 0.010777 0.029877 0.026296 0.047465 
0.013519 0.019002 0.016674 0.019657 0.022944 
0.061256 0.037997 0.049146 0.006442 0.018544 
0.087130 0.033470 0.046870 0.049530 0.039770 
0.088610 0.033620 0.036890 0.080480 0.085360 
0.014750 0.040430 0.050680 0.038260 0.040900 
0.069580 0.058540 0.064720 0.010490 0.029920 
76
0.479817 0.014481 0.046210 
0.462778 0.970413 0.462022 
0.057405 0.015107 0.491768 
0.032326 0.008160 0.005891 0.009960 0.520457 
0.012696 0.008587 0.062176 0.007904 0.103200 
0.019872 0.006569 0.008242 0.008245 0.006218 
0.014656 0.018282 0.063239 0.022366 0.060955 
0.087130 0.033470 0.046870 0.049530 0.039770 
0.088610 0.033620 0.036890 0.080480 0.085360 
0.014750 0.040430 0.050680 0.038260 0.040900 
0.069580 0.058540 0.064720 0.010490 0.029920 
77
0.479817 0.014481 0.046210 
0.462778 0.970413 0.462022 
0.057405 0.015107 0.491768 
0.336157 0.010603 0.031666 0.043151 0.022283 
0.049491 0.013518 0.031971 0.037967 0.050519 
0.014748 0.028493 0.020682 0.038607 0.030642 
0.107036 0.039909 0.063966 0.007349 0.021242 
0.087130 0.033470 0.046870 0.049530 0.039770 
0.088610 0.033620 0.036890 0.080480 0.085360 
0.014750 0.040430 0.050680 0.038260 0.040900 
0.069580 0.058540 0.064720 0.010490 0.029920 
78
0.479817 0.014481 0.046210 
0.462778 0.970413 0.462022 
0.057405 0.015107 0.491768 
0.050529 0.004129 0.040553 0.052683 0.013314 
0.033200 0.016156 0.018742 0.055732 0.033473 
0.010227 0.035278 0.022436 0.399978 0.085784 
0.039637 0.037353 0.027318 0.006362 0.017116 
0.087130 0.033470 0.046870 0.049530 0.039770 
0.088610 0.033620 0.036890 0.080480 0.085360 
0.014750 0.040430 0.050680 0.038260 0.040900 
0.069580 0.058540 0.064720 0.010490 0.029920 
79
0.479817 0.014481 0.046210 
0.462778 0.970413 0.462022 
0.057405 0.015107 0.491768 
0.055535 0.005182 0.057329 0.040819 0.014596 
0.051111 0.016332 0.016817 0.042759 0.029604 
0.008999 0.393752 0.025137 0.028223 0.033377 
0.094958 0.037627 0.024496 0.006374 0.016974 
0.087130 0.033470 0.046870 0.049530 0.039770 
0.088610 0.033620 0.036890 0.080480 0.085360 
0.014750 0.040430 0.050680 0.038260 0.040900 
0.069580 0.058540 0.064720 0.010490 0.029920 
80
0.479817 0.014481 0.046210 
0.462778 0.970413 0.462022 
0.057405 0.078960 0.432140 
0.055984 0.005261 0.065143 0.044697 0.015059 
0.071575 0.020172 0.016923 0.055094 0.030276 
0.009479 0.360974 0.026701 0.031259 0.037108 
0.067390 0.038026 0.024292 0.006751 0.017837 
0.087141 0.033466 0.046865 0.049524 0.039766 
0.088692 0.033616 0.036886 0.080471 0.085350 
0.014748 0.040425 0.050674 0.038256 0.040895 
0.069572 0.058533 0.064713 0.010489 0.029917 
81
0.479817 0.014481 0.040607 
0.462778 0.906559 0.527253 
0.057405 0.015107 0.491768 
0.078605 0.006483 0.047445 0.057915 0.024017 
0.065298 0.074728 0.030989 0.057382 0.064556 
0.015260 0.037172 0.023868 0.206749 0.044400 
0.046289 0.045377 0.038035 0.009863 0.025568 
0.087130 0.033470 0.046870 0.049530 0.039770 
0.088610 0.033620 0.036890 0.080480 0.085360 
0.014750 0.040430 0.050680 0.038260 0.040900 
0.069580 0.058540 0.064720 0.010490 0.029920 
82
0.479817 0.014481 0.046210 
0.462778 0.970413 0.462022 
0.057405 0.015107 0.491768 
0.070745 0.011235 0.018603 0.020265 0.052886 
0.026944 0.014486 0.073350 0.022552 0.296763 
0.127218 0.016792 0.012511 0.030711 0.024180 
0.021851 0.029233 0.078630 0.011044 0.040002 
0.087130 0.033470 0.046870 0.049530 0.039770 
0.088610 0.033620 0.036890 0.080480 0.085360 
0.014750 0.040430 0.050680 0.038260 0.040900 
0.069580 0.058540 0.064720 0.010490 0.029920 
83
0.479817 0.014481 0.046210 
0.462778 0.970413 0.462022 
0.057405 0.015107 0.491768 
0.048206 0.005601 0.093981 0.070790 0.016820 
0.078107 0.020134 0.017513 0.048526 0.031068 
0.009736 0.292687 0.028292 0.039531 0.035510 
0.065588 0.047292 0.024186 0.007399 0.019032 
0.087130 0.033470 0.046870 0.049530 0.039770 
0.088610 0.033620 0.036890 0.080480 0.085360 
