%  SAM: modelfromalign v3.5 (July 15, 2005) compiled 12/05/20_11:48:22
%  (c) 1992-2001 Regents of the University of California, Santa Cruz
%
%          Sequence Alignment and Modeling Software System
%         http://www.cse.ucsc.edu/research/compbio/sam.html
%
% ----------------- Citations (SAM, SAM-T2K, HMMs) --------------------
% R. Hughey, A. Krogh, Hidden Markov models for sequence analysis:
%  Extension and analysis of the basic method, CABIOS 12:95-107, 1996.
% K. Karplus, et al., What is the value added by human intervention in protein
%  structure prediction, Proteins: Stucture, Function, Genetics 45(S5):86--91, 2001.
% A. Krogh et al., Hidden Markov models in computational biology:
%  Applications to protein modeling, JMB 235:1501-1531, Feb 1994.
% ---------------------------------------------------------------------
%  trimmed-uniq   Host: gauntlet    Thu Feb 11 16:20:40 2021
%  dgpinheiro     Dir:  /data/GitHub/sfFinder/example/output/subfamily/TEST1/flowerpower/fp-workspace/iter3
% ---------------------------------------------------------------------
% Prior File:  Internal (Name: recode3.20comp) 
%   20 priors on 20 characters.
%  Alignment weights from internal calc.  Total (1.56) Max (0.00) Min (0.00)
%  Weights from alignment method 1 (karplus), b=0.500000, e=0.500000
MODEL --  Model from alignment file trimmed-uniq.a2m
alphabet protein
FREQAVE
0.000000 0.000000 0.000000 
0.000000 0.000000 0.000000 
0.000000 0.000000 0.000000 
0.073230 0.015714 0.056926 0.066542 0.049643 
0.061761 0.028615 0.052066 0.058197 0.085110 
0.025957 0.041843 0.045311 0.042474 0.052338 
0.059151 0.053804 0.060954 0.023471 0.046895 
0.073230 0.015714 0.056926 0.066542 0.049643 
0.061761 0.028615 0.052066 0.058197 0.085110 
0.025957 0.041843 0.045311 0.042474 0.052338 
0.059151 0.053804 0.060954 0.023471 0.046895 
Begin
0.000000 0.000000 0.000000 
0.000000 0.000000 0.000000 
0.000000 0.102161 0.806495 
0.000000 0.000000 0.000000 0.000000 0.000000 
0.000000 0.000000 0.000000 0.000000 0.000000 
0.000000 0.000000 0.000000 0.000000 0.000000 
0.000000 0.000000 0.000000 0.000000 0.000000 
0.087137 0.033411 0.046875 0.049460 0.039687 
0.088503 0.033556 0.036842 0.080766 0.085463 
0.014903 0.040444 0.050638 0.038240 0.040937 
0.069510 0.058600 0.064638 0.010468 0.029923 
1
0.000000 0.014481 0.062791 
0.000000 0.883358 0.130713 
0.041829 0.016477 0.491768 
0.075340 0.011832 0.054103 0.075224 0.032523 
0.050942 0.025334 0.052928 0.081544 0.083054 
0.027541 0.044464 0.043506 0.047402 0.062930 
0.063810 0.059582 0.065088 0.011149 0.031703 
0.087130 0.033470 0.046870 0.049530 0.039770 
0.088610 0.033620 0.036890 0.080480 0.085360 
0.014750 0.040430 0.050680 0.038260 0.040900 
0.069580 0.058540 0.064720 0.010490 0.029920 
2
0.620965 0.015794 0.046210 
0.337206 0.967728 0.462022 
0.041829 0.016477 0.491768 
0.077559 0.010762 0.062298 0.080942 0.027850 
0.063805 0.025268 0.040384 0.080116 0.065065 
0.019214 0.049204 0.056036 0.047632 0.070817 
0.069337 0.060966 0.053358 0.010126 0.029261 
0.087130 0.033470 0.046870 0.049530 0.039770 
0.088610 0.033620 0.036890 0.080480 0.085360 
0.014750 0.040430 0.050680 0.038260 0.040900 
0.069580 0.058540 0.064720 0.010490 0.029920 
3
0.619812 0.015794 0.046210 
0.338359 0.967728 0.462022 
0.041877 0.016471 0.491768 
0.076713 0.013244 0.042506 0.060668 0.038622 
0.042290 0.022338 0.076169 0.060179 0.125993 
0.029598 0.036124 0.041540 0.039403 0.051604 
0.055307 0.054861 0.087953 0.012022 0.032868 
0.087130 0.033470 0.046870 0.049530 0.039770 
0.088610 0.033620 0.036890 0.080480 0.085360 
0.014750 0.040430 0.050680 0.038260 0.040900 
0.069580 0.058540 0.064720 0.010490 0.029920 
4
0.620527 0.015788 0.046210 
0.337596 0.967741 0.462022 
0.041877 0.016471 0.491768 
0.073376 0.011251 0.064238 0.076608 0.031222 
0.066139 0.026792 0.042586 0.071292 0.073232 
0.020173 0.059301 0.047289 0.046403 0.060440 
0.068862 0.061229 0.054836 0.011290 0.033443 
0.087130 0.033470 0.046870 0.049530 0.039770 
0.088610 0.033620 0.036890 0.080480 0.085360 
0.014750 0.040430 0.050680 0.038260 0.040900 
0.069580 0.058540 0.064720 0.010490 0.029920 
5
0.620527 0.015788 0.046210 
0.337596 0.967741 0.462022 
0.041877 0.016471 0.491768 
0.078451 0.011753 0.058101 0.078040 0.031683 
0.053872 0.024996 0.047800 0.072504 0.082596 
0.022037 0.047812 0.051190 0.046735 0.060897 
0.066346 0.060954 0.061437 0.010810 0.031985 
0.087130 0.033470 0.046870 0.049530 0.039770 
0.088610 0.033620 0.036890 0.080480 0.085360 
0.014750 0.040430 0.050680 0.038260 0.040900 
0.069580 0.058540 0.064720 0.010490 0.029920 
6
0.460451 0.015788 0.046210 
0.497672 0.967741 0.462022 
0.049858 0.015635 0.491768 
0.064503 0.004661 0.045315 0.059103 0.016948 
0.038838 0.018387 0.027113 0.135563 0.046448 
0.013743 0.035876 0.025979 0.041580 0.274695 
0.044952 0.041018 0.035314 0.008215 0.021750 
0.087130 0.033470 0.046870 0.049530 0.039770 
0.088610 0.033620 0.036890 0.080480 0.085360 
0.014750 0.040430 0.050680 0.038260 0.040900 
0.069580 0.058540 0.064720 0.010490 0.029920 
7
0.548206 0.014987 0.046210 
0.401936 0.969377 0.462022 
0.049858 0.015635 0.491768 
0.068016 0.003454 0.131242 0.301408 0.015399 
0.038918 0.015461 0.018417 0.060200 0.035619 
0.010601 0.033989 0.022450 0.051674 0.047160 
0.056632 0.037988 0.027287 0.006629 0.017456 
0.087130 0.033470 0.046870 0.049530 0.039770 
0.088610 0.033620 0.036890 0.080480 0.085360 
0.014750 0.040430 0.050680 0.038260 0.040900 
0.069580 0.058540 0.064720 0.010490 0.029920 
8
0.548206 0.014987 0.046210 
0.401936 0.969377 0.462022 
0.049858 0.015635 0.491768 
0.071036 0.004378 0.091731 0.067048 0.015503 
0.041806 0.018273 0.024056 0.280532 0.042059 
0.012151 0.047301 0.028091 0.044789 0.057607 
0.048460 0.046122 0.032094 0.007271 0.019690 
0.087130 0.033470 0.046870 0.049530 0.039770 
0.088610 0.033620 0.036890 0.080480 0.085360 
0.014750 0.040430 0.050680 0.038260 0.040900 
0.069580 0.058540 0.064720 0.010490 0.029920 
9
0.548206 0.014987 0.046210 
0.401936 0.969377 0.462022 
0.049858 0.015635 0.491768 
0.042576 0.007642 0.018593 0.022196 0.094206 
0.029381 0.021254 0.035873 0.021786 0.059768 
0.015177 0.018979 0.014912 0.017876 0.023260 
0.029940 0.028843 0.048578 0.032825 0.416335 
0.087130 0.033470 0.046870 0.049530 0.039770 
0.088610 0.033620 0.036890 0.080480 0.085360 
0.014750 0.040430 0.050680 0.038260 0.040900 
0.069580 0.058540 0.064720 0.010490 0.029920 
10
0.546963 0.014987 0.046210 
0.403179 0.969377 0.462022 
0.049920 0.015630 0.491768 
0.229839 0.011655 0.038058 0.044718 0.032674 
0.057429 0.018300 0.051934 0.045631 0.077441 
0.021470 0.030344 0.027463 0.033343 0.049869 
0.049676 0.047996 0.075011 0.011199 0.045949 
0.087130 0.033470 0.046870 0.049530 0.039770 
0.088610 0.033620 0.036890 0.080480 0.085360 
0.014750 0.040430 0.050680 0.038260 0.040900 
0.069580 0.058540 0.064720 0.010490 0.029920 
11
0.547644 0.014982 0.046210 
0.402436 0.969387 0.462022 
0.049920 0.015630 0.491768 
0.073521 0.008957 0.082356 0.051489 0.031255 
0.068941 0.024775 0.037877 0.044880 0.067697 
0.016524 0.055631 0.039183 0.032879 0.042964 
0.134305 0.093247 0.047600 0.012530 0.033388 
0.087130 0.033470 0.046870 0.049530 0.039770 
0.088610 0.033620 0.036890 0.080480 0.085360 
0.014750 0.040430 0.050680 0.038260 0.040900 
0.069580 0.058540 0.064720 0.010490 0.029920 
12
0.418517 0.014982 0.046210 
0.531563 0.969387 0.462022 
0.057322 0.015112 0.491768 
0.060230 0.010984 0.013345 0.015098 0.044742 
0.023721 0.010529 0.093508 0.016182 0.260180 
0.217050 0.012902 0.012207 0.014065 0.017375 
0.019229 0.039370 0.083658 0.010289 0.025335 
0.087130 0.033470 0.046870 0.049530 0.039770 
0.088610 0.033620 0.036890 0.080480 0.085360 
0.014750 0.040430 0.050680 0.038260 0.040900 
0.069580 0.058540 0.064720 0.010490 0.029920 
13
0.480572 0.014485 0.046210 
0.462106 0.970403 0.462022 
0.057322 0.015112 0.491768 
0.088258 0.006710 0.033908 0.036674 0.017876 
0.035126 0.013297 0.027609 0.036464 0.037463 
0.011091 0.031861 0.022642 0.026754 0.028376 
0.088494 0.391447 0.040850 0.006333 0.018766 
0.087130 0.033470 0.046870 0.049530 0.039770 
0.088610 0.033620 0.036890 0.080480 0.085360 
0.014750 0.040430 0.050680 0.038260 0.040900 
0.069580 0.058540 0.064720 0.010490 0.029920 
14
0.479840 0.014485 0.046210 
0.462838 0.970403 0.462022 
0.057364 0.015109 0.491768 
0.046538 0.004638 0.035698 0.041943 0.014748 
0.036885 0.015006 0.020786 0.046275 0.036270 
0.010273 0.028440 0.022666 0.029616 0.488083 
0.035494 0.033578 0.029015 0.006600 0.017447 
0.087130 0.033470 0.046870 0.049530 0.039770 
0.088610 0.033620 0.036890 0.080480 0.085360 
0.014750 0.040430 0.050680 0.038260 0.040900 
0.069580 0.058540 0.064720 0.010490 0.029920 
15
0.480192 0.014483 0.046210 
0.462445 0.970408 0.462022 
0.057364 0.015109 0.491768 
0.043127 0.003894 0.402952 0.054193 0.012001 
0.120359 0.013847 0.015169 0.037724 0.024141 
0.007401 0.072429 0.021549 0.025505 0.025901 
0.045740 0.034931 0.021402 0.004458 0.013275 
0.087130 0.033470 0.046870 0.049530 0.039770 
0.088610 0.033620 0.036890 0.080480 0.085360 
0.014750 0.040430 0.050680 0.038260 0.040900 
0.069580 0.058540 0.064720 0.010490 0.029920 
16
0.480192 0.014483 0.046210 
0.462445 0.970408 0.462022 
0.057364 0.015109 0.491768 
0.040692 0.008420 0.008305 0.010128 0.033225 
0.013842 0.006548 0.064004 0.010761 0.585687 
0.029019 0.008579 0.009506 0.009557 0.010859 
0.013380 0.030354 0.081588 0.007546 0.018002 
0.087130 0.033470 0.046870 0.049530 0.039770 
0.088610 0.033620 0.036890 0.080480 0.085360 
0.014750 0.040430 0.050680 0.038260 0.040900 
0.069580 0.058540 0.064720 0.010490 0.029920 
17
0.479472 0.014483 0.046210 
0.463164 0.970408 0.462022 
0.057405 0.015107 0.491768 
0.160255 0.007842 0.064204 0.038988 0.021898 
0.273314 0.017616 0.028563 0.037952 0.043335 
0.014109 0.050812 0.026375 0.025832 0.029425 
0.057621 0.035748 0.034816 0.008756 0.022541 
0.087130 0.033470 0.046870 0.049530 0.039770 
0.088610 0.033620 0.036890 0.080480 0.085360 
0.014750 0.040430 0.050680 0.038260 0.040900 
0.069580 0.058540 0.064720 0.010490 0.029920 
18
0.479817 0.014481 0.046210 
0.462778 0.970413 0.462022 
0.057405 0.015107 0.491768 
0.017218 0.004849 0.008469 0.010365 0.034469 
0.017084 0.005939 0.017091 0.008637 0.042482 
0.010159 0.006914 0.007786 0.005711 0.012960 
0.011231 0.009888 0.022324 0.716871 0.029551 
0.087130 0.033470 0.046870 0.049530 0.039770 
0.088610 0.033620 0.036890 0.080480 0.085360 
0.014750 0.040430 0.050680 0.038260 0.040900 
0.069580 0.058540 0.064720 0.010490 0.029920 
19
0.479817 0.014481 0.046210 
0.462778 0.970413 0.462022 
0.057405 0.015107 0.491768 
0.079730 0.002271 0.147389 0.335286 0.012992 
0.033355 0.011930 0.013840 0.053132 0.029704 
0.008841 0.026800 0.018011 0.061004 0.032897 
0.052678 0.039368 0.021824 0.005138 0.013810 
0.087130 0.033470 0.046870 0.049530 0.039770 
0.088610 0.033620 0.036890 0.080480 0.085360 
0.014750 0.040430 0.050680 0.038260 0.040900 
0.069580 0.058540 0.064720 0.010490 0.029920 
20
0.479817 0.014481 0.046210 
0.462778 0.970413 0.462022 
0.057405 0.015107 0.491768 
0.060630 0.008237 0.035410 0.035968 0.036415 
0.042024 0.014918 0.039687 0.034776 0.066365 
0.014446 0.033747 0.053592 0.026432 0.027892 
0.082405 0.301594 0.053210 0.008306 0.023944 
0.087130 0.033470 0.046870 0.049530 0.039770 
0.088610 0.033620 0.036890 0.080480 0.085360 
0.014750 0.040430 0.050680 0.038260 0.040900 
0.069580 0.058540 0.064720 0.010490 0.029920 
21
0.479817 0.014481 0.046210 
0.462778 0.970413 0.462022 
0.057405 0.015107 0.491768 
0.049475 0.006836 0.035811 0.033969 0.016506 
0.040767 0.012232 0.025087 0.030807 0.026241 
0.008722 0.037280 0.023901 0.024617 0.022311 
0.223675 0.317042 0.040568 0.005678 0.018475 
0.087130 0.033470 0.046870 0.049530 0.039770 
0.088610 0.033620 0.036890 0.080480 0.085360 
0.014750 0.040430 0.050680 0.038260 0.040900 
0.069580 0.058540 0.064720 0.010490 0.029920 
22
0.479817 0.014481 0.046210 
0.462778 0.970413 0.462022 
0.057405 0.015107 0.491768 
0.028871 0.005257 0.015900 0.016572 0.055981 
0.024706 0.014445 0.024658 0.016702 0.040697 
0.009885 0.013895 0.012926 0.012772 0.016995 
0.021501 0.020664 0.032788 0.013783 0.601001 
0.087130 0.033470 0.046870 0.049530 0.039770 
0.088610 0.033620 0.036890 0.080480 0.085360 
0.014750 0.040430 0.050680 0.038260 0.040900 
0.069580 0.058540 0.064720 0.010490 0.029920 
23
0.479817 0.014481 0.046210 
0.462778 0.970413 0.462022 
0.057405 0.015107 0.491768 
0.069515 0.003808 0.073985 0.255011 0.016439 
0.036608 0.016096 0.021795 0.062864 0.040339 
0.011717 0.031986 0.022319 0.126133 0.050909 
0.047020 0.037264 0.050154 0.007194 0.018845 
0.087130 0.033470 0.046870 0.049530 0.039770 
0.088610 0.033620 0.036890 0.080480 0.085360 
0.014750 0.040430 0.050680 0.038260 0.040900 
0.069580 0.058540 0.064720 0.010490 0.029920 
24
0.479817 0.014481 0.046210 
0.462778 0.970413 0.462022 
0.057405 0.015107 0.491768 
0.063027 0.004672 0.057669 0.038346 0.020726 
0.044607 0.012423 0.029482 0.055326 0.047203 
0.007558 0.034072 0.333945 0.026877 0.036122 
0.068727 0.049174 0.043303 0.007026 0.019714 
0.087130 0.033470 0.046870 0.049530 0.039770 
0.088610 0.033620 0.036890 0.080480 0.085360 
0.014750 0.040430 0.050680 0.038260 0.040900 
0.069580 0.058540 0.064720 0.010490 0.029920 
25
0.479817 0.014481 0.046210 
0.462778 0.970413 0.462022 
0.057405 0.015107 0.491768 
0.071949 0.007427 0.043505 0.073654 0.027338 
0.050079 0.021514 0.042650 0.068423 0.065272 
0.190265 0.035344 0.028173 0.037296 0.058747 
0.043606 0.043323 0.049982 0.011448 0.030005 
0.087130 0.033470 0.046870 0.049530 0.039770 
0.088610 0.033620 0.036890 0.080480 0.085360 
0.014750 0.040430 0.050680 0.038260 0.040900 
0.069580 0.058540 0.064720 0.010490 0.029920 
26
0.479817 0.014481 0.046210 
0.462778 0.970413 0.462022 
0.057405 0.015107 0.491768 
0.058640 0.003237 0.353017 0.118188 0.012379 
0.039967 0.014178 0.016308 0.052238 0.027623 
0.008559 0.064789 0.020995 0.045261 0.031064 
0.056104 0.036083 0.023227 0.004524 0.013621 
0.087130 0.033470 0.046870 0.049530 0.039770 
0.088610 0.033620 0.036890 0.080480 0.085360 
0.014750 0.040430 0.050680 0.038260 0.040900 
0.069580 0.058540 0.064720 0.010490 0.029920 
27
0.479817 0.014481 0.046210 
0.462778 0.970413 0.462022 
0.057405 0.015107 0.491768 
0.073042 0.003442 0.081922 0.138085 0.013264 
0.035109 0.016499 0.021011 0.265778 0.038470 
0.010578 0.034692 0.023018 0.055269 0.053106 
0.045642 0.035597 0.032524 0.006169 0.016784 
0.087130 0.033470 0.046870 0.049530 0.039770 
0.088610 0.033620 0.036890 0.080480 0.085360 
0.014750 0.040430 0.050680 0.038260 0.040900 
0.069580 0.058540 0.064720 0.010490 0.029920 
28
0.479817 0.014481 0.046210 
0.462778 0.970413 0.462022 
0.057405 0.015107 0.491768 
0.063609 0.012431 0.007581 0.007159 0.034541 
0.015138 0.006356 0.210190 0.010081 0.094029 
0.017336 0.007066 0.011314 0.006909 0.009259 
0.016080 0.027837 0.417668 0.006170 0.019244 
0.087130 0.033470 0.046870 0.049530 0.039770 
0.088610 0.033620 0.036890 0.080480 0.085360 
0.014750 0.040430 0.050680 0.038260 0.040900 
0.069580 0.058540 0.064720 0.010490 0.029920 
29
0.479817 0.014481 0.046210 
0.462778 0.970413 0.462022 
0.057405 0.015107 0.491768 
0.030310 0.007440 0.009090 0.013264 0.569797 
0.016168 0.007931 0.039773 0.011115 0.067187 
0.014194 0.008483 0.009913 0.009933 0.008237 
0.017227 0.019034 0.042275 0.023961 0.074670 
0.087130 0.033470 0.046870 0.049530 0.039770 
0.088610 0.033620 0.036890 0.080480 0.085360 
0.014750 0.040430 0.050680 0.038260 0.040900 
0.069580 0.058540 0.064720 0.010490 0.029920 
30
0.479817 0.014481 0.046210 
0.462778 0.970413 0.462022 
0.057405 0.015107 0.491768 
0.050177 0.004081 0.033403 0.033231 0.016339 
0.036358 0.011070 0.023261 0.048886 0.038556 
0.006925 0.026199 0.481261 0.023512 0.034487 
0.040967 0.034838 0.034430 0.005791 0.016228 
0.087130 0.033470 0.046870 0.049530 0.039770 
0.088610 0.033620 0.036890 0.080480 0.085360 
0.014750 0.040430 0.050680 0.038260 0.040900 
0.069580 0.058540 0.064720 0.010490 0.029920 
31
0.479817 0.087842 0.046210 
0.462778 0.897051 0.462022 
0.043213 0.016303 0.491768 
0.095571 0.007767 0.067300 0.097198 0.030161 
0.063707 0.030272 0.040542 0.067166 0.064122 
0.018542 0.046802 0.035095 0.077716 0.053297 
0.059384 0.050722 0.049744 0.012347 0.032544 
0.087130 0.033470 0.046870 0.049530 0.039770 
0.088610 0.033620 0.036890 0.080480 0.085360 
0.014750 0.040430 0.050680 0.038260 0.040900 
0.069580 0.058540 0.064720 0.010490 0.029920 
32
0.608420 0.029470 0.046210 
0.348367 0.954228 0.462022 
0.041423 0.016532 0.491768 
0.082161 0.013468 0.057550 0.073994 0.033103 
0.060405 0.024191 0.050797 0.065819 0.077701 
0.021541 0.045476 0.053513 0.042849 0.056323 
0.068515 0.062511 0.065897 0.011345 0.032840 
0.087130 0.033470 0.046870 0.049530 0.039770 
0.088610 0.033620 0.036890 0.080480 0.085360 
0.014750 0.040430 0.050680 0.038260 0.040900 
0.069580 0.058540 0.064720 0.010490 0.029920 
33
0.387663 0.016367 0.046210 
0.570914 0.967101 0.462022 
0.054179 0.015310 0.491768 
0.041577 0.009073 0.015332 0.018395 0.237583 
0.030123 0.022161 0.041546 0.014127 0.080952 
0.017679 0.017963 0.013173 0.014951 0.017529 
0.028001 0.028932 0.051461 0.036440 0.263002 
0.087130 0.033470 0.046870 0.049530 0.039770 
0.088610 0.033620 0.036890 0.080480 0.085360 
0.014750 0.040430 0.050680 0.038260 0.040900 
0.069580 0.058540 0.064720 0.010490 0.029920 
34
0.454859 0.014676 0.046210 
0.490963 0.970014 0.462022 
0.057283 0.015114 0.491768 
0.062471 0.003792 0.322534 0.098729 0.013996 
0.044570 0.015193 0.019455 0.052105 0.029666 
0.009060 0.073086 0.023052 0.035432 0.030506 
0.070065 0.047542 0.028949 0.004992 0.014805 
0.087130 0.033470 0.046870 0.049530 0.039770 
0.088610 0.033620 0.036890 0.080480 0.085360 
0.014750 0.040430 0.050680 0.038260 0.040900 
0.069580 0.058540 0.064720 0.010490 0.029920 
35
0.478797 0.014488 0.046210 
0.463919 0.970398 0.462022 
0.057405 0.015107 0.491768 
0.102284 0.004113 0.061528 0.075600 0.016723 
0.071902 0.019684 0.028771 0.209205 0.049193 
0.013194 0.042016 0.028196 0.054779 0.065051 
0.050688 0.046098 0.033581 0.007410 0.019986 
0.087130 0.033470 0.046870 0.049530 0.039770 
0.088610 0.033620 0.036890 0.080480 0.085360 
0.014750 0.040430 0.050680 0.038260 0.040900 
0.069580 0.058540 0.064720 0.010490 0.029920 
36
0.479817 0.014481 0.046210 
0.462778 0.970413 0.462022 
0.057405 0.015107 0.491768 
0.044375 0.007788 0.015084 0.021256 0.171666 
0.027118 0.024304 0.032524 0.016519 0.056457 
0.014325 0.017762 0.012409 0.015769 0.020623 
0.032361 0.029829 0.046130 0.028716 0.364984 
0.087130 0.033470 0.046870 0.049530 0.039770 
0.088610 0.033620 0.036890 0.080480 0.085360 
0.014750 0.040430 0.050680 0.038260 0.040900 
0.069580 0.058540 0.064720 0.010490 0.029920 
37
0.479817 0.014481 0.046210 
0.462778 0.970413 0.462022 
0.057405 0.015107 0.491768 
0.054431 0.003242 0.067187 0.431503 0.016033 
0.049319 0.013728 0.015731 0.060524 0.030417 
0.009345 0.027880 0.020096 0.043490 0.036515 
0.041337 0.034120 0.024229 0.005671 0.015204 
0.087130 0.033470 0.046870 0.049530 0.039770 
0.088610 0.033620 0.036890 0.080480 0.085360 
0.014750 0.040430 0.050680 0.038260 0.040900 
0.069580 0.058540 0.064720 0.010490 0.029920 
38
0.479817 0.014481 0.046210 
0.462778 0.970413 0.462022 
0.057405 0.015107 0.491768 
0.048905 0.003184 0.040786 0.018903 0.007514 
0.672030 0.007412 0.009971 0.021164 0.016001 
0.005916 0.024537 0.015827 0.012493 0.019315 
0.031792 0.019464 0.010987 0.003669 0.010129 
0.087130 0.033470 0.046870 0.049530 0.039770 
0.088610 0.033620 0.036890 0.080480 0.085360 
0.014750 0.040430 0.050680 0.038260 0.040900 
0.069580 0.058540 0.064720 0.010490 0.029920 
39
0.479817 0.014481 0.046210 
0.462778 0.970413 0.462022 
0.057405 0.015107 0.491768 
0.042782 0.010105 0.007691 0.008556 0.034956 
0.014604 0.006411 0.467161 0.010073 0.112692 
0.021592 0.007805 0.010304 0.008282 0.009942 
0.013987 0.023166 0.163803 0.007222 0.018867 
0.087130 0.033470 0.046870 0.049530 0.039770 
0.088610 0.033620 0.036890 0.080480 0.085360 
0.014750 0.040430 0.050680 0.038260 0.040900 
0.069580 0.058540 0.064720 0.010490 0.029920 
40
0.479817 0.014481 0.046210 
0.462778 0.970413 0.462022 
0.057405 0.015107 0.491768 
0.071791 0.004789 0.045696 0.061836 0.016299 
0.036065 0.019772 0.032644 0.265338 0.048900 
0.013723 0.033649 0.036281 0.042531 0.123391 
0.043205 0.036781 0.038902 0.007746 0.020660 
0.087130 0.033470 0.046870 0.049530 0.039770 
0.088610 0.033620 0.036890 0.080480 0.085360 
0.014750 0.040430 0.050680 0.038260 0.040900 
0.069580 0.058540 0.064720 0.010490 0.029920 
41
0.479817 0.014481 0.046210 
0.462778 0.970413 0.462022 
0.057405 0.015107 0.491768 
0.060588 0.010686 0.012286 0.013847 0.034390 
0.031734 0.008431 0.421478 0.016003 0.096308 
0.023067 0.011492 0.012981 0.012027 0.014792 
0.019880 0.032959 0.138761 0.007592 0.020696 
0.087130 0.033470 0.046870 0.049530 0.039770 
0.088610 0.033620 0.036890 0.080480 0.085360 
0.014750 0.040430 0.050680 0.038260 0.040900 
0.069580 0.058540 0.064720 0.010490 0.029920 
42
0.479817 0.014481 0.046210 
0.462778 0.970413 0.462022 
0.057405 0.015107 0.491768 
0.060484 0.006582 0.053773 0.098511 0.025715 
0.048217 0.202485 0.028340 0.061803 0.047659 
0.014480 0.042365 0.026901 0.037596 0.044338 
0.050384 0.073157 0.036871 0.011625 0.028712 
0.087130 0.033470 0.046870 0.049530 0.039770 
0.088610 0.033620 0.036890 0.080480 0.085360 
0.014750 0.040430 0.050680 0.038260 0.040900 
0.069580 0.058540 0.064720 0.010490 0.029920 
43
0.479817 0.014481 0.046210 
0.462778 0.970413 0.462022 
0.057405 0.015107 0.491768 
0.059002 0.003363 0.420601 0.075314 0.011212 
0.047323 0.013778 0.016192 0.043644 0.025136 
0.007868 0.077389 0.020321 0.030037 0.028334 
0.046328 0.035238 0.022494 0.003906 0.012520 
0.087130 0.033470 0.046870 0.049530 0.039770 
0.088610 0.033620 0.036890 0.080480 0.085360 
0.014750 0.040430 0.050680 0.038260 0.040900 
0.069580 0.058540 0.064720 0.010490 0.029920 
44
0.479817 0.014481 0.046210 
0.462778 0.970413 0.462022 
0.057405 0.015107 0.491768 
0.020479 0.005066 0.010505 0.013196 0.069767 
0.015537 0.012324 0.022251 0.012857 0.046412 
0.011074 0.010870 0.009575 0.009750 0.016263 
0.016559 0.015638 0.023415 0.596216 0.062249 
0.087130 0.033470 0.046870 0.049530 0.039770 
0.088610 0.033620 0.036890 0.080480 0.085360 
0.014750 0.040430 0.050680 0.038260 0.040900 
0.069580 0.058540 0.064720 0.010490 0.029920 
45
0.479817 0.014481 0.046210 
0.462778 0.970413 0.462022 
0.057405 0.015107 0.491768 
0.048100 0.003527 0.381367 0.092052 0.012349 
0.041456 0.014532 0.016616 0.045163 0.031009 
0.008377 0.081057 0.021377 0.032947 0.029788 
0.061560 0.036500 0.023261 0.005340 0.013624 
0.087130 0.033470 0.046870 0.049530 0.039770 
0.088610 0.033620 0.036890 0.080480 0.085360 
0.014750 0.040430 0.050680 0.038260 0.040900 
0.069580 0.058540 0.064720 0.010490 0.029920 
46
0.479817 0.014481 0.046210 
0.462778 0.970413 0.462022 
0.057405 0.015107 0.491768 
0.104877 0.003736 0.057302 0.067730 0.013839 
0.051137 0.016793 0.022565 0.292931 0.040268 
0.011120 0.040517 0.024592 0.059373 0.057522 
0.045591 0.037013 0.029042 0.006465 0.017589 
0.087130 0.033470 0.046870 0.049530 0.039770 
0.088610 0.033620 0.036890 0.080480 0.085360 
0.014750 0.040430 0.050680 0.038260 0.040900 
0.069580 0.058540 0.064720 0.010490 0.029920 
47
0.479817 0.014481 0.046210 
0.462778 0.970413 0.462022 
0.057405 0.015107 0.491768 
0.017018 0.004584 0.005603 0.009875 0.047385 
0.012885 0.005687 0.019633 0.008138 0.051064 
0.012318 0.005572 0.005717 0.005385 0.014057 
0.010037 0.009038 0.025124 0.691986 0.038894 
0.087130 0.033470 0.046870 0.049530 0.039770 
0.088610 0.033620 0.036890 0.080480 0.085360 
0.014750 0.040430 0.050680 0.038260 0.040900 
0.069580 0.058540 0.064720 0.010490 0.029920 
48
0.479817 0.014481 0.046210 
0.462778 0.970413 0.462022 
0.057405 0.015107 0.491768 
0.056291 0.002721 0.127377 0.409189 0.012455 
0.032453 0.012391 0.014043 0.048699 0.028700 
0.008755 0.026000 0.018819 0.047590 0.032885 
0.042346 0.032411 0.027530 0.005238 0.014109 
0.087130 0.033470 0.046870 0.049530 0.039770 
0.088610 0.033620 0.036890 0.080480 0.085360 
0.014750 0.040430 0.050680 0.038260 0.040900 
0.069580 0.058540 0.064720 0.010490 0.029920 
49
0.479817 0.014481 0.046210 
0.462778 0.970413 0.462022 
0.057405 0.015107 0.491768 
0.041790 0.003107 0.463890 0.112321 0.010546 
0.035916 0.012484 0.013917 0.039329 0.023255 
0.007151 0.053491 0.019102 0.029451 0.026714 
0.039954 0.031043 0.020503 0.003972 0.012065 
0.087130 0.033470 0.046870 0.049530 0.039770 
0.088610 0.033620 0.036890 0.080480 0.085360 
0.014750 0.040430 0.050680 0.038260 0.040900 
0.069580 0.058540 0.064720 0.010490 0.029920 
50
0.479817 0.014481 0.046210 
0.462778 0.970413 0.462022 
0.057405 0.015107 0.491768 
0.049092 0.004999 0.030336 0.035454 0.010542 
0.032282 0.010911 0.017040 0.032155 0.029222 
0.006340 0.020130 0.569416 0.018863 0.023656 
0.041800 0.028300 0.026000 0.003417 0.010044 
0.087130 0.033470 0.046870 0.049530 0.039770 
0.088610 0.033620 0.036890 0.080480 0.085360 
0.014750 0.040430 0.050680 0.038260 0.040900 
0.069580 0.058540 0.064720 0.010490 0.029920 
51
0.479817 0.014481 0.046210 
0.462778 0.970413 0.462022 
0.057405 0.015107 0.491768 
0.030284 0.007602 0.009197 0.013514 0.549432 
0.017008 0.008449 0.037337 0.010882 0.065247 
0.013769 0.008630 0.010105 0.009986 0.007997 
0.018048 0.019322 0.041332 0.026446 0.095412 
0.087130 0.033470 0.046870 0.049530 0.039770 
0.088610 0.033620 0.036890 0.080480 0.085360 
0.014750 0.040430 0.050680 0.038260 0.040900 
0.069580 0.058540 0.064720 0.010490 0.029920 
52
0.479817 0.014481 0.046210 
0.462778 0.970413 0.462022 
0.057405 0.015107 0.491768 
0.054027 0.004354 0.040345 0.051775 0.014680 
0.035050 0.016926 0.022062 0.091888 0.038522 
0.011626 0.033034 0.023675 0.037119 0.389421 
0.040390 0.038471 0.030532 0.007136 0.018967 
0.087130 0.033470 0.046870 0.049530 0.039770 
0.088610 0.033620 0.036890 0.080480 0.085360 
0.014750 0.040430 0.050680 0.038260 0.040900 
0.069580 0.058540 0.064720 0.010490 0.029920 
53
0.479817 0.014481 0.046210 
0.462778 0.970413 0.462022 
0.057405 0.015107 0.491768 
0.045843 0.009278 0.008270 0.009572 0.036032 
0.014957 0.007257 0.081463 0.010283 0.395787 
0.180735 0.008563 0.009232 0.010050 0.011306 
0.013299 0.021690 0.098337 0.008191 0.019854 
0.087130 0.033470 0.046870 0.049530 0.039770 
0.088610 0.033620 0.036890 0.080480 0.085360 
0.014750 0.040430 0.050680 0.038260 0.040900 
0.069580 0.058540 0.064720 0.010490 0.029920 
54
0.479817 0.014481 0.046210 
0.462778 0.970413 0.462022 
0.057405 0.015107 0.491768 
0.045578 0.005873 0.032739 0.033816 0.015558 
0.033306 0.012408 0.023321 0.033276 0.030544 
0.009135 0.030843 0.021852 0.024485 0.025701 
0.105929 0.457441 0.035461 0.005669 0.017066 
0.087130 0.033470 0.046870 0.049530 0.039770 
0.088610 0.033620 0.036890 0.080480 0.085360 
0.014750 0.040430 0.050680 0.038260 0.040900 
0.069580 0.058540 0.064720 0.010490 0.029920 
55
0.479817 0.014481 0.046210 
0.462778 0.970413 0.462022 
0.057405 0.015107 0.491768 
0.067132 0.011031 0.021089 0.024675 0.050044 
0.034112 0.013209 0.071738 0.025449 0.113166 
0.284465 0.019296 0.016817 0.019826 0.024212 
0.028820 0.033716 0.079123 0.012070 0.050010 
0.087130 0.033470 0.046870 0.049530 0.039770 
0.088610 0.033620 0.036890 0.080480 0.085360 
0.014750 0.040430 0.050680 0.038260 0.040900 
0.069580 0.058540 0.064720 0.010490 0.029920 
56
0.479817 0.014481 0.046210 
0.462778 0.970413 0.462022 
0.057405 0.015107 0.491768 
0.041958 0.003514 0.474446 0.055203 0.011155 
0.036916 0.013618 0.015223 0.041976 0.025134 
0.007705 0.053279 0.024965 0.028252 0.054049 
0.040227 0.032633 0.022086 0.004466 0.013195 
0.087130 0.033470 0.046870 0.049530 0.039770 
0.088610 0.033620 0.036890 0.080480 0.085360 
0.014750 0.040430 0.050680 0.038260 0.040900 
0.069580 0.058540 0.064720 0.010490 0.029920 
57
0.479817 0.014481 0.046210 
0.462778 0.970413 0.462022 
0.057405 0.015107 0.491768 
0.378936 0.008063 0.042942 0.071002 0.019154 
0.046832 0.014862 0.027676 0.046999 0.045516 
0.013375 0.032160 0.021732 0.031836 0.036798 
0.054433 0.038393 0.042163 0.007118 0.020010 
0.087130 0.033470 0.046870 0.049530 0.039770 
0.088610 0.033620 0.036890 0.080480 0.085360 
0.014750 0.040430 0.050680 0.038260 0.040900 
0.069580 0.058540 0.064720 0.010490 0.029920 
58
0.479817 0.014481 0.046210 
0.462778 0.970413 0.462022 
0.057405 0.015107 0.491768 
0.029010 0.008903 0.016097 0.018576 0.101632 
0.018974 0.028192 0.030264 0.019356 0.056565 
0.014389 0.018040 0.013311 0.013957 0.019826 
0.023444 0.021584 0.033207 0.030439 0.484231 
0.087130 0.033470 0.046870 0.049530 0.039770 
0.088610 0.033620 0.036890 0.080480 0.085360 
0.014750 0.040430 0.050680 0.038260 0.040900 
0.069580 0.058540 0.064720 0.010490 0.029920 
59
0.479817 0.014481 0.046210 
0.462778 0.970413 0.462022 
0.057405 0.015107 0.491768 
0.019068 0.004770 0.006479 0.010412 0.040626 
0.013500 0.005856 0.022322 0.008979 0.053250 
0.012690 0.006255 0.006372 0.006106 0.013970 
0.010761 0.010284 0.049670 0.664783 0.033846 
0.087130 0.033470 0.046870 0.049530 0.039770 
0.088610 0.033620 0.036890 0.080480 0.085360 
0.014750 0.040430 0.050680 0.038260 0.040900 
0.069580 0.058540 0.064720 0.010490 0.029920 
60
0.479817 0.014481 0.046210 
0.462778 0.970413 0.462022 
0.057405 0.015107 0.491768 
0.056860 0.004100 0.042576 0.055704 0.013708 
0.034523 0.024024 0.020548 0.407862 0.036482 
0.013350 0.033753 0.023774 0.039389 0.057922 
0.043804 0.038321 0.028840 0.006617 0.017844 
0.087130 0.033470 0.046870 0.049530 0.039770 
0.088610 0.033620 0.036890 0.080480 0.085360 
0.014750 0.040430 0.050680 0.038260 0.040900 
0.069580 0.058540 0.064720 0.010490 0.029920 
61
0.479817 0.014481 0.046210 
0.462778 0.970413 0.462022 
0.057405 0.015107 0.491768 
0.035402 0.007217 0.012102 0.015935 0.132407 
0.021913 0.022897 0.038135 0.015395 0.054936 
0.014024 0.019884 0.010657 0.014407 0.019372 
0.026194 0.025228 0.052261 0.026350 0.435284 
0.087130 0.033470 0.046870 0.049530 0.039770 
0.088610 0.033620 0.036890 0.080480 0.085360 
0.014750 0.040430 0.050680 0.038260 0.040900 
0.069580 0.058540 0.064720 0.010490 0.029920 
62
0.479817 0.014481 0.046210 
0.462778 0.970413 0.462022 
0.057405 0.015107 0.491768 
0.051510 0.004963 0.040709 0.050763 0.016121 
0.036970 0.016015 0.022837 0.051138 0.040012 
0.011344 0.030972 0.023426 0.429356 0.039809 
0.039582 0.037484 0.031785 0.006857 0.018347 
0.087130 0.033470 0.046870 0.049530 0.039770 
0.088610 0.033620 0.036890 0.080480 0.085360 
0.014750 0.040430 0.050680 0.038260 0.040900 
0.069580 0.058540 0.064720 0.010490 0.029920 
63
0.479817 0.014481 0.046210 
0.462778 0.970413 0.462022 
0.057405 0.015107 0.491768 
0.185264 0.010600 0.040776 0.041894 0.024737 
0.095853 0.016273 0.031872 0.039017 0.049621 
0.014602 0.037242 0.028225 0.027958 0.042341 
0.177874 0.048306 0.054584 0.008893 0.024068 
0.087130 0.033470 0.046870 0.049530 0.039770 
0.088610 0.033620 0.036890 0.080480 0.085360 
0.014750 0.040430 0.050680 0.038260 0.040900 
0.069580 0.058540 0.064720 0.010490 0.029920 
64
0.479817 0.014481 0.046210 
0.462778 0.970413 0.462022 
0.057405 0.015107 0.491768 
0.050795 0.003094 0.076053 0.467612 0.012027 
0.041031 0.012827 0.014175 0.046686 0.027753 
0.008476 0.025887 0.019351 0.040691 0.033231 
0.039137 0.039231 0.022384 0.005298 0.014261 
0.087130 0.033470 0.046870 0.049530 0.039770 
0.088610 0.033620 0.036890 0.080480 0.085360 
0.014750 0.040430 0.050680 0.038260 0.040900 
0.069580 0.058540 0.064720 0.010490 0.029920 
65
0.479817 0.014481 0.046210 
0.462778 0.970413 0.462022 
0.057405 0.015107 0.491768 
0.047333 0.005161 0.045053 0.070949 0.011724 
0.035985 0.019309 0.018811 0.368727 0.033424 
0.010363 0.037125 0.028881 0.046956 0.090562 
0.045163 0.039188 0.026148 0.004726 0.014413 
0.087130 0.033470 0.046870 0.049530 0.039770 
0.088610 0.033620 0.036890 0.080480 0.085360 
0.014750 0.040430 0.050680 0.038260 0.040900 
0.069580 0.058540 0.064720 0.010490 0.029920 
66
0.479817 0.014481 0.046210 
0.462778 0.970413 0.462022 
0.057405 0.015107 0.491768 
0.049277 0.002910 0.097747 0.480003 0.011623 
0.032392 0.012134 0.013142 0.044006 0.026259 
0.007975 0.024468 0.018807 0.040125 0.030983 
0.038015 0.030358 0.021121 0.005047 0.013608 
0.087130 0.033470 0.046870 0.049530 0.039770 
0.088610 0.033620 0.036890 0.080480 0.085360 
0.014750 0.040430 0.050680 0.038260 0.040900 
0.069580 0.058540 0.064720 0.010490 0.029920 
67
0.479817 0.014481 0.046210 
0.462778 0.970413 0.462022 
0.057405 0.015107 0.491768 
0.076720 0.004363 0.051170 0.056621 0.016120 
0.036545 0.017428 0.026112 0.097569 0.044642 
0.013256 0.033950 0.024325 0.039632 0.301386 
0.051504 0.046346 0.033687 0.007848 0.020777 
0.087130 0.033470 0.046870 0.049530 0.039770 
0.088610 0.033620 0.036890 0.080480 0.085360 
0.014750 0.040430 0.050680 0.038260 0.040900 
0.069580 0.058540 0.064720 0.010490 0.029920 
68
0.479817 0.014481 0.046210 
0.462778 0.970413 0.462022 
0.057405 0.015107 0.491768 
0.058431 0.003988 0.043402 0.056676 0.013348 
0.059904 0.016605 0.020043 0.375847 0.035606 
0.010555 0.033705 0.024115 0.039563 0.059865 
0.050821 0.045594 0.028042 0.006450 0.017440 
0.087130 0.033470 0.046870 0.049530 0.039770 
0.088610 0.033620 0.036890 0.080480 0.085360 
0.014750 0.040430 0.050680 0.038260 0.040900 
0.069580 0.058540 0.064720 0.010490 0.029920 
69
0.479817 0.014481 0.046210 
0.462778 0.970413 0.462022 
0.057405 0.015107 0.491768 
0.048142 0.008799 0.007384 0.008802 0.041309 
0.013623 0.006403 0.079940 0.009253 0.552460 
0.023611 0.007857 0.009148 0.008774 0.009921 
0.012766 0.025785 0.099828 0.007712 0.018484 
0.087130 0.033470 0.046870 0.049530 0.039770 
0.088610 0.033620 0.036890 0.080480 0.085360 
0.014750 0.040430 0.050680 0.038260 0.040900 
0.069580 0.058540 0.064720 0.010490 0.029920 
70
0.479817 0.014481 0.046210 
0.462778 0.970413 0.462022 
0.057405 0.015107 0.491768 
0.031410 0.005182 0.018092 0.020749 0.062799 
0.033275 0.016824 0.021282 0.026712 0.037245 
0.009665 0.016487 0.013595 0.016140 0.021104 
0.024980 0.023578 0.032013 0.015700 0.553168 
0.087130 0.033470 0.046870 0.049530 0.039770 
0.088610 0.033620 0.036890 0.080480 0.085360 
0.014750 0.040430 0.050680 0.038260 0.040900 
0.069580 0.058540 0.064720 0.010490 0.029920 
71
0.479817 0.014481 0.046210 
0.462778 0.970413 0.462022 
0.057405 0.020185 0.486431 
0.501728 0.009603 0.024756 0.028458 0.020042 
0.044669 0.011213 0.028642 0.027408 0.045928 
0.012867 0.019820 0.017821 0.019988 0.023643 
0.061442 0.031257 0.046001 0.006432 0.018282 
0.087129 0.033470 0.046870 0.049530 0.039770 
0.088609 0.033620 0.036899 0.080479 0.085359 
0.014750 0.040430 0.050680 0.038260 0.040900 
0.069579 0.058539 0.064719 0.010490 0.029920 
72
0.479817 0.014481 0.045709 
0.462778 0.965335 0.467861 
0.057405 0.015107 0.491768 
0.043846 0.011494 0.007334 0.007206 0.034628 
0.014273 0.006245 0.364972 0.009814 0.094722 
0.018621 0.007041 0.010801 0.007059 0.009193 
0.014401 0.025482 0.287518 0.006446 0.018903 
0.087130 0.033470 0.046870 0.049530 0.039770 
0.088610 0.033620 0.036890 0.080480 0.085360 
0.014750 0.040430 0.050680 0.038260 0.040900 
0.069580 0.058540 0.064720 0.010490 0.029920 
73
0.479817 0.014481 0.046210 
0.462778 0.970413 0.462022 
0.057405 0.015107 0.491768 
0.074047 0.007587 0.163628 0.058459 0.033307 
0.054744 0.021860 0.073290 0.057426 0.078516 
0.018894 0.052816 0.033094 0.034152 0.049254 
0.054088 0.041552 0.051015 0.012073 0.030198 
0.087130 0.033470 0.046870 0.049530 0.039770 
0.088610 0.033620 0.036890 0.080480 0.085360 
0.014750 0.040430 0.050680 0.038260 0.040900 
0.069580 0.058540 0.064720 0.010490 0.029920 
74
0.479817 0.014481 0.046210 
0.462778 0.970413 0.462022 
0.057405 0.015107 0.491768 
0.061321 0.005683 0.196248 0.069435 0.017808 
0.060480 0.018315 0.019652 0.047200 0.032497 
0.009859 0.079014 0.029488 0.033831 0.033623 
0.179365 0.052187 0.027561 0.007234 0.019198 
0.087130 0.033470 0.046870 0.049530 0.039770 
0.088610 0.033620 0.036890 0.080480 0.085360 
0.014750 0.040430 0.050680 0.038260 0.040900 
0.069580 0.058540 0.064720 0.010490 0.029920 
75
0.479817 0.014481 0.046210 
0.462778 0.970413 0.462022 
0.057405 0.015107 0.491768 
0.213674 0.013748 0.027335 0.029468 0.147275 
0.052399 0.016822 0.051215 0.025168 0.077103 
0.021091 0.024625 0.021897 0.021902 0.025375 
0.067979 0.043688 0.070256 0.012522 0.036458 
0.087130 0.033470 0.046870 0.049530 0.039770 
0.088610 0.033620 0.036890 0.080480 0.085360 
0.014750 0.040430 0.050680 0.038260 0.040900 
0.069580 0.058540 0.064720 0.010490 0.029920 
76
0.479817 0.014481 0.046210 
0.462778 0.970413 0.462022 
0.057405 0.015107 0.491768 
0.063659 0.013183 0.013511 0.013261 0.113024 
0.029028 0.012678 0.148201 0.014653 0.131833 
0.027263 0.013020 0.014969 0.012459 0.015657 
0.021705 0.031182 0.269390 0.010704 0.030619 
0.087130 0.033470 0.046870 0.049530 0.039770 
0.088610 0.033620 0.036890 0.080480 0.085360 
0.014750 0.040430 0.050680 0.038260 0.040900 
0.069580 0.058540 0.064720 0.010490 0.029920 
77
0.479817 0.014481 0.046210 
0.462778 0.970413 0.462022 
0.057405 0.015107 0.491768 
0.174700 0.006432 0.051034 0.074124 0.020893 
0.042921 0.017660 0.031068 0.063151 0.052417 
0.014628 0.037900 0.024005 0.161735 0.046157 
0.060728 0.040169 0.050130 0.008092 0.022057 
0.087130 0.033470 0.046870 0.049530 0.039770 
0.088610 0.033620 0.036890 0.080480 0.085360 
0.014750 0.040430 0.050680 0.038260 0.040900 
0.069580 0.058540 0.064720 0.010490 0.029920 
78
0.479817 0.014481 0.046210 
0.462778 0.970413 0.462022 
0.057405 0.015107 0.491768 
0.061114 0.005621 0.058351 0.057257 0.019398 
0.051235 0.020540 0.023834 0.059972 0.041568 
0.012453 0.189392 0.028126 0.133178 0.078303 
0.054448 0.042183 0.031749 0.008803 0.022475 
0.087130 0.033470 0.046870 0.049530 0.039770 
0.088610 0.033620 0.036890 0.080480 0.085360 
0.014750 0.040430 0.050680 0.038260 0.040900 
0.069580 0.058540 0.064720 0.010490 0.029920 
79
0.479817 0.014481 0.046210 
0.462778 0.970413 0.462022 
0.057405 0.015107 0.491768 
0.061355 0.006015 0.067095 0.044842 0.017385 
0.060133 0.018525 0.019424 0.045829 0.033646 
0.010231 0.319692 0.028352 0.030637 0.035765 
0.103273 0.043000 0.027692 0.007475 0.019635 
0.087130 0.033470 0.046870 0.049530 0.039770 
0.088610 0.033620 0.036890 0.080480 0.085360 
0.014750 0.040430 0.050680 0.038260 0.040900 
0.069580 0.058540 0.064720 0.010490 0.029920 
80
0.479817 0.014481 0.046210 
0.462778 0.970413 0.462022 
0.057405 0.078960 0.432140 
0.071736 0.006796 0.057021 0.036821 0.020184 
0.303460 0.018387 0.022869 0.041880 0.034284 
0.012136 0.122429 0.030127 0.025661 0.030161 
0.073552 0.036466 0.025295 0.008777 0.021958 
0.087141 0.033466 0.046865 0.049524 0.039766 
0.088692 0.033616 0.036886 0.080471 0.085350 
0.014748 0.040425 0.050674 0.038256 0.040895 
0.069572 0.058533 0.064713 0.010489 0.029917 
81
0.479817 0.014481 0.040607 
0.462778 0.906559 0.527253 
0.057405 0.015107 0.491768 
0.076978 0.008889 0.047282 0.049543 0.035676 
0.067501 0.165229 0.038747 0.045573 0.076259 
0.018751 0.043646 0.027035 0.060310 0.040665 
0.050866 0.049113 0.046478 0.014790 0.036668 
0.087130 0.033470 0.046870 0.049530 0.039770 
0.088610 0.033620 0.036890 0.080480 0.085360 
0.014750 0.040430 0.050680 0.038260 0.040900 
0.069580 0.058540 0.064720 0.010490 0.029920 
82
0.479817 0.014481 0.046210 
0.462778 0.970413 0.462022 
0.057405 0.015107 0.491768 
0.058682 0.010606 0.013287 0.015014 0.057950 
0.021192 0.010849 0.074710 0.016012 0.438608 
0.049292 0.012786 0.011976 0.017092 0.017087 
0.018722 0.025981 0.079453 0.010368 0.040334 
0.087130 0.033470 0.046870 0.049530 0.039770 
0.088610 0.033620 0.036890 0.080480 0.085360 
0.014750 0.040430 0.050680 0.038260 0.040900 
0.069580 0.058540 0.064720 0.010490 0.029920 
83
0.479817 0.014481 0.046210 
0.462778 0.970413 0.462022 
0.057405 0.015107 0.491768 
0.053223 0.006246 0.098654 0.071591 0.019655 
0.089703 0.021788 0.020269 0.049775 0.035182 
0.010915 0.247395 0.030638 0.032926 0.037009 
0.069489 0.048142 0.027213 0.008577 0.021608 
0.087130 0.033470 0.046870 0.049530 0.039770 
0.088610 0.033620 0.036890 0.080480 0.085360 
