%  SAM: modelfromalign v3.5 (July 15, 2005) compiled 12/05/20_11:48:22
%  (c) 1992-2001 Regents of the University of California, Santa Cruz
%
%          Sequence Alignment and Modeling Software System
%         http://www.cse.ucsc.edu/research/compbio/sam.html
%
% ----------------- Citations (SAM, SAM-T2K, HMMs) --------------------
% R. Hughey, A. Krogh, Hidden Markov models for sequence analysis:
%  Extension and analysis of the basic method, CABIOS 12:95-107, 1996.
% K. Karplus, et al., What is the value added by human intervention in protein
%  structure prediction, Proteins: Stucture, Function, Genetics 45(S5):86--91, 2001.
% A. Krogh et al., Hidden Markov models in computational biology:
%  Applications to protein modeling, JMB 235:1501-1531, Feb 1994.
% ---------------------------------------------------------------------
%  trimmed-uniq   Host: gauntlet    Thu Feb 11 16:20:40 2021
%  dgpinheiro     Dir:  /data/GitHub/sfFinder/example/output/subfamily/TEST1/flowerpower/fp-workspace/iter3
% ---------------------------------------------------------------------
% Prior File:  Internal (Name: recode3.20comp) 
%   20 priors on 20 characters.
%  Alignment weights from internal calc.  Total (1.56) Max (0.00) Min (0.00)
%  Weights from alignment method 1 (karplus), b=0.500000, e=0.500000
MODEL --  Model from alignment file trimmed-uniq.a2m
alphabet protein
FREQAVE
0.000000 0.000000 0.000000 
0.000000 0.000000 0.000000 
0.000000 0.000000 0.000000 
0.073230 0.015714 0.056926 0.066542 0.049643 
0.061761 0.028615 0.052066 0.058197 0.085110 
0.025957 0.041843 0.045311 0.042474 0.052338 
0.059151 0.053804 0.060954 0.023471 0.046895 
0.073230 0.015714 0.056926 0.066542 0.049643 
0.061761 0.028615 0.052066 0.058197 0.085110 
0.025957 0.041843 0.045311 0.042474 0.052338 
0.059151 0.053804 0.060954 0.023471 0.046895 
Begin
0.000000 0.000000 0.000000 
0.000000 0.000000 0.000000 
0.000000 0.102161 0.806495 
0.000000 0.000000 0.000000 0.000000 0.000000 
0.000000 0.000000 0.000000 0.000000 0.000000 
0.000000 0.000000 0.000000 0.000000 0.000000 
0.000000 0.000000 0.000000 0.000000 0.000000 
0.087137 0.033411 0.046875 0.049460 0.039687 
0.088503 0.033556 0.036842 0.080766 0.085463 
0.014903 0.040444 0.050638 0.038240 0.040937 
0.069510 0.058600 0.064638 0.010468 0.029923 
1
0.000000 0.014481 0.062791 
0.000000 0.883358 0.130713 
0.041829 0.016477 0.491768 
0.075340 0.011832 0.054103 0.075224 0.032523 
0.050942 0.025334 0.052928 0.081544 0.083054 
0.027541 0.044464 0.043506 0.047402 0.062930 
0.063810 0.059582 0.065088 0.011149 0.031703 
0.087130 0.033470 0.046870 0.049530 0.039770 
0.088610 0.033620 0.036890 0.080480 0.085360 
0.014750 0.040430 0.050680 0.038260 0.040900 
0.069580 0.058540 0.064720 0.010490 0.029920 
2
0.620965 0.015794 0.046210 
0.337206 0.967728 0.462022 
0.041829 0.016477 0.491768 
0.077559 0.010762 0.062298 0.080942 0.027850 
0.063805 0.025268 0.040384 0.080116 0.065065 
0.019214 0.049204 0.056036 0.047632 0.070817 
0.069337 0.060966 0.053358 0.010126 0.029261 
0.087130 0.033470 0.046870 0.049530 0.039770 
0.088610 0.033620 0.036890 0.080480 0.085360 
0.014750 0.040430 0.050680 0.038260 0.040900 
0.069580 0.058540 0.064720 0.010490 0.029920 
3
0.619812 0.015794 0.046210 
0.338359 0.967728 0.462022 
0.041877 0.016471 0.491768 
0.076713 0.013244 0.042506 0.060668 0.038622 
0.042290 0.022338 0.076169 0.060179 0.125993 
0.029598 0.036124 0.041540 0.039403 0.051604 
0.055307 0.054861 0.087953 0.012022 0.032868 
0.087130 0.033470 0.046870 0.049530 0.039770 
0.088610 0.033620 0.036890 0.080480 0.085360 
0.014750 0.040430 0.050680 0.038260 0.040900 
0.069580 0.058540 0.064720 0.010490 0.029920 
4
0.620527 0.015788 0.046210 
0.337596 0.967741 0.462022 
0.041877 0.016471 0.491768 
0.073376 0.011251 0.064238 0.076608 0.031222 
0.066139 0.026792 0.042586 0.071292 0.073232 
0.020173 0.059301 0.047289 0.046403 0.060440 
0.068862 0.061229 0.054836 0.011290 0.033443 
0.087130 0.033470 0.046870 0.049530 0.039770 
0.088610 0.033620 0.036890 0.080480 0.085360 
0.014750 0.040430 0.050680 0.038260 0.040900 
0.069580 0.058540 0.064720 0.010490 0.029920 
5
0.620527 0.015788 0.046210 
0.337596 0.967741 0.462022 
0.041877 0.016471 0.491768 
0.078451 0.011753 0.058101 0.078040 0.031683 
0.053872 0.024996 0.047800 0.072504 0.082596 
0.022037 0.047812 0.051190 0.046735 0.060897 
0.066346 0.060954 0.061437 0.010810 0.031985 
0.087130 0.033470 0.046870 0.049530 0.039770 
0.088610 0.033620 0.036890 0.080480 0.085360 
0.014750 0.040430 0.050680 0.038260 0.040900 
0.069580 0.058540 0.064720 0.010490 0.029920 
6
0.460451 0.015788 0.046210 
0.497672 0.967741 0.462022 
0.049858 0.015635 0.491768 
0.058610 0.006523 0.054546 0.087054 0.015936 
0.042024 0.024416 0.024673 0.207689 0.043051 
0.013665 0.046423 0.034807 0.057126 0.117125 
0.057929 0.049419 0.033723 0.006407 0.018853 
0.087130 0.033470 0.046870 0.049530 0.039770 
0.088610 0.033620 0.036890 0.080480 0.085360 
0.014750 0.040430 0.050680 0.038260 0.040900 
0.069580 0.058540 0.064720 0.010490 0.029920 
7
0.548206 0.014987 0.046210 
0.401936 0.969377 0.462022 
0.049858 0.015635 0.491768 
0.061269 0.005535 0.158108 0.193821 0.012892 
0.049138 0.021901 0.017848 0.076299 0.030981 
0.010169 0.055537 0.037788 0.054872 0.052642 
0.064636 0.048295 0.026916 0.005444 0.015909 
0.087130 0.033470 0.046870 0.049530 0.039770 
0.088610 0.033620 0.036890 0.080480 0.085360 
0.014750 0.040430 0.050680 0.038260 0.040900 
0.069580 0.058540 0.064720 0.010490 0.029920 
8
0.548206 0.014987 0.046210 
0.401936 0.969377 0.462022 
0.049858 0.015635 0.491768 
0.061951 0.007057 0.062972 0.088134 0.017753 
0.046794 0.025450 0.025875 0.131517 0.044524 
0.014260 0.060094 0.034615 0.055864 0.144643 
0.063234 0.052424 0.035113 0.007169 0.020558 
0.087130 0.033470 0.046870 0.049530 0.039770 
0.088610 0.033620 0.036890 0.080480 0.085360 
0.014750 0.040430 0.050680 0.038260 0.040900 
0.069580 0.058540 0.064720 0.010490 0.029920 
9
0.548206 0.014987 0.046210 
0.401936 0.969377 0.462022 
0.049858 0.015635 0.491768 
0.047857 0.012923 0.026832 0.033365 0.093904 
0.030821 0.037113 0.043406 0.034515 0.074152 
0.021741 0.030458 0.022681 0.025770 0.034724 
0.040718 0.039031 0.050570 0.041385 0.258036 
0.087130 0.033470 0.046870 0.049530 0.039770 
0.088610 0.033620 0.036890 0.080480 0.085360 
0.014750 0.040430 0.050680 0.038260 0.040900 
0.069580 0.058540 0.064720 0.010490 0.029920 
10
0.546963 0.014987 0.046210 
0.403179 0.969377 0.462022 
0.049920 0.015630 0.491768 
0.126573 0.010527 0.055013 0.072517 0.029864 
0.048902 0.027049 0.041746 0.067949 0.065883 
0.020963 0.051837 0.036773 0.054036 0.064473 
0.066251 0.061745 0.052040 0.011336 0.034524 
0.087130 0.033470 0.046870 0.049530 0.039770 
0.088610 0.033620 0.036890 0.080480 0.085360 
0.014750 0.040430 0.050680 0.038260 0.040900 
0.069580 0.058540 0.064720 0.010490 0.029920 
11
0.547644 0.014982 0.046210 
0.402436 0.969387 0.462022 
0.049920 0.015630 0.491768 
0.100755 0.014965 0.035570 0.047980 0.045868 
0.036571 0.030638 0.064948 0.049343 0.108992 
0.040138 0.035224 0.032058 0.037704 0.048985 
0.059167 0.061189 0.081295 0.016566 0.052045 
0.087130 0.033470 0.046870 0.049530 0.039770 
0.088610 0.033620 0.036890 0.080480 0.085360 
0.014750 0.040430 0.050680 0.038260 0.040900 
0.069580 0.058540 0.064720 0.010490 0.029920 
12
0.418517 0.014982 0.046210 
0.531563 0.969387 0.462022 
0.057322 0.015112 0.491768 
0.066660 0.011662 0.015753 0.017579 0.046871 
0.027673 0.012169 0.096262 0.018945 0.253168 
0.178586 0.014881 0.013428 0.016052 0.020430 
0.021600 0.041333 0.087761 0.011266 0.027921 
0.087130 0.033470 0.046870 0.049530 0.039770 
0.088610 0.033620 0.036890 0.080480 0.085360 
0.014750 0.040430 0.050680 0.038260 0.040900 
0.069580 0.058540 0.064720 0.010490 0.029920 
13
0.480572 0.014485 0.046210 
0.462106 0.970403 0.462022 
0.057322 0.015112 0.491768 
0.094391 0.007258 0.035770 0.038644 0.019542 
0.038279 0.014151 0.030134 0.038219 0.040996 
0.012078 0.033174 0.024158 0.028060 0.029943 
0.089088 0.354906 0.044084 0.006878 0.020245 
0.087130 0.033470 0.046870 0.049530 0.039770 
0.088610 0.033620 0.036890 0.080480 0.085360 
0.014750 0.040430 0.050680 0.038260 0.040900 
0.069580 0.058540 0.064720 0.010490 0.029920 
14
0.479840 0.014485 0.046210 
0.462838 0.970403 0.462022 
0.057364 0.015109 0.491768 
0.050914 0.004958 0.038170 0.045447 0.016066 
0.038835 0.016051 0.023099 0.050340 0.040025 
0.011346 0.030468 0.024011 0.032094 0.446080 
0.038097 0.036044 0.031758 0.007207 0.018991 
0.087130 0.033470 0.046870 0.049530 0.039770 
0.088610 0.033620 0.036890 0.080480 0.085360 
0.014750 0.040430 0.050680 0.038260 0.040900 
0.069580 0.058540 0.064720 0.010490 0.029920 
15
0.480192 0.014483 0.046210 
0.462445 0.970408 0.462022 
0.057364 0.015109 0.491768 
0.047549 0.004369 0.360344 0.057551 0.013736 
0.124844 0.015158 0.016818 0.040425 0.027111 
0.008311 0.073470 0.023518 0.027762 0.028223 
0.049838 0.037281 0.023380 0.005270 0.015042 
0.087130 0.033470 0.046870 0.049530 0.039770 
0.088610 0.033620 0.036890 0.080480 0.085360 
0.014750 0.040430 0.050680 0.038260 0.040900 
0.069580 0.058540 0.064720 0.010490 0.029920 
16
0.480192 0.014483 0.046210 
0.462445 0.970408 0.462022 
0.057364 0.015109 0.491768 
0.044520 0.008966 0.009465 0.011473 0.035077 
0.015440 0.007267 0.067311 0.012212 0.554742 
0.030174 0.009593 0.010363 0.010664 0.012245 
0.014892 0.032504 0.085622 0.008083 0.019387 
0.087130 0.033470 0.046870 0.049530 0.039770 
0.088610 0.033620 0.036890 0.080480 0.085360 
0.014750 0.040430 0.050680 0.038260 0.040900 
0.069580 0.058540 0.064720 0.010490 0.029920 
17
0.479472 0.014483 0.046210 
0.463164 0.970408 0.462022 
0.057405 0.015107 0.491768 
0.093605 0.006300 0.067984 0.033609 0.018695 
0.378645 0.016707 0.024617 0.034698 0.033441 
0.012644 0.058390 0.026090 0.022692 0.026254 
0.057479 0.034061 0.025401 0.008077 0.020609 
0.087130 0.033470 0.046870 0.049530 0.039770 
0.088610 0.033620 0.036890 0.080480 0.085360 
0.014750 0.040430 0.050680 0.038260 0.040900 
0.069580 0.058540 0.064720 0.010490 0.029920 
18
0.479817 0.014481 0.046210 
0.462778 0.970413 0.462022 
0.057405 0.015107 0.491768 
0.019545 0.005073 0.009834 0.011754 0.035512 
0.018824 0.006554 0.019002 0.010099 0.045421 
0.010844 0.008004 0.008798 0.006739 0.014105 
0.012684 0.011391 0.024570 0.690938 0.030308 
0.087130 0.033470 0.046870 0.049530 0.039770 
0.088610 0.033620 0.036890 0.080480 0.085360 
0.014750 0.040430 0.050680 0.038260 0.040900 
0.069580 0.058540 0.064720 0.010490 0.029920 
19
0.479817 0.014481 0.046210 
0.462778 0.970413 0.462022 
0.057405 0.015107 0.491768 
0.083943 0.002954 0.133842 0.305640 0.014645 
0.036833 0.013847 0.016769 0.057460 0.033627 
0.009909 0.030802 0.020388 0.056435 0.037263 
0.055499 0.043225 0.024970 0.006017 0.015931 
0.087130 0.033470 0.046870 0.049530 0.039770 
0.088610 0.033620 0.036890 0.080480 0.085360 
0.014750 0.040430 0.050680 0.038260 0.040900 
0.069580 0.058540 0.064720 0.010490 0.029920 
20
0.479817 0.014481 0.046210 
0.462778 0.970413 0.462022 
0.057405 0.015107 0.491768 
0.066004 0.009039 0.037066 0.037097 0.040688 
0.047001 0.016279 0.045148 0.035599 0.074422 
0.016256 0.034658 0.051391 0.027126 0.029290 
0.078359 0.259393 0.058885 0.009470 0.026827 
0.087130 0.033470 0.046870 0.049530 0.039770 
0.088610 0.033620 0.036890 0.080480 0.085360 
0.014750 0.040430 0.050680 0.038260 0.040900 
0.069580 0.058540 0.064720 0.010490 0.029920 
21
0.479817 0.014481 0.046210 
0.462778 0.970413 0.462022 
0.057405 0.015107 0.491768 
0.059440 0.007438 0.042676 0.040262 0.019041 
0.057036 0.015123 0.025722 0.037752 0.033328 
0.010443 0.042688 0.027600 0.028025 0.028547 
0.296738 0.159861 0.040376 0.007078 0.020827 
0.087130 0.033470 0.046870 0.049530 0.039770 
0.088610 0.033620 0.036890 0.080480 0.085360 
0.014750 0.040430 0.050680 0.038260 0.040900 
0.069580 0.058540 0.064720 0.010490 0.029920 
22
0.479817 0.014481 0.046210 
0.462778 0.970413 0.462022 
0.057405 0.015107 0.491768 
0.033667 0.005925 0.018042 0.019358 0.060480 
0.027217 0.015752 0.028216 0.019578 0.046617 
0.011397 0.015934 0.014386 0.014877 0.019463 
0.024418 0.023618 0.037222 0.015025 0.548806 
0.087130 0.033470 0.046870 0.049530 0.039770 
0.088610 0.033620 0.036890 0.080480 0.085360 
0.014750 0.040430 0.050680 0.038260 0.040900 
0.069580 0.058540 0.064720 0.010490 0.029920 
23
0.479817 0.014481 0.046210 
0.462778 0.970413 0.462022 
0.057405 0.015107 0.491768 
0.068054 0.005390 0.052910 0.096795 0.019274 
0.040186 0.018696 0.027622 0.062955 0.047198 
0.013822 0.035962 0.026039 0.239733 0.056353 
0.047441 0.043047 0.067660 0.008405 0.022457 
0.087130 0.033470 0.046870 0.049530 0.039770 
0.088610 0.033620 0.036890 0.080480 0.085360 
0.014750 0.040430 0.050680 0.038260 0.040900 
0.069580 0.058540 0.064720 0.010490 0.029920 
24
0.479817 0.014481 0.046210 
0.462778 0.970413 0.462022 
0.057405 0.015107 0.491768 
0.064218 0.005055 0.060849 0.040766 0.021683 
0.048667 0.013790 0.030223 0.056505 0.047956 
0.008446 0.037252 0.302833 0.028270 0.037805 
0.072148 0.051275 0.043699 0.007612 0.020948 
0.087130 0.033470 0.046870 0.049530 0.039770 
0.088610 0.033620 0.036890 0.080480 0.085360 
0.014750 0.040430 0.050680 0.038260 0.040900 
0.069580 0.058540 0.064720 0.010490 0.029920 
25
0.479817 0.014481 0.046210 
0.462778 0.970413 0.462022 
0.057405 0.015107 0.491768 
0.076614 0.008304 0.044431 0.070102 0.030724 
0.054481 0.022414 0.047800 0.061873 0.071730 
0.161741 0.036249 0.028685 0.037185 0.057204 
0.045056 0.044711 0.055365 0.012673 0.032657 
0.087130 0.033470 0.046870 0.049530 0.039770 
0.088610 0.033620 0.036890 0.080480 0.085360 
0.014750 0.040430 0.050680 0.038260 0.040900 
0.069580 0.058540 0.064720 0.010490 0.029920 
26
0.479817 0.014481 0.046210 
0.462778 0.970413 0.462022 
0.057405 0.015107 0.491768 
0.062746 0.003491 0.321151 0.123204 0.013605 
0.042355 0.015006 0.017391 0.055190 0.029977 
0.009161 0.062993 0.022305 0.047971 0.033155 
0.058463 0.037293 0.024533 0.005132 0.014874 
0.087130 0.033470 0.046870 0.049530 0.039770 
0.088610 0.033620 0.036890 0.080480 0.085360 
0.014750 0.040430 0.050680 0.038260 0.040900 
0.069580 0.058540 0.064720 0.010490 0.029920 
27
0.479817 0.014481 0.046210 
0.462778 0.970413 0.462022 
0.057405 0.015107 0.491768 
0.072925 0.003816 0.084073 0.132829 0.014540 
0.037638 0.017235 0.022985 0.252164 0.041210 
0.011549 0.036384 0.025132 0.047596 0.054100 
0.046941 0.037932 0.035894 0.006764 0.018292 
0.087130 0.033470 0.046870 0.049530 0.039770 
0.088610 0.033620 0.036890 0.080480 0.085360 
0.014750 0.040430 0.050680 0.038260 0.040900 
0.069580 0.058540 0.064720 0.010490 0.029920 
28
0.479817 0.014481 0.046210 
0.462778 0.970413 0.462022 
0.057405 0.015107 0.491768 
0.070071 0.012820 0.008788 0.008587 0.036111 
0.017800 0.007105 0.201163 0.011366 0.098659 
0.018780 0.008174 0.012263 0.008101 0.010681 
0.017983 0.029313 0.394840 0.006763 0.020632 
0.087130 0.033470 0.046870 0.049530 0.039770 
0.088610 0.033620 0.036890 0.080480 0.085360 
0.014750 0.040430 0.050680 0.038260 0.040900 
0.069580 0.058540 0.064720 0.010490 0.029920 
29
0.479817 0.014481 0.046210 
0.462778 0.970413 0.462022 
0.057405 0.015107 0.491768 
0.036661 0.008104 0.012296 0.015811 0.521422 
0.020704 0.009418 0.045096 0.013943 0.074822 
0.016235 0.011191 0.012122 0.011905 0.011422 
0.020178 0.022184 0.048852 0.021660 0.065975 
0.087130 0.033470 0.046870 0.049530 0.039770 
0.088610 0.033620 0.036890 0.080480 0.085360 
0.014750 0.040430 0.050680 0.038260 0.040900 
0.069580 0.058540 0.064720 0.010490 0.029920 
30
0.479817 0.014481 0.046210 
0.462778 0.970413 0.462022 
0.057405 0.015107 0.491768 
0.054054 0.004384 0.035880 0.036055 0.017574 
0.038694 0.011958 0.025161 0.052515 0.041508 
0.007605 0.028450 0.440902 0.025571 0.037066 
0.044109 0.037705 0.037061 0.006256 0.017492 
0.087130 0.033470 0.046870 0.049530 0.039770 
0.088610 0.033620 0.036890 0.080480 0.085360 
0.014750 0.040430 0.050680 0.038260 0.040900 
0.069580 0.058540 0.064720 0.010490 0.029920 
31
0.479817 0.087842 0.046210 
0.462778 0.897051 0.462022 
0.043213 0.016303 0.491768 
0.068823 0.009816 0.075192 0.089641 0.027817 
0.056770 0.041895 0.035903 0.077111 0.058888 
0.018732 0.057367 0.043788 0.057534 0.063480 
0.071369 0.058545 0.045989 0.010687 0.030653 
0.087130 0.033470 0.046870 0.049530 0.039770 
0.088610 0.033620 0.036890 0.080480 0.085360 
0.014750 0.040430 0.050680 0.038260 0.040900 
0.069580 0.058540 0.064720 0.010490 0.029920 
32
0.608420 0.029470 0.046210 
0.348367 0.954228 0.462022 
0.041423 0.016532 0.491768 
0.082161 0.013468 0.057550 0.073994 0.033103 
0.060405 0.024191 0.050797 0.065819 0.077701 
0.021541 0.045476 0.053513 0.042849 0.056323 
0.068515 0.062511 0.065897 0.011345 0.032840 
0.087130 0.033470 0.046870 0.049530 0.039770 
0.088610 0.033620 0.036890 0.080480 0.085360 
0.014750 0.040430 0.050680 0.038260 0.040900 
0.069580 0.058540 0.064720 0.010490 0.029920 
33
0.387663 0.016367 0.046210 
0.570914 0.967101 0.462022 
0.054179 0.015310 0.491768 
0.049060 0.009117 0.017857 0.021007 0.116522 
0.032417 0.023136 0.045396 0.018880 0.087461 
0.019255 0.019941 0.015011 0.017319 0.022655 
0.030912 0.033584 0.057950 0.030635 0.331884 
0.087130 0.033470 0.046870 0.049530 0.039770 
0.088610 0.033620 0.036890 0.080480 0.085360 
0.014750 0.040430 0.050680 0.038260 0.040900 
0.069580 0.058540 0.064720 0.010490 0.029920 
34
0.454859 0.014676 0.046210 
0.490963 0.970014 0.462022 
0.057283 0.015114 0.491768 
0.064035 0.004244 0.290750 0.099525 0.015839 
0.047542 0.016333 0.021424 0.054557 0.033016 
0.009942 0.070221 0.025083 0.037121 0.032919 
0.073320 0.050108 0.031409 0.005909 0.016704 
0.087130 0.033470 0.046870 0.049530 0.039770 
0.088610 0.033620 0.036890 0.080480 0.085360 
0.014750 0.040430 0.050680 0.038260 0.040900 
0.069580 0.058540 0.064720 0.010490 0.029920 
35
0.478797 0.014488 0.046210 
0.463919 0.970398 0.462022 
0.057405 0.015107 0.491768 
0.085939 0.007567 0.056262 0.051889 0.025962 
0.093121 0.022083 0.037790 0.067680 0.051913 
0.016014 0.046899 0.035589 0.035556 0.044940 
0.068257 0.169355 0.045966 0.010144 0.027074 
0.087130 0.033470 0.046870 0.049530 0.039770 
0.088610 0.033620 0.036890 0.080480 0.085360 
0.014750 0.040430 0.050680 0.038260 0.040900 
0.069580 0.058540 0.064720 0.010490 0.029920 
36
0.479817 0.014481 0.046210 
0.462778 0.970413 0.462022 
0.057405 0.015107 0.491768 
0.052535 0.008694 0.019616 0.025453 0.161269 
0.034497 0.025208 0.037534 0.019360 0.060302 
0.016205 0.021726 0.015458 0.018024 0.023286 
0.036716 0.033504 0.050457 0.028285 0.311870 
0.087130 0.033470 0.046870 0.049530 0.039770 
0.088610 0.033620 0.036890 0.080480 0.085360 
0.014750 0.040430 0.050680 0.038260 0.040900 
0.069580 0.058540 0.064720 0.010490 0.029920 
37
0.479817 0.014481 0.046210 
0.462778 0.970413 0.462022 
0.057405 0.015107 0.491768 
0.058007 0.003475 0.069827 0.398672 0.017215 
0.051575 0.014592 0.017058 0.063923 0.032649 
0.009970 0.029758 0.021232 0.045412 0.038831 
0.043665 0.035925 0.025848 0.006097 0.016269 
0.087130 0.033470 0.046870 0.049530 0.039770 
0.088610 0.033620 0.036890 0.080480 0.085360 
0.014750 0.040430 0.050680 0.038260 0.040900 
0.069580 0.058540 0.064720 0.010490 0.029920 
38
0.479817 0.014481 0.046210 
0.462778 0.970413 0.462022 
0.057405 0.015107 0.491768 
0.051056 0.003357 0.041546 0.019967 0.008029 
0.655378 0.007822 0.010835 0.022407 0.017050 
0.006340 0.025745 0.016475 0.013288 0.020419 
0.033250 0.020565 0.011878 0.003884 0.010710 
0.087130 0.033470 0.046870 0.049530 0.039770 
0.088610 0.033620 0.036890 0.080480 0.085360 
0.014750 0.040430 0.050680 0.038260 0.040900 
0.069580 0.058540 0.064720 0.010490 0.029920 
39
0.479817 0.014481 0.046210 
0.462778 0.970413 0.462022 
0.057405 0.015107 0.491768 
0.045747 0.010670 0.008447 0.009335 0.036533 
0.016183 0.006918 0.438878 0.011020 0.116081 
0.022413 0.008461 0.011052 0.008942 0.010838 
0.015163 0.024738 0.170995 0.007590 0.019996 
0.087130 0.033470 0.046870 0.049530 0.039770 
0.088610 0.033620 0.036890 0.080480 0.085360 
0.014750 0.040430 0.050680 0.038260 0.040900 
0.069580 0.058540 0.064720 0.010490 0.029920 
40
0.479817 0.014481 0.046210 
0.462778 0.970413 0.462022 
0.057405 0.015107 0.491768 
0.065074 0.005529 0.046404 0.059645 0.015917 
0.038900 0.021216 0.030095 0.335860 0.043422 
0.012534 0.036023 0.041777 0.041827 0.058046 
0.045716 0.040686 0.033809 0.007443 0.020079 
0.087130 0.033470 0.046870 0.049530 0.039770 
0.088610 0.033620 0.036890 0.080480 0.085360 
0.014750 0.040430 0.050680 0.038260 0.040900 
0.069580 0.058540 0.064720 0.010490 0.029920 
41
0.479817 0.014481 0.046210 
0.462778 0.970413 0.462022 
0.057405 0.015107 0.491768 
0.065117 0.011287 0.013682 0.015223 0.035906 
0.035532 0.009294 0.386080 0.017554 0.098355 
0.023744 0.012649 0.014148 0.013119 0.016350 
0.021828 0.035157 0.144643 0.008088 0.022245 
0.087130 0.033470 0.046870 0.049530 0.039770 
0.088610 0.033620 0.036890 0.080480 0.085360 
0.014750 0.040430 0.050680 0.038260 0.040900 
0.069580 0.058540 0.064720 0.010490 0.029920 
42
0.479817 0.014481 0.046210 
0.462778 0.970413 0.462022 
0.057405 0.015107 0.491768 
0.064242 0.007146 0.051030 0.091451 0.028196 
0.051686 0.178538 0.031484 0.061858 0.051881 
0.015645 0.043978 0.028111 0.038395 0.045476 
0.052559 0.074465 0.040171 0.012417 0.031270 
0.087130 0.033470 0.046870 0.049530 0.039770 
0.088610 0.033620 0.036890 0.080480 0.085360 
0.014750 0.040430 0.050680 0.038260 0.040900 
0.069580 0.058540 0.064720 0.010490 0.029920 
43
0.479817 0.014481 0.046210 
0.462778 0.970413 0.462022 
0.057405 0.015107 0.491768 
0.063218 0.003645 0.387929 0.079877 0.012358 
0.050007 0.014638 0.017261 0.046157 0.027295 
0.008477 0.076987 0.021662 0.032279 0.030269 
0.048939 0.036924 0.023909 0.004455 0.013715 
0.087130 0.033470 0.046870 0.049530 0.039770 
0.088610 0.033620 0.036890 0.080480 0.085360 
0.014750 0.040430 0.050680 0.038260 0.040900 
0.069580 0.058540 0.064720 0.010490 0.029920 
44
0.479817 0.014481 0.046210 
0.462778 0.970413 0.462022 
0.057405 0.015107 0.491768 
0.020479 0.005066 0.010505 0.013196 0.069767 
0.015537 0.012324 0.022251 0.012857 0.046412 
0.011074 0.010870 0.009575 0.009750 0.016263 
0.016559 0.015638 0.023415 0.596216 0.062249 
0.087130 0.033470 0.046870 0.049530 0.039770 
0.088610 0.033620 0.036890 0.080480 0.085360 
0.014750 0.040430 0.050680 0.038260 0.040900 
0.069580 0.058540 0.064720 0.010490 0.029920 
45
0.479817 0.014481 0.046210 
0.462778 0.970413 0.462022 
0.057405 0.015107 0.491768 
0.053601 0.003985 0.342822 0.100946 0.014417 
0.044115 0.015757 0.018201 0.048775 0.035932 
0.009473 0.066678 0.023396 0.037151 0.033395 
0.064492 0.038547 0.025679 0.006706 0.015932 
0.087130 0.033470 0.046870 0.049530 0.039770 
0.088610 0.033620 0.036890 0.080480 0.085360 
0.014750 0.040430 0.050680 0.038260 0.040900 
0.069580 0.058540 0.064720 0.010490 0.029920 
46
0.479817 0.014481 0.046210 
0.462778 0.970413 0.462022 
0.057405 0.015107 0.491768 
0.206586 0.006221 0.056172 0.064270 0.021293 
0.075848 0.018235 0.034613 0.113105 0.056645 
0.015764 0.040285 0.029794 0.045816 0.051765 
0.049164 0.040528 0.042056 0.008561 0.023280 
0.087130 0.033470 0.046870 0.049530 0.039770 
0.088610 0.033620 0.036890 0.080480 0.085360 
0.014750 0.040430 0.050680 0.038260 0.040900 
0.069580 0.058540 0.064720 0.010490 0.029920 
47
0.479817 0.014481 0.046210 
0.462778 0.970413 0.462022 
0.057405 0.015107 0.491768 
0.019704 0.004986 0.006780 0.011263 0.049674 
0.014269 0.006320 0.022195 0.009611 0.055072 
0.013252 0.006628 0.006590 0.006473 0.015225 
0.011507 0.010651 0.028023 0.661167 0.040610 
0.087130 0.033470 0.046870 0.049530 0.039770 
0.088610 0.033620 0.036890 0.080480 0.085360 
0.014750 0.040430 0.050680 0.038260 0.040900 
0.069580 0.058540 0.064720 0.010490 0.029920 
48
0.479817 0.014481 0.046210 
0.462778 0.970413 0.462022 
0.057405 0.015107 0.491768 
0.076955 0.008581 0.065087 0.101469 0.029976 
0.047985 0.019888 0.052552 0.050521 0.067757 
0.018977 0.034959 0.030973 0.035142 0.044040 
0.048182 0.047237 0.178688 0.011330 0.029700 
0.087130 0.033470 0.046870 0.049530 0.039770 
0.088610 0.033620 0.036890 0.080480 0.085360 
0.014750 0.040430 0.050680 0.038260 0.040900 
0.069580 0.058540 0.064720 0.010490 0.029920 
49
0.479817 0.014481 0.046210 
0.462778 0.970413 0.462022 
0.057405 0.015107 0.491768 
0.045510 0.003303 0.426205 0.120064 0.011488 
0.037909 0.013325 0.014948 0.042508 0.025337 
0.007779 0.054644 0.020277 0.032415 0.028918 
0.042819 0.033103 0.021975 0.004393 0.013082 
0.087130 0.033470 0.046870 0.049530 0.039770 
0.088610 0.033620 0.036890 0.080480 0.085360 
0.014750 0.040430 0.050680 0.038260 0.040900 
0.069580 0.058540 0.064720 0.010490 0.029920 
50
0.479817 0.014481 0.046210 
0.462778 0.970413 0.462022 
0.057405 0.015107 0.491768 
0.049092 0.004999 0.030336 0.035454 0.010542 
0.032282 0.010911 0.017040 0.032155 0.029222 
0.006340 0.020130 0.569416 0.018863 0.023656 
0.041800 0.028300 0.026000 0.003417 0.010044 
0.087130 0.033470 0.046870 0.049530 0.039770 
0.088610 0.033620 0.036890 0.080480 0.085360 
0.014750 0.040430 0.050680 0.038260 0.040900 
0.069580 0.058540 0.064720 0.010490 0.029920 
51
0.479817 0.014481 0.046210 
0.462778 0.970413 0.462022 
0.057405 0.015107 0.491768 
0.035037 0.008234 0.011017 0.015311 0.502261 
0.019764 0.009868 0.041466 0.012656 0.071135 
0.015359 0.010492 0.011384 0.011457 0.010051 
0.020415 0.021748 0.046404 0.026531 0.099412 
0.087130 0.033470 0.046870 0.049530 0.039770 
0.088610 0.033620 0.036890 0.080480 0.085360 
0.014750 0.040430 0.050680 0.038260 0.040900 
0.069580 0.058540 0.064720 0.010490 0.029920 
52
0.479817 0.014481 0.046210 
0.462778 0.970413 0.462022 
0.057405 0.015107 0.491768 
0.057957 0.004584 0.042495 0.054678 0.015801 
0.037024 0.017722 0.024125 0.095297 0.041790 
0.012530 0.034538 0.024853 0.038999 0.354381 
0.042367 0.040130 0.032765 0.007658 0.020306 
0.087130 0.033470 0.046870 0.049530 0.039770 
0.088610 0.033620 0.036890 0.080480 0.085360 
0.014750 0.040430 0.050680 0.038260 0.040900 
0.069580 0.058540 0.064720 0.010490 0.029920 
53
0.479817 0.014481 0.046210 
0.462778 0.970413 0.462022 
0.057405 0.015107 0.491768 
0.043962 0.009221 0.007919 0.009495 0.036361 
0.014324 0.006785 0.084069 0.010032 0.543744 
0.029043 0.008389 0.009725 0.009741 0.010678 
0.013459 0.021856 0.103508 0.008178 0.019507 
0.087130 0.033470 0.046870 0.049530 0.039770 
0.088610 0.033620 0.036890 0.080480 0.085360 
0.014750 0.040430 0.050680 0.038260 0.040900 
0.069580 0.058540 0.064720 0.010490 0.029920 
54
0.479817 0.014481 0.046210 
0.462778 0.970413 0.462022 
0.057405 0.015107 0.491768 
0.049581 0.006328 0.034873 0.036240 0.016978 
0.035749 0.013299 0.025492 0.035649 0.033551 
0.010014 0.032673 0.023320 0.026207 0.027608 
0.108333 0.421114 0.038370 0.006159 0.018459 
0.087130 0.033470 0.046870 0.049530 0.039770 
0.088610 0.033620 0.036890 0.080480 0.085360 
0.014750 0.040430 0.050680 0.038260 0.040900 
0.069580 0.058540 0.064720 0.010490 0.029920 
55
0.479817 0.014481 0.046210 
0.462778 0.970413 0.462022 
0.057405 0.015107 0.491768 
0.072945 0.011679 0.023591 0.027017 0.052617 
0.039509 0.014895 0.074656 0.027583 0.115373 
0.235335 0.021442 0.018163 0.021466 0.026801 
0.031569 0.036136 0.082595 0.013525 0.053103 
0.087130 0.033470 0.046870 0.049530 0.039770 
0.088610 0.033620 0.036890 0.080480 0.085360 
0.014750 0.040430 0.050680 0.038260 0.040900 
0.069580 0.058540 0.064720 0.010490 0.029920 
56
0.479817 0.014481 0.046210 
0.462778 0.970413 0.462022 
0.057405 0.015107 0.491768 
0.045730 0.003796 0.434690 0.059944 0.012265 
0.039474 0.014665 0.016547 0.045394 0.027564 
0.008428 0.055132 0.026335 0.030852 0.057617 
0.043365 0.034940 0.023858 0.004974 0.014429 
0.087130 0.033470 0.046870 0.049530 0.039770 
0.088610 0.033620 0.036890 0.080480 0.085360 
0.014750 0.040430 0.050680 0.038260 0.040900 
0.069580 0.058540 0.064720 0.010490 0.029920 
57
0.479817 0.014481 0.046210 
0.462778 0.970413 0.462022 
0.057405 0.015107 0.491768 
0.348527 0.008197 0.045868 0.074328 0.020395 
0.049406 0.015778 0.029773 0.050006 0.048839 
0.014219 0.033924 0.023196 0.033752 0.039108 
0.051950 0.039934 0.043950 0.007606 0.021246 
0.087130 0.033470 0.046870 0.049530 0.039770 
0.088610 0.033620 0.036890 0.080480 0.085360 
0.014750 0.040430 0.050680 0.038260 0.040900 
0.069580 0.058540 0.064720 0.010490 0.029920 
58
0.479817 0.014481 0.046210 
0.462778 0.970413 0.462022 
0.057405 0.015107 0.491768 
0.029010 0.008903 0.016097 0.018576 0.101632 
0.018974 0.028192 0.030264 0.019356 0.056565 
0.014389 0.018040 0.013311 0.013957 0.019826 
0.023444 0.021584 0.033207 0.030439 0.484231 
0.087130 0.033470 0.046870 0.049530 0.039770 
0.088610 0.033620 0.036890 0.080480 0.085360 
0.014750 0.040430 0.050680 0.038260 0.040900 
0.069580 0.058540 0.064720 0.010490 0.029920 
59
0.479817 0.014481 0.046210 
0.462778 0.970413 0.462022 
0.057405 0.015107 0.491768 
0.024245 0.005497 0.008515 0.012666 0.042457 
0.015789 0.006886 0.027497 0.011451 0.060474 
0.014332 0.008100 0.007896 0.008012 0.015663 
0.013323 0.013262 0.061079 0.608108 0.034747 
0.087130 0.033470 0.046870 0.049530 0.039770 
0.088610 0.033620 0.036890 0.080480 0.085360 
0.014750 0.040430 0.050680 0.038260 0.040900 
0.069580 0.058540 0.064720 0.010490 0.029920 
60
0.479817 0.014481 0.046210 
0.462778 0.970413 0.462022 
0.057405 0.015107 0.491768 
0.060796 0.004293 0.044993 0.058765 0.014620 
0.036581 0.024676 0.022275 0.375101 0.039238 
0.014159 0.035242 0.025104 0.041272 0.060545 
0.045870 0.039818 0.030723 0.007009 0.018919 
0.087130 0.033470 0.046870 0.049530 0.039770 
0.088610 0.033620 0.036890 0.080480 0.085360 
0.014750 0.040430 0.050680 0.038260 0.040900 
0.069580 0.058540 0.064720 0.010490 0.029920 
61
0.479817 0.014481 0.046210 
0.462778 0.970413 0.462022 
0.057405 0.015107 0.491768 
0.041983 0.008098 0.015455 0.018828 0.128223 
0.027848 0.023589 0.044014 0.017363 0.061390 
0.015882 0.023155 0.013034 0.016067 0.021278 
0.029336 0.028111 0.057524 0.026373 0.382447 
0.087130 0.033470 0.046870 0.049530 0.039770 
0.088610 0.033620 0.036890 0.080480 0.085360 
0.014750 0.040430 0.050680 0.038260 0.040900 
0.069580 0.058540 0.064720 0.010490 0.029920 
62
0.479817 0.014481 0.046210 
0.462778 0.970413 0.462022 
0.057405 0.015107 0.491768 
0.055802 0.005301 0.043786 0.055016 0.017452 
0.039114 0.016988 0.024774 0.054637 0.043199 
0.012240 0.032939 0.024714 0.388002 0.042370 
0.042406 0.039988 0.034190 0.007358 0.019724 
0.087130 0.033470 0.046870 0.049530 0.039770 
0.088610 0.033620 0.036890 0.080480 0.085360 
0.014750 0.040430 0.050680 0.038260 0.040900 
0.069580 0.058540 0.064720 0.010490 0.029920 
63
0.479817 0.014481 0.046210 
0.462778 0.970413 0.462022 
0.057405 0.015107 0.491768 
0.166464 0.010505 0.044115 0.044055 0.026021 
0.102089 0.017487 0.033259 0.040921 0.051575 
0.015137 0.040495 0.030506 0.029198 0.043931 
0.165162 0.049393 0.054660 0.009564 0.025462 
0.087130 0.033470 0.046870 0.049530 0.039770 
0.088610 0.033620 0.036890 0.080480 0.085360 
0.014750 0.040430 0.050680 0.038260 0.040900 
0.069580 0.058540 0.064720 0.010490 0.029920 
64
0.479817 0.014481 0.046210 
0.462778 0.970413 0.462022 
0.057405 0.015107 0.491768 
0.054408 0.003317 0.079139 0.434170 0.012911 
0.043015 0.013698 0.015401 0.050075 0.029883 
0.009090 0.027809 0.020471 0.042917 0.035606 
0.041659 0.041490 0.023991 0.005686 0.015262 
0.087130 0.033470 0.046870 0.049530 0.039770 
0.088610 0.033620 0.036890 0.080480 0.085360 
0.014750 0.040430 0.050680 0.038260 0.040900 
0.069580 0.058540 0.064720 0.010490 0.029920 
65
0.479817 0.014481 0.046210 
0.462778 0.970413 0.462022 
0.057405 0.015107 0.491768 
0.047333 0.005161 0.045053 0.070949 0.011724 
0.035985 0.019309 0.018811 0.368727 0.033424 
0.010363 0.037125 0.028881 0.046956 0.090562 
0.045163 0.039188 0.026148 0.004726 0.014413 
0.087130 0.033470 0.046870 0.049530 0.039770 
0.088610 0.033620 0.036890 0.080480 0.085360 
0.014750 0.040430 0.050680 0.038260 0.040900 
0.069580 0.058540 0.064720 0.010490 0.029920 
66
0.479817 0.014481 0.046210 
0.462778 0.970413 0.462022 
0.057405 0.015107 0.491768 
0.052890 0.003111 0.100982 0.446648 0.012456 
0.034149 0.013001 0.014315 0.047547 0.028353 
0.008584 0.026426 0.019909 0.042559 0.033424 
0.040559 0.032430 0.022678 0.005414 0.014564 
0.087130 0.033470 0.046870 0.049530 0.039770 
0.088610 0.033620 0.036890 0.080480 0.085360 
0.014750 0.040430 0.050680 0.038260 0.040900 
0.069580 0.058540 0.064720 0.010490 0.029920 
67
0.479817 0.014481 0.046210 
0.462778 0.970413 0.462022 
0.057405 0.015107 0.491768 
0.081469 0.004602 0.053273 0.059528 0.017510 
0.039096 0.018130 0.028752 0.099800 0.048643 
0.014293 0.035311 0.025630 0.041261 0.265314 
0.053218 0.047295 0.036199 0.008428 0.022248 
0.087130 0.033470 0.046870 0.049530 0.039770 
0.088610 0.033620 0.036890 0.080480 0.085360 
0.014750 0.040430 0.050680 0.038260 0.040900 
0.069580 0.058540 0.064720 0.010490 0.029920 
68
0.479817 0.014481 0.046210 
0.462778 0.970413 0.462022 
0.057405 0.015107 0.491768 
0.062501 0.004187 0.045948 0.059677 0.014288 
0.062807 0.017246 0.021834 0.342013 0.038391 
0.011277 0.035270 0.025697 0.041330 0.062255 
0.052966 0.047054 0.029934 0.006834 0.018490 
0.087130 0.033470 0.046870 0.049530 0.039770 
0.088610 0.033620 0.036890 0.080480 0.085360 
0.014750 0.040430 0.050680 0.038260 0.040900 
0.069580 0.058540 0.064720 0.010490 0.029920 
69
0.479817 0.014481 0.046210 
0.462778 0.970413 0.462022 
0.057405 0.015107 0.491768 
0.052742 0.009424 0.008514 0.010044 0.043395 
0.015340 0.007173 0.083739 0.010603 0.519152 
0.024906 0.008844 0.010023 0.009846 0.011301 
0.014290 0.027764 0.104586 0.008290 0.020024 
0.087130 0.033470 0.046870 0.049530 0.039770 
0.088610 0.033620 0.036890 0.080480 0.085360 
0.014750 0.040430 0.050680 0.038260 0.040900 
0.069580 0.058540 0.064720 0.010490 0.029920 
70
0.479817 0.014481 0.046210 
0.462778 0.970413 0.462022 
0.057405 0.015107 0.491768 
0.036629 0.005803 0.020781 0.024212 0.065868 
0.036575 0.018205 0.024540 0.030588 0.042276 
0.011082 0.019029 0.015278 0.018653 0.024037 
0.028368 0.026867 0.035945 0.016782 0.498482 
0.087130 0.033470 0.046870 0.049530 0.039770 
0.088610 0.033620 0.036890 0.080480 0.085360 
0.014750 0.040430 0.050680 0.038260 0.040900 
0.069580 0.058540 0.064720 0.010490 0.029920 
71
0.479817 0.014481 0.046210 
0.462778 0.970413 0.462022 
0.057405 0.020185 0.486431 
0.467786 0.010120 0.026584 0.030902 0.021412 
0.047364 0.011967 0.030885 0.029805 0.049360 
0.013822 0.021228 0.018927 0.021656 0.025518 
0.063867 0.033395 0.049006 0.006869 0.019525 
0.087129 0.033470 0.046870 0.049530 0.039770 
0.088609 0.033620 0.036899 0.080479 0.085359 
0.014750 0.040430 0.050680 0.038260 0.040900 
0.069579 0.058539 0.064719 0.010490 0.029920 
72
0.479817 0.014481 0.045709 
0.462778 0.965335 0.467861 
0.057405 0.015107 0.491768 
0.047703 0.012544 0.007979 0.007595 0.036104 
0.015561 0.006693 0.261534 0.010678 0.095532 
0.018504 0.007470 0.011744 0.007355 0.009850 
0.015908 0.027849 0.372775 0.006567 0.020057 
0.087130 0.033470 0.046870 0.049530 0.039770 
0.088610 0.033620 0.036890 0.080480 0.085360 
0.014750 0.040430 0.050680 0.038260 0.040900 
0.069580 0.058540 0.064720 0.010490 0.029920 
73
0.479817 0.014481 0.046210 
0.462778 0.970413 0.462022 
0.057405 0.015107 0.491768 
0.065917 0.012241 0.019745 0.020213 0.046352 
0.034091 0.012941 0.267219 0.028701 0.133503 
0.023542 0.016379 0.017597 0.017280 0.028774 
0.027228 0.034267 0.156300 0.009851 0.027859 
0.087130 0.033470 0.046870 0.049530 0.039770 
0.088610 0.033620 0.036890 0.080480 0.085360 
0.014750 0.040430 0.050680 0.038260 0.040900 
0.069580 0.058540 0.064720 0.010490 0.029920 
74
0.479817 0.014481 0.046210 
0.462778 0.970413 0.462022 
0.057405 0.015107 0.491768 
0.053034 0.003615 0.390391 0.078864 0.012153 
0.042335 0.014712 0.017011 0.045478 0.026721 
0.008338 0.086187 0.021720 0.031567 0.029901 
0.059258 0.037255 0.023672 0.004297 0.013490 
0.087130 0.033470 0.046870 0.049530 0.039770 
0.088610 0.033620 0.036890 0.080480 0.085360 
0.014750 0.040430 0.050680 0.038260 0.040900 
0.069580 0.058540 0.064720 0.010490 0.029920 
75
0.479817 0.014481 0.046210 
0.462778 0.970413 0.462022 
0.057405 0.015107 0.491768 
0.238135 0.011180 0.035282 0.039343 0.025930 
0.058193 0.014400 0.033707 0.036159 0.051653 
0.014972 0.030056 0.024588 0.026623 0.029422 
0.186156 0.059225 0.053894 0.008089 0.022994 
0.087130 0.033470 0.046870 0.049530 0.039770 
0.088610 0.033620 0.036890 0.080480 0.085360 
0.014750 0.040430 0.050680 0.038260 0.040900 
0.069580 0.058540 0.064720 0.010490 0.029920 
76
0.479817 0.014481 0.046210 
0.462778 0.970413 0.462022 
0.057405 0.015107 0.491768 
0.047468 0.010298 0.011037 0.013804 0.380999 
0.022559 0.012965 0.080899 0.011309 0.124454 
0.025472 0.011804 0.012085 0.011609 0.011229 
0.020666 0.024760 0.084603 0.021159 0.060820 
0.087130 0.033470 0.046870 0.049530 0.039770 
0.088610 0.033620 0.036890 0.080480 0.085360 
0.014750 0.040430 0.050680 0.038260 0.040900 
0.069580 0.058540 0.064720 0.010490 0.029920 
77
0.479817 0.014481 0.046210 
0.462778 0.970413 0.462022 
0.057405 0.015107 0.491768 
0.299732 0.011043 0.036649 0.048756 0.026240 
0.053275 0.015965 0.039620 0.044129 0.061837 
0.017658 0.031958 0.024105 0.040464 0.036545 
0.063293 0.042118 0.072835 0.008775 0.025004 
0.087130 0.033470 0.046870 0.049530 0.039770 
0.088610 0.033620 0.036890 0.080480 0.085360 
0.014750 0.040430 0.050680 0.038260 0.040900 
0.069580 0.058540 0.064720 0.010490 0.029920 
78
0.479817 0.014481 0.046210 
0.462778 0.970413 0.462022 
0.057405 0.015107 0.491768 
0.062288 0.004920 0.048654 0.063295 0.016660 
0.039684 0.018657 0.023684 0.065009 0.041596 
0.012424 0.040332 0.025853 0.294150 0.092448 
0.046429 0.042524 0.032944 0.007707 0.020743 
0.087130 0.033470 0.046870 0.049530 0.039770 
0.088610 0.033620 0.036890 0.080480 0.085360 
0.014750 0.040430 0.050680 0.038260 0.040900 
0.069580 0.058540 0.064720 0.010490 0.029920 
79
0.479817 0.014481 0.046210 
0.462778 0.970413 0.462022 
0.057405 0.015107 0.491768 
0.064735 0.006468 0.071025 0.046805 0.019112 
0.064594 0.019640 0.021165 0.047117 0.036194 
0.010972 0.282439 0.029981 0.031754 0.036829 
0.106187 0.045853 0.029750 0.008153 0.021228 
0.087130 0.033470 0.046870 0.049530 0.039770 
0.088610 0.033620 0.036890 0.080480 0.085360 
0.014750 0.040430 0.050680 0.038260 0.040900 
0.069580 0.058540 0.064720 0.010490 0.029920 
80
0.479817 0.014481 0.046210 
0.462778 0.970413 0.462022 
0.057405 0.078960 0.432140 
0.064428 0.006319 0.075287 0.049446 0.019193 
0.084708 0.020533 0.021164 0.058008 0.036576 
0.011281 0.270358 0.030833 0.033857 0.039780 
0.075497 0.043612 0.029091 0.008384 0.021645 
0.087141 0.033466 0.046865 0.049524 0.039766 
0.088692 0.033616 0.036886 0.080471 0.085350 
0.014748 0.040425 0.050674 0.038256 0.040895 
0.069572 0.058533 0.064713 0.010489 0.029917 
81
0.479817 0.014481 0.040607 
0.462778 0.906559 0.527253 
0.057405 0.015107 0.491768 
0.088533 0.007293 0.053031 0.064459 0.027213 
0.060717 0.038224 0.037485 0.062061 0.075011 
0.017642 0.039340 0.027286 0.169061 0.048496 
0.050431 0.049403 0.045019 0.010735 0.028558 
0.087130 0.033470 0.046870 0.049530 0.039770 
0.088610 0.033620 0.036890 0.080480 0.085360 
0.014750 0.040430 0.050680 0.038260 0.040900 
0.069580 0.058540 0.064720 0.010490 0.029920 
82
0.479817 0.014481 0.046210 
0.462778 0.970413 0.462022 
0.057405 0.015107 0.491768 
0.064859 0.011215 0.016178 0.018308 0.059606 
0.025061 0.012562 0.077575 0.019404 0.398987 
0.037352 0.015208 0.014143 0.019815 0.020346 
0.022066 0.028814 0.083557 0.011620 0.043324 
0.087130 0.033470 0.046870 0.049530 0.039770 
0.088610 0.033620 0.036890 0.080480 0.085360 
0.014750 0.040430 0.050680 0.038260 0.040900 
0.069580 0.058540 0.064720 0.010490 0.029920 
83
0.479817 0.014481 0.046210 
0.462778 0.970413 0.462022 
0.057405 0.015107 0.491768 
0.067859 0.007135 0.062754 0.052651 0.023728 
0.287629 0.020322 0.028178 0.041173 0.039395 
0.013976 0.089976 0.031227 0.027765 0.032072 
0.065182 0.043290 0.030344 0.010235 0.025110 
0.087130 0.033470 0.046870 0.049530 0.039770 
0.088610 0.033620 0.036890 0.080480 0.085360 
