%  SAM: modelfromalign v3.5 (July 15, 2005) compiled 12/05/20_11:48:22
%  (c) 1992-2001 Regents of the University of California, Santa Cruz
%
%          Sequence Alignment and Modeling Software System
%         http://www.cse.ucsc.edu/research/compbio/sam.html
%
% ----------------- Citations (SAM, SAM-T2K, HMMs) --------------------
% R. Hughey, A. Krogh, Hidden Markov models for sequence analysis:
%  Extension and analysis of the basic method, CABIOS 12:95-107, 1996.
% K. Karplus, et al., What is the value added by human intervention in protein
%  structure prediction, Proteins: Stucture, Function, Genetics 45(S5):86--91, 2001.
% A. Krogh et al., Hidden Markov models in computational biology:
%  Applications to protein modeling, JMB 235:1501-1531, Feb 1994.
% ---------------------------------------------------------------------
%  trimmed-uniq   Host: gauntlet    Thu Feb 11 16:20:40 2021
%  dgpinheiro     Dir:  /data/GitHub/sfFinder/example/output/subfamily/TEST1/flowerpower/fp-workspace/iter3
% ---------------------------------------------------------------------
% Prior File:  Internal (Name: recode3.20comp) 
%   20 priors on 20 characters.
%  Alignment weights from internal calc.  Total (1.56) Max (0.00) Min (0.00)
%  Weights from alignment method 1 (karplus), b=0.500000, e=0.500000
MODEL --  Model from alignment file trimmed-uniq.a2m
alphabet protein
FREQAVE
0.000000 0.000000 0.000000 
0.000000 0.000000 0.000000 
0.000000 0.000000 0.000000 
0.073230 0.015714 0.056926 0.066542 0.049643 
0.061761 0.028615 0.052066 0.058197 0.085110 
0.025957 0.041843 0.045311 0.042474 0.052338 
0.059151 0.053804 0.060954 0.023471 0.046895 
0.073230 0.015714 0.056926 0.066542 0.049643 
0.061761 0.028615 0.052066 0.058197 0.085110 
0.025957 0.041843 0.045311 0.042474 0.052338 
0.059151 0.053804 0.060954 0.023471 0.046895 
Begin
0.000000 0.000000 0.000000 
0.000000 0.000000 0.000000 
0.000000 0.102161 0.806495 
0.000000 0.000000 0.000000 0.000000 0.000000 
0.000000 0.000000 0.000000 0.000000 0.000000 
0.000000 0.000000 0.000000 0.000000 0.000000 
0.000000 0.000000 0.000000 0.000000 0.000000 
0.087137 0.033411 0.046875 0.049460 0.039687 
0.088503 0.033556 0.036842 0.080766 0.085463 
0.014903 0.040444 0.050638 0.038240 0.040937 
0.069510 0.058600 0.064638 0.010468 0.029923 
1
0.000000 0.014481 0.062791 
0.000000 0.883358 0.130713 
0.041829 0.016477 0.491768 
0.082232 0.007918 0.057703 0.065189 0.030080 
0.062656 0.021773 0.047900 0.135794 0.071201 
0.029700 0.044047 0.035977 0.043777 0.055143 
0.055524 0.050902 0.058438 0.012233 0.031811 
0.087130 0.033470 0.046870 0.049530 0.039770 
0.088610 0.033620 0.036890 0.080480 0.085360 
0.014750 0.040430 0.050680 0.038260 0.040900 
0.069580 0.058540 0.064720 0.010490 0.029920 
2
0.620965 0.015794 0.046210 
0.337206 0.967728 0.462022 
0.041829 0.016477 0.491768 
0.096795 0.007223 0.058595 0.066439 0.027473 
0.064331 0.022496 0.043235 0.093826 0.064821 
0.018574 0.045474 0.050224 0.044602 0.093326 
0.057080 0.049285 0.053211 0.011917 0.031073 
0.087130 0.033470 0.046870 0.049530 0.039770 
0.088610 0.033620 0.036890 0.080480 0.085360 
0.014750 0.040430 0.050680 0.038260 0.040900 
0.069580 0.058540 0.064720 0.010490 0.029920 
3
0.619812 0.015794 0.046210 
0.338359 0.967728 0.462022 
0.041877 0.016471 0.491768 
0.083612 0.011368 0.037733 0.042091 0.044621 
0.049943 0.019522 0.076020 0.054488 0.191623 
0.033644 0.031262 0.028821 0.030669 0.039930 
0.041607 0.043165 0.087819 0.015316 0.036748 
0.087130 0.033470 0.046870 0.049530 0.039770 
0.088610 0.033620 0.036890 0.080480 0.085360 
0.014750 0.040430 0.050680 0.038260 0.040900 
0.069580 0.058540 0.064720 0.010490 0.029920 
4
0.620527 0.015788 0.046210 
0.337596 0.967741 0.462022 
0.041877 0.016471 0.491768 
0.081270 0.009787 0.058665 0.052531 0.035821 
0.076232 0.024155 0.049321 0.051510 0.106937 
0.020484 0.100199 0.036172 0.036088 0.043723 
0.058771 0.049920 0.059589 0.013857 0.034968 
0.087130 0.033470 0.046870 0.049530 0.039770 
0.088610 0.033620 0.036890 0.080480 0.085360 
0.014750 0.040430 0.050680 0.038260 0.040900 
0.069580 0.058540 0.064720 0.010490 0.029920 
5
0.620527 0.015788 0.046210 
0.337596 0.967741 0.462022 
0.041877 0.016471 0.491768 
0.112968 0.010885 0.049082 0.052384 0.039378 
0.064959 0.022378 0.060584 0.050834 0.120370 
0.025341 0.046471 0.034397 0.042432 0.044640 
0.052050 0.047333 0.072348 0.014228 0.036939 
0.087130 0.033470 0.046870 0.049530 0.039770 
0.088610 0.033620 0.036890 0.080480 0.085360 
0.014750 0.040430 0.050680 0.038260 0.040900 
0.069580 0.058540 0.064720 0.010490 0.029920 
6
0.460451 0.015788 0.046210 
0.497672 0.967741 0.462022 
0.049858 0.015635 0.491768 
0.072832 0.004933 0.051543 0.066485 0.018105 
0.043841 0.019491 0.029168 0.236861 0.049648 
0.014363 0.039204 0.029587 0.045786 0.116175 
0.049609 0.043374 0.037568 0.008557 0.022868 
0.087130 0.033470 0.046870 0.049530 0.039770 
0.088610 0.033620 0.036890 0.080480 0.085360 
0.014750 0.040430 0.050680 0.038260 0.040900 
0.069580 0.058540 0.064720 0.010490 0.029920 
7
0.548206 0.014987 0.046210 
0.401936 0.969377 0.462022 
0.049858 0.015635 0.491768 
0.068334 0.004674 0.219532 0.147436 0.018667 
0.049978 0.018349 0.022954 0.059408 0.040181 
0.011896 0.053935 0.027254 0.045706 0.046818 
0.063248 0.042178 0.031293 0.007779 0.020382 
0.087130 0.033470 0.046870 0.049530 0.039770 
0.088610 0.033620 0.036890 0.080480 0.085360 
0.014750 0.040430 0.050680 0.038260 0.040900 
0.069580 0.058540 0.064720 0.010490 0.029920 
8
0.548206 0.014987 0.046210 
0.401936 0.969377 0.462022 
0.049858 0.015635 0.491768 
0.076693 0.004919 0.098168 0.071162 0.017904 
0.048474 0.019489 0.027977 0.219492 0.047628 
0.013688 0.051109 0.031639 0.046576 0.062176 
0.052384 0.044230 0.036098 0.008166 0.022028 
0.087130 0.033470 0.046870 0.049530 0.039770 
0.088610 0.033620 0.036890 0.080480 0.085360 
0.014750 0.040430 0.050680 0.038260 0.040900 
0.069580 0.058540 0.064720 0.010490 0.029920 
9
0.548206 0.014987 0.046210 
0.401936 0.969377 0.462022 
0.049858 0.015635 0.491768 
0.056284 0.009327 0.025393 0.028824 0.089257 
0.041128 0.022837 0.046367 0.027259 0.072630 
0.018921 0.025107 0.019985 0.021903 0.028335 
0.036777 0.035045 0.058577 0.034674 0.301371 
0.087130 0.033470 0.046870 0.049530 0.039770 
0.088610 0.033620 0.036890 0.080480 0.085360 
0.014750 0.040430 0.050680 0.038260 0.040900 
0.069580 0.058540 0.064720 0.010490 0.029920 
10
0.546963 0.014987 0.046210 
0.403179 0.969377 0.462022 
0.049920 0.015630 0.491768 
0.103843 0.007898 0.050465 0.060131 0.033317 
0.056301 0.024156 0.050550 0.064325 0.078043 
0.022132 0.039131 0.031611 0.067768 0.091764 
0.049107 0.047030 0.060100 0.013826 0.048502 
0.087130 0.033470 0.046870 0.049530 0.039770 
0.088610 0.033620 0.036890 0.080480 0.085360 
0.014750 0.040430 0.050680 0.038260 0.040900 
0.069580 0.058540 0.064720 0.010490 0.029920 
11
0.547644 0.014982 0.046210 
0.402436 0.969387 0.462022 
0.049920 0.015630 0.491768 
0.083834 0.013578 0.050803 0.040464 0.054304 
0.068163 0.030022 0.063081 0.037491 0.101547 
0.025854 0.040892 0.031482 0.029233 0.042719 
0.050095 0.044284 0.071310 0.020859 0.099987 
0.087130 0.033470 0.046870 0.049530 0.039770 
0.088610 0.033620 0.036890 0.080480 0.085360 
0.014750 0.040430 0.050680 0.038260 0.040900 
0.069580 0.058540 0.064720 0.010490 0.029920 
12
0.418517 0.014982 0.046210 
0.531563 0.969387 0.462022 
0.057322 0.015112 0.491768 
0.047483 0.009431 0.008936 0.010235 0.040514 
0.015550 0.007701 0.089694 0.011032 0.456339 
0.113122 0.009103 0.009469 0.010308 0.012048 
0.013865 0.031738 0.074690 0.008350 0.020391 
0.087130 0.033470 0.046870 0.049530 0.039770 
0.088610 0.033620 0.036890 0.080480 0.085360 
0.014750 0.040430 0.050680 0.038260 0.040900 
0.069580 0.058540 0.064720 0.010490 0.029920 
13
0.480572 0.014485 0.046210 
0.462106 0.970403 0.462022 
0.057322 0.015112 0.491768 
0.077265 0.005772 0.030580 0.032991 0.015292 
0.030427 0.011866 0.023637 0.033084 0.032029 
0.009519 0.029076 0.020158 0.024176 0.025560 
0.083579 0.457783 0.035353 0.005493 0.016361 
0.087130 0.033470 0.046870 0.049530 0.039770 
0.088610 0.033620 0.036890 0.080480 0.085360 
0.014750 0.040430 0.050680 0.038260 0.040900 
0.069580 0.058540 0.064720 0.010490 0.029920 
14
0.479840 0.014485 0.046210 
0.462838 0.970403 0.462022 
0.057364 0.015109 0.491768 
0.038480 0.004033 0.030851 0.035045 0.012398 
0.033293 0.012921 0.016701 0.038244 0.029455 
0.008300 0.024354 0.020024 0.024628 0.568193 
0.030346 0.028561 0.023979 0.005525 0.014667 
0.087130 0.033470 0.046870 0.049530 0.039770 
0.088610 0.033620 0.036890 0.080480 0.085360 
0.014750 0.040430 0.050680 0.038260 0.040900 
0.069580 0.058540 0.064720 0.010490 0.029920 
15
0.480192 0.014483 0.046210 
0.462445 0.970408 0.462022 
0.057364 0.015109 0.491768 
0.035868 0.003174 0.476738 0.046981 0.009522 
0.109720 0.011746 0.012855 0.032623 0.019646 
0.006022 0.072007 0.018384 0.021221 0.021714 
0.038880 0.030699 0.018302 0.003277 0.010621 
0.087130 0.033470 0.046870 0.049530 0.039770 
0.088610 0.033620 0.036890 0.080480 0.085360 
0.014750 0.040430 0.050680 0.038260 0.040900 
0.069580 0.058540 0.064720 0.010490 0.029920 
16
0.480192 0.014483 0.046210 
0.462445 0.970408 0.462022 
0.057364 0.015109 0.491768 
0.034691 0.007514 0.005965 0.007189 0.029935 
0.010996 0.005316 0.058080 0.007572 0.570346 
0.101117 0.006493 0.007652 0.007299 0.008134 
0.010343 0.024854 0.074197 0.006612 0.015696 
0.087130 0.033470 0.046870 0.049530 0.039770 
0.088610 0.033620 0.036890 0.080480 0.085360 
0.014750 0.040430 0.050680 0.038260 0.040900 
0.069580 0.058540 0.064720 0.010490 0.029920 
17
0.479472 0.014483 0.046210 
0.463164 0.970408 0.462022 
0.057405 0.015107 0.491768 
0.133718 0.006286 0.114710 0.040570 0.018249 
0.281992 0.017005 0.021623 0.036822 0.034455 
0.011464 0.061203 0.025157 0.024873 0.027126 
0.059850 0.032305 0.025414 0.007701 0.019476 
0.087130 0.033470 0.046870 0.049530 0.039770 
0.088610 0.033620 0.036890 0.080480 0.085360 
0.014750 0.040430 0.050680 0.038260 0.040900 
0.069580 0.058540 0.064720 0.010490 0.029920 
18
0.479817 0.014481 0.046210 
0.462778 0.970413 0.462022 
0.057405 0.015107 0.491768 
0.015606 0.004871 0.007271 0.009312 0.034214 
0.015475 0.005470 0.016011 0.007543 0.041008 
0.009821 0.006037 0.006897 0.004960 0.012158 
0.010103 0.008779 0.020998 0.734106 0.029359 
0.087130 0.033470 0.046870 0.049530 0.039770 
0.088610 0.033620 0.036890 0.080480 0.085360 
0.014750 0.040430 0.050680 0.038260 0.040900 
0.069580 0.058540 0.064720 0.010490 0.029920 
19
0.479817 0.014481 0.046210 
0.462778 0.970413 0.462022 
0.057405 0.015107 0.491768 
0.073724 0.002110 0.133081 0.390271 0.011849 
0.030619 0.011015 0.012442 0.048240 0.027149 
0.008290 0.023763 0.016954 0.054703 0.030393 
0.049415 0.037977 0.020461 0.004725 0.012822 
0.087130 0.033470 0.046870 0.049530 0.039770 
0.088610 0.033620 0.036890 0.080480 0.085360 
0.014750 0.040430 0.050680 0.038260 0.040900 
0.069580 0.058540 0.064720 0.010490 0.029920 
20
0.479817 0.014481 0.046210 
0.462778 0.970413 0.462022 
0.057405 0.015107 0.491768 
0.063368 0.005019 0.035142 0.031195 0.028571 
0.040599 0.010021 0.033892 0.044179 0.061148 
0.007793 0.028247 0.348195 0.022268 0.027546 
0.052945 0.085192 0.048399 0.006810 0.019470 
0.087130 0.033470 0.046870 0.049530 0.039770 
0.088610 0.033620 0.036890 0.080480 0.085360 
0.014750 0.040430 0.050680 0.038260 0.040900 
0.069580 0.058540 0.064720 0.010490 0.029920 
21
0.479817 0.014481 0.046210 
0.462778 0.970413 0.462022 
0.057405 0.015107 0.491768 
0.042672 0.006042 0.031986 0.029951 0.014098 
0.035763 0.010673 0.021666 0.027236 0.021664 
0.007348 0.034269 0.020989 0.021841 0.019368 
0.343730 0.254062 0.035782 0.004811 0.016048 
0.087130 0.033470 0.046870 0.049530 0.039770 
0.088610 0.033620 0.036890 0.080480 0.085360 
0.014750 0.040430 0.050680 0.038260 0.040900 
0.069580 0.058540 0.064720 0.010490 0.029920 
22
0.479817 0.014481 0.046210 
0.462778 0.970413 0.462022 
0.057405 0.015107 0.491768 
0.021921 0.004180 0.013093 0.012576 0.044904 
0.021566 0.011824 0.018913 0.012360 0.030773 
0.007399 0.010988 0.010928 0.009510 0.013046 
0.017066 0.016061 0.025254 0.011103 0.686534 
0.087130 0.033470 0.046870 0.049530 0.039770 
0.088610 0.033620 0.036890 0.080480 0.085360 
0.014750 0.040430 0.050680 0.038260 0.040900 
0.069580 0.058540 0.064720 0.010490 0.029920 
23
0.479817 0.014481 0.046210 
0.462778 0.970413 0.462022 
0.057405 0.015107 0.491768 
0.053769 0.004259 0.043598 0.085317 0.014151 
0.033086 0.016056 0.020001 0.055548 0.035445 
0.010714 0.031638 0.022283 0.361465 0.050862 
0.040661 0.037932 0.059105 0.006532 0.017578 
0.087130 0.033470 0.046870 0.049530 0.039770 
0.088610 0.033620 0.036890 0.080480 0.085360 
0.014750 0.040430 0.050680 0.038260 0.040900 
0.069580 0.058540 0.064720 0.010490 0.029920 
24
0.479817 0.014481 0.046210 
0.462778 0.970413 0.462022 
0.057405 0.015107 0.491768 
0.069290 0.004844 0.073581 0.058061 0.017883 
0.049190 0.016781 0.026753 0.149877 0.043071 
0.011249 0.044255 0.077871 0.037919 0.054352 
0.112074 0.091735 0.033995 0.007348 0.019870 
0.087130 0.033470 0.046870 0.049530 0.039770 
0.088610 0.033620 0.036890 0.080480 0.085360 
0.014750 0.040430 0.050680 0.038260 0.040900 
0.069580 0.058540 0.064720 0.010490 0.029920 
25
0.479817 0.014481 0.046210 
0.462778 0.970413 0.462022 
0.057405 0.015107 0.491768 
0.081996 0.004212 0.049811 0.094563 0.019018 
0.037902 0.053106 0.034550 0.211045 0.058168 
0.027106 0.034152 0.026043 0.045826 0.073747 
0.043342 0.034394 0.038586 0.008808 0.023625 
0.087130 0.033470 0.046870 0.049530 0.039770 
0.088610 0.033620 0.036890 0.080480 0.085360 
0.014750 0.040430 0.050680 0.038260 0.040900 
0.069580 0.058540 0.064720 0.010490 0.029920 
26
0.479817 0.014481 0.046210 
0.462778 0.970413 0.462022 
0.057405 0.015107 0.491768 
0.077341 0.001575 0.201796 0.295205 0.011318 
0.031303 0.010356 0.011493 0.072066 0.026446 
0.007632 0.027814 0.015821 0.065665 0.030186 
0.051357 0.028530 0.018553 0.004095 0.011445 
0.087130 0.033470 0.046870 0.049530 0.039770 
0.088610 0.033620 0.036890 0.080480 0.085360 
0.014750 0.040430 0.050680 0.038260 0.040900 
0.069580 0.058540 0.064720 0.010490 0.029920 
27
0.479817 0.014481 0.046210 
0.462778 0.970413 0.462022 
0.057405 0.015107 0.491768 
0.071213 0.002746 0.310625 0.147195 0.011530 
0.038204 0.013112 0.015232 0.084127 0.027098 
0.008093 0.056231 0.019503 0.041506 0.031927 
0.047122 0.032970 0.024823 0.004173 0.012570 
0.087130 0.033470 0.046870 0.049530 0.039770 
0.088610 0.033620 0.036890 0.080480 0.085360 
0.014750 0.040430 0.050680 0.038260 0.040900 
0.069580 0.058540 0.064720 0.010490 0.029920 
28
0.479817 0.014481 0.046210 
0.462778 0.970413 0.462022 
0.057405 0.015107 0.491768 
0.052498 0.012229 0.006270 0.005318 0.032656 
0.011989 0.005571 0.303488 0.008821 0.085804 
0.014906 0.005712 0.010474 0.005358 0.007702 
0.013716 0.026658 0.367735 0.005331 0.017766 
0.087130 0.033470 0.046870 0.049530 0.039770 
0.088610 0.033620 0.036890 0.080480 0.085360 
0.014750 0.040430 0.050680 0.038260 0.040900 
0.069580 0.058540 0.064720 0.010490 0.029920 
29
0.479817 0.014481 0.046210 
0.462778 0.970413 0.462022 
0.057405 0.015107 0.491768 
0.022250 0.007022 0.004804 0.010811 0.550544 
0.011082 0.007767 0.030522 0.007424 0.054203 
0.010930 0.005313 0.007163 0.007926 0.003992 
0.015453 0.016032 0.032669 0.033315 0.160779 
0.087130 0.033470 0.046870 0.049530 0.039770 
0.088610 0.033620 0.036890 0.080480 0.085360 
0.014750 0.040430 0.050680 0.038260 0.040900 
0.069580 0.058540 0.064720 0.010490 0.029920 
30
0.479817 0.014481 0.046210 
0.462778 0.970413 0.462022 
0.057405 0.015107 0.491768 
0.042214 0.003577 0.028890 0.028120 0.013910 
0.032625 0.009660 0.019327 0.041495 0.032272 
0.005798 0.022250 0.558568 0.019695 0.029739 
0.034800 0.029290 0.028859 0.004981 0.013930 
0.087130 0.033470 0.046870 0.049530 0.039770 
0.088610 0.033620 0.036890 0.080480 0.085360 
0.014750 0.040430 0.050680 0.038260 0.040900 
0.069580 0.058540 0.064720 0.010490 0.029920 
31
0.479817 0.087842 0.046210 
0.462778 0.897051 0.462022 
0.043213 0.016303 0.491768 
0.085570 0.007985 0.078428 0.086553 0.032976 
0.059291 0.081243 0.038494 0.059192 0.063624 
0.018383 0.048947 0.029542 0.068868 0.048235 
0.056094 0.043908 0.044714 0.014021 0.033930 
0.087130 0.033470 0.046870 0.049530 0.039770 
0.088610 0.033620 0.036890 0.080480 0.085360 
0.014750 0.040430 0.050680 0.038260 0.040900 
0.069580 0.058540 0.064720 0.010490 0.029920 
32
0.608420 0.029470 0.046210 
0.348367 0.954228 0.462022 
0.041423 0.016532 0.491768 
0.082161 0.013468 0.057550 0.073994 0.033103 
0.060405 0.024191 0.050797 0.065819 0.077701 
0.021541 0.045476 0.053513 0.042849 0.056323 
0.068515 0.062511 0.065897 0.011345 0.032840 
0.087130 0.033470 0.046870 0.049530 0.039770 
0.088610 0.033620 0.036890 0.080480 0.085360 
0.014750 0.040430 0.050680 0.038260 0.040900 
0.069580 0.058540 0.064720 0.010490 0.029920 
33
0.387663 0.016367 0.046210 
0.570914 0.967101 0.462022 
0.054179 0.015310 0.491768 
0.062232 0.010519 0.026160 0.027632 0.104303 
0.045945 0.026909 0.053456 0.023587 0.108108 
0.022733 0.029445 0.019850 0.023284 0.028907 
0.036252 0.036452 0.063326 0.029284 0.221616 
0.087130 0.033470 0.046870 0.049530 0.039770 
0.088610 0.033620 0.036890 0.080480 0.085360 
0.014750 0.040430 0.050680 0.038260 0.040900 
0.069580 0.058540 0.064720 0.010490 0.029920 
34
0.454859 0.014676 0.046210 
0.490963 0.970014 0.462022 
0.057283 0.015114 0.491768 
0.072274 0.002234 0.154237 0.320064 0.012966 
0.033218 0.011856 0.014744 0.058904 0.029499 
0.008699 0.027990 0.017910 0.054465 0.032494 
0.063237 0.041065 0.025426 0.005079 0.013639 
0.087130 0.033470 0.046870 0.049530 0.039770 
0.088610 0.033620 0.036890 0.080480 0.085360 
0.014750 0.040430 0.050680 0.038260 0.040900 
0.069580 0.058540 0.064720 0.010490 0.029920 
35
0.478797 0.014488 0.046210 
0.463919 0.970398 0.462022 
0.057405 0.015107 0.491768 
0.102148 0.004955 0.081469 0.072468 0.023919 
0.059732 0.035691 0.039239 0.097761 0.065279 
0.017532 0.043631 0.023727 0.048087 0.118217 
0.051194 0.037024 0.040856 0.010701 0.026370 
0.087130 0.033470 0.046870 0.049530 0.039770 
0.088610 0.033620 0.036890 0.080480 0.085360 
0.014750 0.040430 0.050680 0.038260 0.040900 
0.069580 0.058540 0.064720 0.010490 0.029920 
36
0.479817 0.014481 0.046210 
0.462778 0.970413 0.462022 
0.057405 0.015107 0.491768 
0.034337 0.007781 0.008278 0.016861 0.503807 
0.015757 0.010072 0.031894 0.011079 0.057422 
0.012174 0.008712 0.009226 0.010779 0.007577 
0.022904 0.022713 0.036590 0.034202 0.137836 
0.087130 0.033470 0.046870 0.049530 0.039770 
0.088610 0.033620 0.036890 0.080480 0.085360 
0.014750 0.040430 0.050680 0.038260 0.040900 
0.069580 0.058540 0.064720 0.010490 0.029920 
37
0.479817 0.014481 0.046210 
0.462778 0.970413 0.462022 
0.057405 0.015107 0.491768 
0.047731 0.002894 0.060682 0.492098 0.014241 
0.046636 0.012232 0.013674 0.053598 0.026693 
0.008252 0.024627 0.018162 0.038941 0.032218 
0.036791 0.030555 0.021469 0.005012 0.013494 
0.087130 0.033470 0.046870 0.049530 0.039770 
0.088610 0.033620 0.036890 0.080480 0.085360 
0.014750 0.040430 0.050680 0.038260 0.040900 
0.069580 0.058540 0.064720 0.010490 0.029920 
38
0.479817 0.014481 0.046210 
0.462778 0.970413 0.462022 
0.057405 0.015107 0.491768 
0.043992 0.002840 0.039158 0.016709 0.006544 
0.706586 0.006604 0.008327 0.018564 0.013904 
0.005067 0.021947 0.014458 0.010872 0.017077 
0.028603 0.017200 0.009327 0.003245 0.008975 
0.087130 0.033470 0.046870 0.049530 0.039770 
0.088610 0.033620 0.036890 0.080480 0.085360 
0.014750 0.040430 0.050680 0.038260 0.040900 
0.069580 0.058540 0.064720 0.010490 0.029920 
39
0.479817 0.014481 0.046210 
0.462778 0.970413 0.462022 
0.057405 0.015107 0.491768 
0.037720 0.008987 0.006567 0.007431 0.031989 
0.012296 0.005621 0.521737 0.008613 0.105957 
0.020159 0.006821 0.009055 0.007305 0.008613 
0.012055 0.020326 0.145195 0.006623 0.016931 
0.087130 0.033470 0.046870 0.049530 0.039770 
0.088610 0.033620 0.036890 0.080480 0.085360 
0.014750 0.040430 0.050680 0.038260 0.040900 
0.069580 0.058540 0.064720 0.010490 0.029920 
40
0.479817 0.014481 0.046210 
0.462778 0.970413 0.462022 
0.057405 0.015107 0.491768 
0.052161 0.004759 0.039089 0.051002 0.012613 
0.031922 0.019230 0.022866 0.440728 0.033435 
0.010018 0.031408 0.035198 0.036408 0.054659 
0.039209 0.035840 0.026872 0.006118 0.016467 
0.087130 0.033470 0.046870 0.049530 0.039770 
0.088610 0.033620 0.036890 0.080480 0.085360 
0.014750 0.040430 0.050680 0.038260 0.040900 
0.069580 0.058540 0.064720 0.010490 0.029920 
41
0.479817 0.014481 0.046210 
0.462778 0.970413 0.462022 
0.057405 0.015107 0.491768 
0.052728 0.009458 0.010185 0.011761 0.031517 
0.026150 0.007117 0.488026 0.013541 0.091726 
0.021890 0.009734 0.011119 0.010344 0.012456 
0.016638 0.028924 0.121690 0.006837 0.018160 
0.087130 0.033470 0.046870 0.049530 0.039770 
0.088610 0.033620 0.036890 0.080480 0.085360 
0.014750 0.040430 0.050680 0.038260 0.040900 
0.069580 0.058540 0.064720 0.010490 0.029920 
42
0.479817 0.014481 0.046210 
0.462778 0.970413 0.462022 
0.057405 0.015107 0.491768 
0.050605 0.005493 0.039930 0.077893 0.016434 
0.036163 0.041649 0.023408 0.052925 0.033209 
0.010572 0.035633 0.024502 0.032286 0.035830 
0.070436 0.352207 0.034396 0.006850 0.019580 
0.087130 0.033470 0.046870 0.049530 0.039770 
0.088610 0.033620 0.036890 0.080480 0.085360 
0.014750 0.040430 0.050680 0.038260 0.040900 
0.069580 0.058540 0.064720 0.010490 0.029920 
43
0.479817 0.014481 0.046210 
0.462778 0.970413 0.462022 
0.057405 0.015107 0.491768 
0.052373 0.002991 0.475387 0.065880 0.009709 
0.043973 0.012479 0.014676 0.039328 0.022129 
0.006974 0.075767 0.018361 0.026159 0.025293 
0.041835 0.032195 0.020354 0.003225 0.010913 
0.087130 0.033470 0.046870 0.049530 0.039770 
0.088610 0.033620 0.036890 0.080480 0.085360 
0.014750 0.040430 0.050680 0.038260 0.040900 
0.069580 0.058540 0.064720 0.010490 0.029920 
44
0.479817 0.014481 0.046210 
0.462778 0.970413 0.462022 
0.057405 0.015107 0.491768 
0.020479 0.005066 0.010505 0.013196 0.069767 
0.015537 0.012324 0.022251 0.012857 0.046412 
0.011074 0.010870 0.009575 0.009750 0.016263 
0.016559 0.015638 0.023415 0.596216 0.062249 
0.087130 0.033470 0.046870 0.049530 0.039770 
0.088610 0.033620 0.036890 0.080480 0.085360 
0.014750 0.040430 0.050680 0.038260 0.040900 
0.069580 0.058540 0.064720 0.010490 0.029920 
45
0.479817 0.014481 0.046210 
0.462778 0.970413 0.462022 
0.057405 0.015107 0.491768 
0.043359 0.003069 0.414216 0.087311 0.010564 
0.037541 0.012946 0.014935 0.040956 0.026844 
0.007404 0.075531 0.019124 0.029844 0.026260 
0.079134 0.034053 0.021009 0.004275 0.011624 
0.087130 0.033470 0.046870 0.049530 0.039770 
0.088610 0.033620 0.036890 0.080480 0.085360 
0.014750 0.040430 0.050680 0.038260 0.040900 
0.069580 0.058540 0.064720 0.010490 0.029920 
46
0.479817 0.014481 0.046210 
0.462778 0.970413 0.462022 
0.057405 0.015107 0.491768 
0.098419 0.003274 0.053541 0.064606 0.011779 
0.044795 0.015635 0.018628 0.334016 0.034285 
0.009414 0.037703 0.021277 0.080784 0.049724 
0.042427 0.034056 0.024822 0.005571 0.015244 
0.087130 0.033470 0.046870 0.049530 0.039770 
0.088610 0.033620 0.036890 0.080480 0.085360 
0.014750 0.040430 0.050680 0.038260 0.040900 
0.069580 0.058540 0.064720 0.010490 0.029920 
47
0.479817 0.014481 0.046210 
0.462778 0.970413 0.462022 
0.057405 0.015107 0.491768 
0.015675 0.004356 0.005084 0.009140 0.045984 
0.012273 0.005363 0.018232 0.007358 0.048522 
0.011717 0.005076 0.005321 0.004829 0.013327 
0.009321 0.008245 0.023515 0.709137 0.037526 
0.087130 0.033470 0.046870 0.049530 0.039770 
0.088610 0.033620 0.036890 0.080480 0.085360 
0.014750 0.040430 0.050680 0.038260 0.040900 
0.069580 0.058540 0.064720 0.010490 0.029920 
48
0.479817 0.014481 0.046210 
0.462778 0.970413 0.462022 
0.057405 0.015107 0.491768 
0.050532 0.002396 0.121332 0.463069 0.011127 
0.029512 0.011010 0.012211 0.043116 0.025456 
0.007841 0.022713 0.017055 0.043948 0.029110 
0.038321 0.029260 0.024720 0.004659 0.012612 
0.087130 0.033470 0.046870 0.049530 0.039770 
0.088610 0.033620 0.036890 0.080480 0.085360 
0.014750 0.040430 0.050680 0.038260 0.040900 
0.069580 0.058540 0.064720 0.010490 0.029920 
49
0.479817 0.014481 0.046210 
0.462778 0.970413 0.462022 
0.057405 0.015107 0.491768 
0.035126 0.002815 0.537390 0.095218 0.009074 
0.032534 0.011010 0.012064 0.033379 0.019725 
0.006033 0.048749 0.017116 0.023880 0.022855 
0.034361 0.026969 0.017836 0.003386 0.010480 
0.087130 0.033470 0.046870 0.049530 0.039770 
0.088610 0.033620 0.036890 0.080480 0.085360 
0.014750 0.040430 0.050680 0.038260 0.040900 
0.069580 0.058540 0.064720 0.010490 0.029920 
50
0.479817 0.014481 0.046210 
0.462778 0.970413 0.462022 
0.057405 0.015107 0.491768 
0.049092 0.004999 0.030336 0.035454 0.010542 
0.032282 0.010911 0.017040 0.032155 0.029222 
0.006340 0.020130 0.569416 0.018863 0.023656 
0.041800 0.028300 0.026000 0.003417 0.010044 
0.087130 0.033470 0.046870 0.049530 0.039770 
0.088610 0.033620 0.036890 0.080480 0.085360 
0.014750 0.040430 0.050680 0.038260 0.040900 
0.069580 0.058540 0.064720 0.010490 0.029920 
51
0.479817 0.014481 0.046210 
0.462778 0.970413 0.462022 
0.057405 0.015107 0.491768 
0.023990 0.006592 0.007222 0.011117 0.620397 
0.014143 0.006702 0.030978 0.008460 0.055202 
0.011324 0.006532 0.008560 0.007976 0.005502 
0.014953 0.015950 0.033826 0.025143 0.085433 
0.087130 0.033470 0.046870 0.049530 0.039770 
0.088610 0.033620 0.036890 0.080480 0.085360 
0.014750 0.040430 0.050680 0.038260 0.040900 
0.069580 0.058540 0.064720 0.010490 0.029920 
52
0.479817 0.014481 0.046210 
0.462778 0.970413 0.462022 
0.057405 0.015107 0.491768 
0.046826 0.003926 0.036170 0.046003 0.012747 
0.031576 0.015304 0.018539 0.083309 0.032761 
0.009990 0.029947 0.021440 0.033225 0.457615 
0.036417 0.034925 0.026510 0.006210 0.016558 
0.087130 0.033470 0.046870 0.049530 0.039770 
0.088610 0.033620 0.036890 0.080480 0.085360 
0.014750 0.040430 0.050680 0.038260 0.040900 
0.069580 0.058540 0.064720 0.010490 0.029920 
53
0.479817 0.014481 0.046210 
0.462778 0.970413 0.462022 
0.057405 0.015107 0.491768 
0.034375 0.007640 0.005593 0.006828 0.030745 
0.010745 0.005151 0.072832 0.007143 0.624599 
0.025448 0.006253 0.007726 0.007252 0.007772 
0.010146 0.017463 0.089689 0.006735 0.015862 
0.087130 0.033470 0.046870 0.049530 0.039770 
0.088610 0.033620 0.036890 0.080480 0.085360 
0.014750 0.040430 0.050680 0.038260 0.040900 
0.069580 0.058540 0.064720 0.010490 0.029920 
54
0.479817 0.014481 0.046210 
0.462778 0.970413 0.462022 
0.057405 0.015107 0.491768 
0.038607 0.005057 0.028859 0.029335 0.013254 
0.029620 0.010875 0.019629 0.028858 0.025717 
0.007671 0.027089 0.019319 0.021182 0.022305 
0.097194 0.525642 0.030191 0.004885 0.014710 
0.087130 0.033470 0.046870 0.049530 0.039770 
0.088610 0.033620 0.036890 0.080480 0.085360 
0.014750 0.040430 0.050680 0.038260 0.040900 
0.069580 0.058540 0.064720 0.010490 0.029920 
55
0.479817 0.014481 0.046210 
0.462778 0.970413 0.462022 
0.057405 0.015107 0.491768 
0.055411 0.009600 0.016802 0.020303 0.044465 
0.025207 0.010359 0.064944 0.021341 0.105589 
0.383323 0.015587 0.014346 0.016612 0.019613 
0.023556 0.028721 0.071050 0.009597 0.043574 
0.087130 0.033470 0.046870 0.049530 0.039770 
0.088610 0.033620 0.036890 0.080480 0.085360 
0.014750 0.040430 0.050680 0.038260 0.040900 
0.069580 0.058540 0.064720 0.010490 0.029920 
56
0.479817 0.014481 0.046210 
0.462778 0.970413 0.462022 
0.057405 0.015107 0.491768 
0.035575 0.003081 0.545628 0.045991 0.009498 
0.032892 0.011833 0.013002 0.035721 0.021190 
0.006482 0.048107 0.023068 0.023551 0.047441 
0.034591 0.028267 0.019027 0.003750 0.011304 
0.087130 0.033470 0.046870 0.049530 0.039770 
0.088610 0.033620 0.036890 0.080480 0.085360 
0.014750 0.040430 0.050680 0.038260 0.040900 
0.069580 0.058540 0.064720 0.010490 0.029920 
57
0.479817 0.014481 0.046210 
0.462778 0.970413 0.462022 
0.057405 0.015107 0.491768 
0.289127 0.008712 0.041302 0.062506 0.020439 
0.048069 0.014268 0.029240 0.042656 0.046019 
0.013402 0.031719 0.022393 0.029700 0.032686 
0.104082 0.092014 0.044196 0.007141 0.020331 
0.087130 0.033470 0.046870 0.049530 0.039770 
0.088610 0.033620 0.036890 0.080480 0.085360 
0.014750 0.040430 0.050680 0.038260 0.040900 
0.069580 0.058540 0.064720 0.010490 0.029920 
58
0.479817 0.014481 0.046210 
0.462778 0.970413 0.462022 
0.057405 0.015107 0.491768 
0.029010 0.008903 0.016097 0.018576 0.101632 
0.018974 0.028192 0.030264 0.019356 0.056565 
0.014389 0.018040 0.013311 0.013957 0.019826 
0.023444 0.021584 0.033207 0.030439 0.484231 
0.087130 0.033470 0.046870 0.049530 0.039770 
0.088610 0.033620 0.036890 0.080480 0.085360 
0.014750 0.040430 0.050680 0.038260 0.040900 
0.069580 0.058540 0.064720 0.010490 0.029920 
59
0.479817 0.014481 0.046210 
0.462778 0.970413 0.462022 
0.057405 0.015107 0.491768 
0.016751 0.004404 0.005676 0.009402 0.039344 
0.012614 0.005412 0.019660 0.007850 0.049087 
0.011750 0.005497 0.005738 0.005256 0.013092 
0.009689 0.008965 0.042282 0.694420 0.033113 
0.087130 0.033470 0.046870 0.049530 0.039770 
0.088610 0.033620 0.036890 0.080480 0.085360 
0.014750 0.040430 0.050680 0.038260 0.040900 
0.069580 0.058540 0.064720 0.010490 0.029920 
60
0.479817 0.014481 0.046210 
0.462778 0.970413 0.462022 
0.057405 0.015107 0.491768 
0.049404 0.003753 0.037896 0.049413 0.012177 
0.030939 0.022574 0.017749 0.470198 0.031788 
0.011906 0.030764 0.021418 0.035384 0.052307 
0.039560 0.035233 0.025619 0.005941 0.015978 
0.087130 0.033470 0.046870 0.049530 0.039770 
0.088610 0.033620 0.036890 0.080480 0.085360 
0.014750 0.040430 0.050680 0.038260 0.040900 
0.069580 0.058540 0.064720 0.010490 0.029920 
61
0.479817 0.014481 0.046210 
0.462778 0.970413 0.462022 
0.057405 0.015107 0.491768 
0.025759 0.005818 0.007965 0.012096 0.135366 
0.015134 0.024689 0.027247 0.012678 0.042114 
0.010882 0.015145 0.007654 0.012171 0.017226 
0.022152 0.021146 0.042360 0.026610 0.515790 
0.087130 0.033470 0.046870 0.049530 0.039770 
0.088610 0.033620 0.036890 0.080480 0.085360 
0.014750 0.040430 0.050680 0.038260 0.040900 
0.069580 0.058540 0.064720 0.010490 0.029920 
62
0.479817 0.014481 0.046210 
0.462778 0.970413 0.462022 
0.057405 0.015107 0.491768 
0.043486 0.004338 0.034823 0.042382 0.013776 
0.033162 0.014048 0.019300 0.043815 0.034005 
0.009630 0.026987 0.020883 0.509534 0.034428 
0.034048 0.032372 0.027215 0.005938 0.015830 
0.087130 0.033470 0.046870 0.049530 0.039770 
0.088610 0.033620 0.036890 0.080480 0.085360 
0.014750 0.040430 0.050680 0.038260 0.040900 
0.069580 0.058540 0.064720 0.010490 0.029920 
63
0.479817 0.014481 0.046210 
0.462778 0.970413 0.462022 
0.057405 0.015107 0.491768 
0.391701 0.012062 0.026330 0.032097 0.022924 
0.082746 0.012178 0.032703 0.030812 0.051156 
0.015141 0.021565 0.018659 0.022766 0.037897 
0.062753 0.035537 0.062534 0.007241 0.021200 
0.087130 0.033470 0.046870 0.049530 0.039770 
0.088610 0.033620 0.036890 0.080480 0.085360 
0.014750 0.040430 0.050680 0.038260 0.040900 
0.069580 0.058540 0.064720 0.010490 0.029920 
64
0.479817 0.014481 0.046210 
0.462778 0.970413 0.462022 
0.057405 0.015107 0.491768 
0.044244 0.002759 0.068778 0.527970 0.010593 
0.038200 0.011366 0.012252 0.040560 0.024185 
0.007414 0.022698 0.017437 0.035918 0.029078 
0.034474 0.035094 0.019673 0.004680 0.012627 
0.087130 0.033470 0.046870 0.049530 0.039770 
0.088610 0.033620 0.036890 0.080480 0.085360 
0.014750 0.040430 0.050680 0.038260 0.040900 
0.069580 0.058540 0.064720 0.010490 0.029920 
65
0.479817 0.014481 0.046210 
0.462778 0.970413 0.462022 
0.057405 0.015107 0.491768 
0.047333 0.005161 0.045053 0.070949 0.011724 
0.035985 0.019309 0.018811 0.368727 0.033424 
0.010363 0.037125 0.028881 0.046956 0.090562 
0.045163 0.039188 0.026148 0.004726 0.014413 
0.087130 0.033470 0.046870 0.049530 0.039770 
0.088610 0.033620 0.036890 0.080480 0.085360 
0.014750 0.040430 0.050680 0.038260 0.040900 
0.069580 0.058540 0.064720 0.010490 0.029920 
66
0.479817 0.014481 0.046210 
0.462778 0.970413 0.462022 
0.057405 0.015107 0.491768 
0.042628 0.002604 0.089971 0.541556 0.010225 
0.029426 0.010663 0.011255 0.037634 0.022674 
0.006894 0.021206 0.016899 0.034972 0.026708 
0.033253 0.026553 0.018435 0.004443 0.012002 
0.087130 0.033470 0.046870 0.049530 0.039770 
0.088610 0.033620 0.036890 0.080480 0.085360 
0.014750 0.040430 0.050680 0.038260 0.040900 
0.069580 0.058540 0.064720 0.010490 0.029920 
67
0.479817 0.014481 0.046210 
0.462778 0.970413 0.462022 
0.057405 0.015107 0.491768 
0.076464 0.003520 0.051146 0.059944 0.012929 
0.032416 0.015934 0.021154 0.309536 0.037768 
0.010702 0.031970 0.021793 0.041108 0.132447 
0.049339 0.041099 0.027597 0.006259 0.016874 
0.087130 0.033470 0.046870 0.049530 0.039770 
0.088610 0.033620 0.036890 0.080480 0.085360 
0.014750 0.040430 0.050680 0.038260 0.040900 
0.069580 0.058540 0.064720 0.010490 0.029920 
68
0.479817 0.014481 0.046210 
0.462778 0.970413 0.462022 
0.057405 0.015107 0.491768 
0.050343 0.003640 0.038338 0.050044 0.011784 
0.055997 0.015215 0.017120 0.441087 0.030767 
0.009308 0.030545 0.021419 0.035455 0.054139 
0.046280 0.042368 0.024776 0.005781 0.015594 
0.087130 0.033470 0.046870 0.049530 0.039770 
0.088610 0.033620 0.036890 0.080480 0.085360 
0.014750 0.040430 0.050680 0.038260 0.040900 
0.069580 0.058540 0.064720 0.010490 0.029920 
69
0.479817 0.014481 0.046210 
0.462778 0.970413 0.462022 
0.057405 0.015107 0.491768 
0.040641 0.007712 0.005776 0.006998 0.037325 
0.011109 0.005261 0.072536 0.007305 0.608789 
0.021155 0.006392 0.007804 0.007154 0.007942 
0.010458 0.022380 0.090508 0.006757 0.015997 
0.087130 0.033470 0.046870 0.049530 0.039770 
0.088610 0.033620 0.036890 0.080480 0.085360 
0.014750 0.040430 0.050680 0.038260 0.040900 
0.069580 0.058540 0.064720 0.010490 0.029920 
70
0.479817 0.014481 0.046210 
0.462778 0.970413 0.462022 
0.057405 0.015107 0.491768 
0.023951 0.004210 0.014579 0.015595 0.052382 
0.030076 0.013924 0.016366 0.020429 0.029020 
0.007405 0.012864 0.011408 0.012056 0.016216 
0.019765 0.018381 0.025365 0.013006 0.643001 
0.087130 0.033470 0.046870 0.049530 0.039770 
0.088610 0.033620 0.036890 0.080480 0.085360 
0.014750 0.040430 0.050680 0.038260 0.040900 
0.069580 0.058540 0.064720 0.010490 0.029920 
71
0.479817 0.014481 0.046210 
0.462778 0.970413 0.462022 
0.057405 0.020185 0.486431 
0.566924 0.008414 0.021573 0.024081 0.017328 
0.039434 0.009820 0.024304 0.023128 0.039190 
0.010961 0.017258 0.015853 0.016918 0.020224 
0.056397 0.027034 0.039683 0.005601 0.015876 
0.087129 0.033470 0.046870 0.049530 0.039770 
0.088609 0.033620 0.036899 0.080479 0.085359 
0.014750 0.040430 0.050680 0.038260 0.040900 
0.069579 0.058539 0.064719 0.010490 0.029920 
72
0.479817 0.014481 0.045709 
0.462778 0.965335 0.467861 
0.057405 0.015107 0.491768 
0.039395 0.010566 0.006375 0.006243 0.032124 
0.012156 0.005552 0.405504 0.008587 0.088843 
0.017333 0.006191 0.009753 0.006202 0.008036 
0.012753 0.023111 0.278115 0.005922 0.017239 
0.087130 0.033470 0.046870 0.049530 0.039770 
0.088610 0.033620 0.036890 0.080480 0.085360 
0.014750 0.040430 0.050680 0.038260 0.040900 
0.069580 0.058540 0.064720 0.010490 0.029920 
73
0.479817 0.014481 0.046210 
0.462778 0.970413 0.462022 
0.057405 0.015107 0.491768 
0.058013 0.010932 0.018507 0.018118 0.247086 
0.032963 0.014948 0.139234 0.020610 0.147891 
0.024027 0.017658 0.015198 0.015713 0.022196 
0.027266 0.029288 0.083326 0.014443 0.042583 
0.087130 0.033470 0.046870 0.049530 0.039770 
0.088610 0.033620 0.036890 0.080480 0.085360 
0.014750 0.040430 0.050680 0.038260 0.040900 
0.069580 0.058540 0.064720 0.010490 0.029920 
74
0.479817 0.014481 0.046210 
0.462778 0.970413 0.462022 
0.057405 0.015107 0.491768 
0.044709 0.002987 0.471252 0.066327 0.009670 
0.036080 0.012648 0.014779 0.039401 0.022074 
0.006988 0.084897 0.018524 0.025991 0.025289 
0.051265 0.032690 0.020476 0.003122 0.010831 
0.087130 0.033470 0.046870 0.049530 0.039770 
0.088610 0.033620 0.036890 0.080480 0.085360 
0.014750 0.040430 0.050680 0.038260 0.040900 
0.069580 0.058540 0.064720 0.010490 0.029920 
75
0.479817 0.014481 0.046210 
0.462778 0.970413 0.462022 
0.057405 0.015107 0.491768 
0.497956 0.010338 0.022728 0.027136 0.022327 
0.043729 0.010667 0.029531 0.025970 0.046934 
0.013371 0.018804 0.016512 0.019424 0.022685 
0.060854 0.037648 0.048658 0.006376 0.018352 
0.087130 0.033470 0.046870 0.049530 0.039770 
0.088610 0.033620 0.036890 0.080480 0.085360 
0.014750 0.040430 0.050680 0.038260 0.040900 
0.069580 0.058540 0.064720 0.010490 0.029920 
76
0.479817 0.014481 0.046210 
0.462778 0.970413 0.462022 
0.057405 0.015107 0.491768 
0.031720 0.008066 0.005722 0.009818 0.526730 
0.012380 0.008426 0.061276 0.007772 0.101984 
0.019596 0.006392 0.008105 0.008116 0.006035 
0.014424 0.018019 0.062262 0.022385 0.060770 
0.087130 0.033470 0.046870 0.049530 0.039770 
0.088610 0.033620 0.036890 0.080480 0.085360 
0.014750 0.040430 0.050680 0.038260 0.040900 
0.069580 0.058540 0.064720 0.010490 0.029920 
77
0.479817 0.014481 0.046210 
0.462778 0.970413 0.462022 
0.057405 0.015107 0.491768 
0.346477 0.010874 0.030264 0.041197 0.022217 
0.049513 0.013111 0.031740 0.036015 0.049966 
0.014658 0.027617 0.020138 0.035209 0.029416 
0.108793 0.039505 0.064994 0.007248 0.021047 
0.087130 0.033470 0.046870 0.049530 0.039770 
0.088610 0.033620 0.036890 0.080480 0.085360 
0.014750 0.040430 0.050680 0.038260 0.040900 
0.069580 0.058540 0.064720 0.010490 0.029920 
78
0.479817 0.014481 0.046210 
0.462778 0.970413 0.462022 
0.057405 0.015107 0.491768 
0.049851 0.004086 0.040053 0.051994 0.013148 
0.032844 0.015999 0.018501 0.055109 0.033056 
0.010111 0.034942 0.022227 0.406479 0.085159 
0.039206 0.037004 0.027015 0.006292 0.016923 
0.087130 0.033470 0.046870 0.049530 0.039770 
0.088610 0.033620 0.036890 0.080480 0.085360 
0.014750 0.040430 0.050680 0.038260 0.040900 
0.069580 0.058540 0.064720 0.010490 0.029920 
79
0.479817 0.014481 0.046210 
0.462778 0.970413 0.462022 
0.057405 0.015107 0.491768 
0.054977 0.005097 0.056182 0.040400 0.014343 
0.050137 0.016105 0.016592 0.042415 0.029239 
0.008884 0.401526 0.024796 0.027965 0.033117 
0.093925 0.037084 0.024212 0.006274 0.016728 
0.087130 0.033470 0.046870 0.049530 0.039770 
0.088610 0.033620 0.036890 0.080480 0.085360 
0.014750 0.040430 0.050680 0.038260 0.040900 
0.069580 0.058540 0.064720 0.010490 0.029920 
80
0.479817 0.014481 0.046210 
0.462778 0.970413 0.462022 
0.057405 0.078960 0.432140 
0.055553 0.005113 0.065732 0.044387 0.014583 
0.070618 0.017451 0.016627 0.054871 0.029725 
0.009315 0.370581 0.026159 0.031043 0.036889 
0.065703 0.037641 0.024026 0.006565 0.017414 
0.087141 0.033466 0.046865 0.049524 0.039766 
0.088692 0.033616 0.036886 0.080471 0.085350 
0.014748 0.040425 0.050674 0.038256 0.040895 
0.069572 0.058533 0.064713 0.010489 0.029917 
81
0.479817 0.014481 0.040607 
0.462778 0.906559 0.527253 
0.057405 0.015107 0.491768 
0.077707 0.006977 0.038381 0.030903 0.022201 
0.394175 0.024607 0.032651 0.033611 0.042238 
0.015180 0.043179 0.025540 0.029806 0.026690 
0.052625 0.039090 0.031922 0.009057 0.023459 
0.087130 0.033470 0.046870 0.049530 0.039770 
0.088610 0.033620 0.036890 0.080480 0.085360 
0.014750 0.040430 0.050680 0.038260 0.040900 
0.069580 0.058540 0.064720 0.010490 0.029920 
82
0.479817 0.014481 0.046210 
0.462778 0.970413 0.462022 
0.057405 0.015107 0.491768 
0.067417 0.010713 0.038739 0.038328 0.052782 
0.052166 0.164314 0.049480 0.030399 0.123691 
0.024946 0.038763 0.023366 0.039883 0.032085 
0.044001 0.038649 0.056257 0.018242 0.055782 
0.087130 0.033470 0.046870 0.049530 0.039770 
0.088610 0.033620 0.036890 0.080480 0.085360 
0.014750 0.040430 0.050680 0.038260 0.040900 
0.069580 0.058540 0.064720 0.010490 0.029920 
83
0.479817 0.014481 0.046210 
0.462778 0.970413 0.462022 
0.057405 0.015107 0.491768 
0.068655 0.005620 0.065378 0.090625 0.021104 
0.056737 0.019841 0.027066 0.059735 0.050149 
0.013023 0.079280 0.025819 0.152888 0.042660 
0.054704 0.101549 0.033769 0.008887 0.022511 
0.087130 0.033470 0.046870 0.049530 0.039770 
0.088610 0.033620 0.036890 0.080480 0.085360 
