%  SAM: modelfromalign v3.5 (July 15, 2005) compiled 12/05/20_11:48:22
%  (c) 1992-2001 Regents of the University of California, Santa Cruz
%
%          Sequence Alignment and Modeling Software System
%         http://www.cse.ucsc.edu/research/compbio/sam.html
%
% ----------------- Citations (SAM, SAM-T2K, HMMs) --------------------
% R. Hughey, A. Krogh, Hidden Markov models for sequence analysis:
%  Extension and analysis of the basic method, CABIOS 12:95-107, 1996.
% K. Karplus, et al., What is the value added by human intervention in protein
%  structure prediction, Proteins: Stucture, Function, Genetics 45(S5):86--91, 2001.
% A. Krogh et al., Hidden Markov models in computational biology:
%  Applications to protein modeling, JMB 235:1501-1531, Feb 1994.
% ---------------------------------------------------------------------
%  trimmed-uniq   Host: gauntlet    Thu Feb 11 16:20:40 2021
%  dgpinheiro     Dir:  /data/GitHub/sfFinder/example/output/subfamily/TEST1/flowerpower/fp-workspace/iter3
% ---------------------------------------------------------------------
% Prior File:  Internal (Name: recode3.20comp) 
%   20 priors on 20 characters.
%  Alignment weights from internal calc.  Total (1.56) Max (0.00) Min (0.00)
%  Weights from alignment method 1 (karplus), b=0.500000, e=0.500000
MODEL --  Model from alignment file trimmed-uniq.a2m
alphabet protein
FREQAVE
0.000000 0.000000 0.000000 
0.000000 0.000000 0.000000 
0.000000 0.000000 0.000000 
0.073230 0.015714 0.056926 0.066542 0.049643 
0.061761 0.028615 0.052066 0.058197 0.085110 
0.025957 0.041843 0.045311 0.042474 0.052338 
0.059151 0.053804 0.060954 0.023471 0.046895 
0.073230 0.015714 0.056926 0.066542 0.049643 
0.061761 0.028615 0.052066 0.058197 0.085110 
0.025957 0.041843 0.045311 0.042474 0.052338 
0.059151 0.053804 0.060954 0.023471 0.046895 
Begin
0.000000 0.000000 0.000000 
0.000000 0.000000 0.000000 
0.000000 0.102161 0.806495 
0.000000 0.000000 0.000000 0.000000 0.000000 
0.000000 0.000000 0.000000 0.000000 0.000000 
0.000000 0.000000 0.000000 0.000000 0.000000 
0.000000 0.000000 0.000000 0.000000 0.000000 
0.087137 0.033411 0.046875 0.049460 0.039687 
0.088503 0.033556 0.036842 0.080766 0.085463 
0.014903 0.040444 0.050638 0.038240 0.040937 
0.069510 0.058600 0.064638 0.010468 0.029923 
1
0.000000 0.014481 0.062791 
0.000000 0.883358 0.130713 
0.041829 0.016477 0.491768 
0.075340 0.011832 0.054103 0.075224 0.032523 
0.050942 0.025334 0.052928 0.081544 0.083054 
0.027541 0.044464 0.043506 0.047402 0.062930 
0.063810 0.059582 0.065088 0.011149 0.031703 
0.087130 0.033470 0.046870 0.049530 0.039770 
0.088610 0.033620 0.036890 0.080480 0.085360 
0.014750 0.040430 0.050680 0.038260 0.040900 
0.069580 0.058540 0.064720 0.010490 0.029920 
2
0.620965 0.015794 0.046210 
0.337206 0.967728 0.462022 
0.041829 0.016477 0.491768 
0.077559 0.010762 0.062298 0.080942 0.027850 
0.063805 0.025268 0.040384 0.080116 0.065065 
0.019214 0.049204 0.056036 0.047632 0.070817 
0.069337 0.060966 0.053358 0.010126 0.029261 
0.087130 0.033470 0.046870 0.049530 0.039770 
0.088610 0.033620 0.036890 0.080480 0.085360 
0.014750 0.040430 0.050680 0.038260 0.040900 
0.069580 0.058540 0.064720 0.010490 0.029920 
3
0.619812 0.015794 0.046210 
0.338359 0.967728 0.462022 
0.041877 0.016471 0.491768 
0.076713 0.013244 0.042506 0.060668 0.038622 
0.042290 0.022338 0.076169 0.060179 0.125993 
0.029598 0.036124 0.041540 0.039403 0.051604 
0.055307 0.054861 0.087953 0.012022 0.032868 
0.087130 0.033470 0.046870 0.049530 0.039770 
0.088610 0.033620 0.036890 0.080480 0.085360 
0.014750 0.040430 0.050680 0.038260 0.040900 
0.069580 0.058540 0.064720 0.010490 0.029920 
4
0.620527 0.015788 0.046210 
0.337596 0.967741 0.462022 
0.041877 0.016471 0.491768 
0.073376 0.011251 0.064238 0.076608 0.031222 
0.066139 0.026792 0.042586 0.071292 0.073232 
0.020173 0.059301 0.047289 0.046403 0.060440 
0.068862 0.061229 0.054836 0.011290 0.033443 
0.087130 0.033470 0.046870 0.049530 0.039770 
0.088610 0.033620 0.036890 0.080480 0.085360 
0.014750 0.040430 0.050680 0.038260 0.040900 
0.069580 0.058540 0.064720 0.010490 0.029920 
5
0.620527 0.015788 0.046210 
0.337596 0.967741 0.462022 
0.041877 0.016471 0.491768 
0.078451 0.011753 0.058101 0.078040 0.031683 
0.053872 0.024996 0.047800 0.072504 0.082596 
0.022037 0.047812 0.051190 0.046735 0.060897 
0.066346 0.060954 0.061437 0.010810 0.031985 
0.087130 0.033470 0.046870 0.049530 0.039770 
0.088610 0.033620 0.036890 0.080480 0.085360 
0.014750 0.040430 0.050680 0.038260 0.040900 
0.069580 0.058540 0.064720 0.010490 0.029920 
6
0.460451 0.015788 0.046210 
0.497672 0.967741 0.462022 
0.049858 0.015635 0.491768 
0.064103 0.004264 0.045892 0.060603 0.015023 
0.037156 0.017720 0.023610 0.309014 0.041465 
0.012112 0.035349 0.025349 0.042270 0.123488 
0.044855 0.039405 0.031628 0.007249 0.019446 
0.087130 0.033470 0.046870 0.049530 0.039770 
0.088610 0.033620 0.036890 0.080480 0.085360 
0.014750 0.040430 0.050680 0.038260 0.040900 
0.069580 0.058540 0.064720 0.010490 0.029920 
7
0.548206 0.014987 0.046210 
0.401936 0.969377 0.462022 
0.049858 0.015635 0.491768 
0.066398 0.003159 0.139201 0.315296 0.014556 
0.037143 0.014593 0.017039 0.058169 0.033671 
0.010067 0.032298 0.021307 0.051843 0.045025 
0.055247 0.036572 0.025803 0.006196 0.016419 
0.087130 0.033470 0.046870 0.049530 0.039770 
0.088610 0.033620 0.036890 0.080480 0.085360 
0.014750 0.040430 0.050680 0.038260 0.040900 
0.069580 0.058540 0.064720 0.010490 0.029920 
8
0.548206 0.014987 0.046210 
0.401936 0.969377 0.462022 
0.049858 0.015635 0.491768 
0.072603 0.004950 0.104136 0.064076 0.017996 
0.053482 0.019275 0.025833 0.134582 0.044479 
0.012592 0.126079 0.029675 0.041853 0.093124 
0.055920 0.038750 0.031707 0.007969 0.020920 
0.087130 0.033470 0.046870 0.049530 0.039770 
0.088610 0.033620 0.036890 0.080480 0.085360 
0.014750 0.040430 0.050680 0.038260 0.040900 
0.069580 0.058540 0.064720 0.010490 0.029920 
9
0.548206 0.014987 0.046210 
0.401936 0.969377 0.462022 
0.049858 0.015635 0.491768 
0.039708 0.007268 0.017228 0.020783 0.094073 
0.027148 0.020844 0.033725 0.020631 0.056865 
0.014367 0.017723 0.013943 0.016989 0.022210 
0.028452 0.027477 0.046446 0.032161 0.441959 
0.087130 0.033470 0.046870 0.049530 0.039770 
0.088610 0.033620 0.036890 0.080480 0.085360 
0.014750 0.040430 0.050680 0.038260 0.040900 
0.069580 0.058540 0.064720 0.010490 0.029920 
10
0.546963 0.014987 0.046210 
0.403179 0.969377 0.462022 
0.049920 0.015630 0.491768 
0.218271 0.011027 0.039643 0.046942 0.032324 
0.058774 0.019100 0.050477 0.048437 0.076931 
0.021550 0.031206 0.027616 0.040093 0.052134 
0.050462 0.046574 0.069613 0.011341 0.047483 
0.087130 0.033470 0.046870 0.049530 0.039770 
0.088610 0.033620 0.036890 0.080480 0.085360 
0.014750 0.040430 0.050680 0.038260 0.040900 
0.069580 0.058540 0.064720 0.010490 0.029920 
11
0.547644 0.014982 0.046210 
0.402436 0.969387 0.462022 
0.049920 0.015630 0.491768 
0.094424 0.011338 0.046739 0.043181 0.043633 
0.055928 0.026514 0.071985 0.052850 0.131422 
0.067391 0.032955 0.022496 0.033101 0.052718 
0.038638 0.041182 0.074656 0.016004 0.042844 
0.087130 0.033470 0.046870 0.049530 0.039770 
0.088610 0.033620 0.036890 0.080480 0.085360 
0.014750 0.040430 0.050680 0.038260 0.040900 
0.069580 0.058540 0.064720 0.010490 0.029920 
12
0.418517 0.014982 0.046210 
0.531563 0.969387 0.462022 
0.057322 0.015112 0.491768 
0.040693 0.008454 0.007020 0.008070 0.045005 
0.012898 0.006387 0.083329 0.008583 0.433693 
0.179621 0.007440 0.008199 0.008432 0.009523 
0.011568 0.028150 0.067678 0.007382 0.017873 
0.087130 0.033470 0.046870 0.049530 0.039770 
0.088610 0.033620 0.036890 0.080480 0.085360 
0.014750 0.040430 0.050680 0.038260 0.040900 
0.069580 0.058540 0.064720 0.010490 0.029920 
13
0.480572 0.014485 0.046210 
0.462106 0.970403 0.462022 
0.057322 0.015112 0.491768 
0.070928 0.005614 0.028207 0.030872 0.014998 
0.026716 0.010952 0.024108 0.031036 0.032455 
0.014129 0.027766 0.018418 0.022977 0.023784 
0.082740 0.478179 0.035378 0.005191 0.015551 
0.087130 0.033470 0.046870 0.049530 0.039770 
0.088610 0.033620 0.036890 0.080480 0.085360 
0.014750 0.040430 0.050680 0.038260 0.040900 
0.069580 0.058540 0.064720 0.010490 0.029920 
14
0.479840 0.014485 0.046210 
0.462838 0.970403 0.462022 
0.057364 0.015109 0.491768 
0.035919 0.003636 0.028750 0.033590 0.011219 
0.029493 0.012128 0.015320 0.037003 0.027106 
0.007779 0.023118 0.018320 0.023890 0.589511 
0.028563 0.034048 0.022095 0.005059 0.013455 
0.087130 0.033470 0.046870 0.049530 0.039770 
0.088610 0.033620 0.036890 0.080480 0.085360 
0.014750 0.040430 0.050680 0.038260 0.040900 
0.069580 0.058540 0.064720 0.010490 0.029920 
15
0.480192 0.014483 0.046210 
0.462445 0.970408 0.462022 
0.057364 0.015109 0.491768 
0.063895 0.003602 0.112023 0.028454 0.008806 
0.494510 0.009401 0.012944 0.030935 0.020941 
0.008216 0.041471 0.018142 0.020015 0.022687 
0.047665 0.026814 0.012873 0.004443 0.012161 
0.087130 0.033470 0.046870 0.049530 0.039770 
0.088610 0.033620 0.036890 0.080480 0.085360 
0.014750 0.040430 0.050680 0.038260 0.040900 
0.069580 0.058540 0.064720 0.010490 0.029920 
16
0.480192 0.014483 0.046210 
0.462445 0.970408 0.462022 
0.057364 0.015109 0.491768 
0.030920 0.006794 0.005693 0.007018 0.027383 
0.010074 0.004836 0.053194 0.007420 0.671736 
0.024678 0.006163 0.007304 0.006883 0.007691 
0.009693 0.024092 0.068091 0.006060 0.014276 
0.087130 0.033470 0.046870 0.049530 0.039770 
0.088610 0.033620 0.036890 0.080480 0.085360 
0.014750 0.040430 0.050680 0.038260 0.040900 
0.069580 0.058540 0.064720 0.010490 0.029920 
17
0.479472 0.014483 0.046210 
0.463164 0.970408 0.462022 
0.057405 0.015107 0.491768 
0.102621 0.003760 0.064197 0.024024 0.008659 
0.517119 0.009309 0.013560 0.028651 0.021077 
0.008742 0.044215 0.017863 0.016651 0.018807 
0.047140 0.025127 0.011879 0.004419 0.012180 
0.087130 0.033470 0.046870 0.049530 0.039770 
0.088610 0.033620 0.036890 0.080480 0.085360 
0.014750 0.040430 0.050680 0.038260 0.040900 
0.069580 0.058540 0.064720 0.010490 0.029920 
18
0.479817 0.014481 0.046210 
0.462778 0.970413 0.462022 
0.057405 0.015107 0.491768 
0.014297 0.004766 0.006609 0.008524 0.032936 
0.014558 0.005108 0.014769 0.006741 0.038647 
0.009263 0.005479 0.006379 0.004408 0.011374 
0.009315 0.007971 0.019514 0.751006 0.028335 
0.087130 0.033470 0.046870 0.049530 0.039770 
0.088610 0.033620 0.036890 0.080480 0.085360 
0.014750 0.040430 0.050680 0.038260 0.040900 
0.069580 0.058540 0.064720 0.010490 0.029920 
19
0.479817 0.014481 0.046210 
0.462778 0.970413 0.462022 
0.057405 0.015107 0.491768 
0.067277 0.001093 0.191473 0.391588 0.010349 
0.026897 0.007803 0.008883 0.040855 0.022599 
0.006986 0.019454 0.013391 0.062535 0.022026 
0.045106 0.031715 0.016291 0.003630 0.010051 
0.087130 0.033470 0.046870 0.049530 0.039770 
0.088610 0.033620 0.036890 0.080480 0.085360 
0.014750 0.040430 0.050680 0.038260 0.040900 
0.069580 0.058540 0.064720 0.010490 0.029920 
20
0.479817 0.014481 0.046210 
0.462778 0.970413 0.462022 
0.057405 0.015107 0.491768 
0.045017 0.005978 0.030252 0.031363 0.024259 
0.029078 0.011373 0.025441 0.030591 0.041913 
0.009414 0.030478 0.061110 0.023301 0.023171 
0.093389 0.423795 0.037793 0.005457 0.016828 
0.087130 0.033470 0.046870 0.049530 0.039770 
0.088610 0.033620 0.036890 0.080480 0.085360 
0.014750 0.040430 0.050680 0.038260 0.040900 
0.069580 0.058540 0.064720 0.010490 0.029920 
21
0.479817 0.014481 0.046210 
0.462778 0.970413 0.462022 
0.057405 0.015107 0.491768 
0.036389 0.005551 0.028425 0.025627 0.012620 
0.029078 0.009027 0.020259 0.022322 0.017539 
0.006201 0.031529 0.018834 0.018951 0.015248 
0.285583 0.364427 0.033863 0.004082 0.014446 
0.087130 0.033470 0.046870 0.049530 0.039770 
0.088610 0.033620 0.036890 0.080480 0.085360 
0.014750 0.040430 0.050680 0.038260 0.040900 
0.069580 0.058540 0.064720 0.010490 0.029920 
22
0.479817 0.014481 0.046210 
0.462778 0.970413 0.462022 
0.057405 0.015107 0.491768 
0.018262 0.003560 0.011702 0.010469 0.036825 
0.020003 0.010020 0.015610 0.009996 0.025057 
0.005967 0.009425 0.009891 0.007683 0.010756 
0.014572 0.013458 0.020793 0.009200 0.736752 
0.087130 0.033470 0.046870 0.049530 0.039770 
0.088610 0.033620 0.036890 0.080480 0.085360 
0.014750 0.040430 0.050680 0.038260 0.040900 
0.069580 0.058540 0.064720 0.010490 0.029920 
23
0.479817 0.014481 0.046210 
0.462778 0.970413 0.462022 
0.057405 0.015107 0.491768 
0.047223 0.003687 0.039477 0.095130 0.012064 
0.029610 0.014559 0.016881 0.050707 0.030342 
0.009330 0.028864 0.020186 0.411694 0.047234 
0.036609 0.034310 0.050945 0.005736 0.015413 
0.087130 0.033470 0.046870 0.049530 0.039770 
0.088610 0.033620 0.036890 0.080480 0.085360 
0.014750 0.040430 0.050680 0.038260 0.040900 
0.069580 0.058540 0.064720 0.010490 0.029920 
24
0.479817 0.014481 0.046210 
0.462778 0.970413 0.462022 
0.057405 0.015107 0.491768 
0.070689 0.003945 0.046019 0.030175 0.020001 
0.038713 0.008801 0.029563 0.061072 0.047235 
0.005317 0.028002 0.365388 0.021360 0.028662 
0.084081 0.043528 0.044082 0.005940 0.017427 
0.087130 0.033470 0.046870 0.049530 0.039770 
0.088610 0.033620 0.036890 0.080480 0.085360 
0.014750 0.040430 0.050680 0.038260 0.040900 
0.069580 0.058540 0.064720 0.010490 0.029920 
25
0.479817 0.014481 0.046210 
0.462778 0.970413 0.462022 
0.057405 0.015107 0.491768 
0.053842 0.005012 0.036789 0.079087 0.017206 
0.035359 0.017300 0.026229 0.071554 0.043003 
0.317286 0.030318 0.028001 0.033471 0.060985 
0.037322 0.039556 0.039308 0.007618 0.020752 
0.087130 0.033470 0.046870 0.049530 0.039770 
0.088610 0.033620 0.036890 0.080480 0.085360 
0.014750 0.040430 0.050680 0.038260 0.040900 
0.069580 0.058540 0.064720 0.010490 0.029920 
26
0.479817 0.014481 0.046210 
0.462778 0.970413 0.462022 
0.057405 0.015107 0.491768 
0.046275 0.002523 0.440060 0.107434 0.009345 
0.033691 0.011614 0.013699 0.042683 0.021431 
0.006830 0.069621 0.017121 0.036097 0.023925 
0.054060 0.031227 0.019330 0.002902 0.010131 
0.087130 0.033470 0.046870 0.049530 0.039770 
0.088610 0.033620 0.036890 0.080480 0.085360 
0.014750 0.040430 0.050680 0.038260 0.040900 
0.069580 0.058540 0.064720 0.010490 0.029920 
27
0.479817 0.014481 0.046210 
0.462778 0.970413 0.462022 
0.057405 0.015107 0.491768 
0.097930 0.001890 0.160758 0.190323 0.009565 
0.030505 0.013167 0.013707 0.178277 0.028869 
0.006908 0.032821 0.016511 0.054860 0.046132 
0.046376 0.036153 0.020564 0.003759 0.010924 
0.087130 0.033470 0.046870 0.049530 0.039770 
0.088610 0.033620 0.036890 0.080480 0.085360 
0.014750 0.040430 0.050680 0.038260 0.040900 
0.069580 0.058540 0.064720 0.010490 0.029920 
28
0.479817 0.014481 0.046210 
0.462778 0.970413 0.462022 
0.057405 0.015107 0.491768 
0.049008 0.011194 0.005695 0.004944 0.030440 
0.010751 0.005081 0.225056 0.008023 0.081469 
0.014237 0.005265 0.009607 0.004973 0.007044 
0.012570 0.024380 0.468820 0.005033 0.016406 
0.087130 0.033470 0.046870 0.049530 0.039770 
0.088610 0.033620 0.036890 0.080480 0.085360 
0.014750 0.040430 0.050680 0.038260 0.040900 
0.069580 0.058540 0.064720 0.010490 0.029920 
29
0.479817 0.014481 0.046210 
0.462778 0.970413 0.462022 
0.057405 0.015107 0.491768 
0.021836 0.006503 0.005282 0.010150 0.634338 
0.011097 0.006198 0.031544 0.007321 0.054073 
0.010921 0.005213 0.007222 0.007346 0.003997 
0.013768 0.014898 0.032223 0.027378 0.088690 
0.087130 0.033470 0.046870 0.049530 0.039770 
0.088610 0.033620 0.036890 0.080480 0.085360 
0.014750 0.040430 0.050680 0.038260 0.040900 
0.069580 0.058540 0.064720 0.010490 0.029920 
30
0.479817 0.014481 0.046210 
0.462778 0.970413 0.462022 
0.057405 0.015107 0.491768 
0.035612 0.003207 0.025308 0.024076 0.011946 
0.029872 0.008618 0.016084 0.035210 0.027047 
0.004966 0.019173 0.621122 0.016639 0.025935 
0.029679 0.024809 0.024216 0.004356 0.012124 
0.087130 0.033470 0.046870 0.049530 0.039770 
0.088610 0.033620 0.036890 0.080480 0.085360 
0.014750 0.040430 0.050680 0.038260 0.040900 
0.069580 0.058540 0.064720 0.010490 0.029920 
31
0.479817 0.087842 0.046210 
0.462778 0.897051 0.462022 
0.043213 0.016303 0.491768 
0.091021 0.007792 0.063075 0.092665 0.032028 
0.058172 0.056497 0.040426 0.064118 0.065996 
0.018897 0.045995 0.030203 0.085525 0.051494 
0.055362 0.044822 0.046916 0.013292 0.035702 
0.087130 0.033470 0.046870 0.049530 0.039770 
0.088610 0.033620 0.036890 0.080480 0.085360 
0.014750 0.040430 0.050680 0.038260 0.040900 
0.069580 0.058540 0.064720 0.010490 0.029920 
32
0.608420 0.029470 0.046210 
0.348367 0.954228 0.462022 
0.041423 0.016532 0.491768 
0.091433 0.014241 0.055358 0.070073 0.039709 
0.072894 0.023200 0.059230 0.054073 0.077537 
0.021614 0.045767 0.038073 0.037170 0.046434 
0.069853 0.057146 0.072042 0.015453 0.038700 
0.087130 0.033470 0.046870 0.049530 0.039770 
0.088610 0.033620 0.036890 0.080480 0.085360 
0.014750 0.040430 0.050680 0.038260 0.040900 
0.069580 0.058540 0.064720 0.010490 0.029920 
33
0.387663 0.016367 0.046210 
0.570914 0.967101 0.462022 
0.054179 0.015310 0.491768 
0.025259 0.006159 0.007038 0.011078 0.177186 
0.014755 0.021993 0.025356 0.010985 0.060242 
0.011891 0.010735 0.007333 0.011425 0.015582 
0.021339 0.022375 0.039455 0.031787 0.468028 
0.087130 0.033470 0.046870 0.049530 0.039770 
0.088610 0.033620 0.036890 0.080480 0.085360 
0.014750 0.040430 0.050680 0.038260 0.040900 
0.069580 0.058540 0.064720 0.010490 0.029920 
34
0.454859 0.014676 0.046210 
0.490963 0.970014 0.462022 
0.057283 0.015114 0.491768 
0.057438 0.002803 0.410866 0.085565 0.009891 
0.038034 0.012272 0.015858 0.042193 0.024446 
0.008248 0.085798 0.018206 0.027637 0.022458 
0.058942 0.043486 0.023041 0.002676 0.010142 
0.087130 0.033470 0.046870 0.049530 0.039770 
0.088610 0.033620 0.036890 0.080480 0.085360 
0.014750 0.040430 0.050680 0.038260 0.040900 
0.069580 0.058540 0.064720 0.010490 0.029920 
35
0.478797 0.014488 0.046210 
0.463919 0.970398 0.462022 
0.057405 0.015107 0.491768 
0.121818 0.002750 0.065563 0.097835 0.015483 
0.042145 0.018964 0.031948 0.159037 0.056988 
0.013387 0.035520 0.019395 0.071119 0.097578 
0.052202 0.040828 0.032465 0.006752 0.018222 
0.087130 0.033470 0.046870 0.049530 0.039770 
0.088610 0.033620 0.036890 0.080480 0.085360 
0.014750 0.040430 0.050680 0.038260 0.040900 
0.069580 0.058540 0.064720 0.010490 0.029920 
36
0.479817 0.014481 0.046210 
0.462778 0.970413 0.462022 
0.057405 0.015107 0.491768 
0.023616 0.006806 0.004300 0.012074 0.565374 
0.010157 0.007339 0.026491 0.007219 0.049677 
0.009855 0.004844 0.006705 0.007763 0.003325 
0.016966 0.017163 0.029335 0.034881 0.156110 
0.087130 0.033470 0.046870 0.049530 0.039770 
0.088610 0.033620 0.036890 0.080480 0.085360 
0.014750 0.040430 0.050680 0.038260 0.040900 
0.069580 0.058540 0.064720 0.010490 0.029920 
37
0.479817 0.014481 0.046210 
0.462778 0.970413 0.462022 
0.057405 0.015107 0.491768 
0.042919 0.002676 0.054803 0.535624 0.013124 
0.045667 0.011218 0.012386 0.048389 0.024194 
0.007494 0.022450 0.016791 0.035167 0.029279 
0.033388 0.027911 0.019578 0.004587 0.012357 
0.087130 0.033470 0.046870 0.049530 0.039770 
0.088610 0.033620 0.036890 0.080480 0.085360 
0.014750 0.040430 0.050680 0.038260 0.040900 
0.069580 0.058540 0.064720 0.010490 0.029920 
38
0.479817 0.014481 0.046210 
0.462778 0.970413 0.462022 
0.057405 0.015107 0.491768 
0.039019 0.002553 0.037557 0.014708 0.005786 
0.738033 0.005922 0.007015 0.016143 0.012079 
0.004328 0.019484 0.013217 0.009407 0.015132 
0.025511 0.015168 0.008048 0.002891 0.007998 
0.087130 0.033470 0.046870 0.049530 0.039770 
0.088610 0.033620 0.036890 0.080480 0.085360 
0.014750 0.040430 0.050680 0.038260 0.040900 
0.069580 0.058540 0.064720 0.010490 0.029920 
39
0.479817 0.014481 0.046210 
0.462778 0.970413 0.462022 
0.057405 0.015107 0.491768 
0.034163 0.008112 0.005890 0.006768 0.029676 
0.010953 0.005112 0.564953 0.007700 0.100229 
0.019066 0.006215 0.008193 0.006708 0.007806 
0.010760 0.018262 0.127686 0.006200 0.015547 
0.087130 0.033470 0.046870 0.049530 0.039770 
0.088610 0.033620 0.036890 0.080480 0.085360 
0.014750 0.040430 0.050680 0.038260 0.040900 
0.069580 0.058540 0.064720 0.010490 0.029920 
40
0.479817 0.014481 0.046210 
0.462778 0.970413 0.462022 
0.057405 0.015107 0.491768 
0.052813 0.004346 0.036491 0.048467 0.012805 
0.029087 0.025036 0.029955 0.410352 0.035995 
0.010449 0.028535 0.031745 0.034277 0.056880 
0.036219 0.032857 0.061235 0.006089 0.016367 
0.087130 0.033470 0.046870 0.049530 0.039770 
0.088610 0.033620 0.036890 0.080480 0.085360 
0.014750 0.040430 0.050680 0.038260 0.040900 
0.069580 0.058540 0.064720 0.010490 0.029920 
41
0.479817 0.014481 0.046210 
0.462778 0.970413 0.462022 
0.057405 0.015107 0.491768 
0.044220 0.010041 0.006362 0.006426 0.030373 
0.016400 0.005399 0.455109 0.008626 0.084216 
0.018110 0.006184 0.009365 0.006261 0.008023 
0.012715 0.025265 0.224798 0.005661 0.016447 
0.087130 0.033470 0.046870 0.049530 0.039770 
0.088610 0.033620 0.036890 0.080480 0.085360 
0.014750 0.040430 0.050680 0.038260 0.040900 
0.069580 0.058540 0.064720 0.010490 0.029920 
42
0.479817 0.014481 0.046210 
0.462778 0.970413 0.462022 
0.057405 0.015107 0.491768 
0.046216 0.004361 0.037549 0.091705 0.015272 
0.033450 0.330405 0.018516 0.068192 0.032519 
0.010166 0.032210 0.021588 0.032781 0.044850 
0.039064 0.088350 0.026523 0.007355 0.018929 
0.087130 0.033470 0.046870 0.049530 0.039770 
0.088610 0.033620 0.036890 0.080480 0.085360 
0.014750 0.040430 0.050680 0.038260 0.040900 
0.069580 0.058540 0.064720 0.010490 0.029920 
43
0.479817 0.014481 0.046210 
0.462778 0.970413 0.462022 
0.057405 0.015107 0.491768 
0.045684 0.002669 0.513248 0.059603 0.008515 
0.038830 0.011468 0.013671 0.035778 0.019583 
0.006221 0.083429 0.016753 0.022577 0.022279 
0.039197 0.029937 0.018539 0.002566 0.009452 
0.087130 0.033470 0.046870 0.049530 0.039770 
0.088610 0.033620 0.036890 0.080480 0.085360 
0.014750 0.040430 0.050680 0.038260 0.040900 
0.069580 0.058540 0.064720 0.010490 0.029920 
44
0.479817 0.014481 0.046210 
0.462778 0.970413 0.462022 
0.057405 0.015107 0.491768 
0.020479 0.005066 0.010505 0.013196 0.069767 
0.015537 0.012324 0.022251 0.012857 0.046412 
0.011074 0.010870 0.009575 0.009750 0.016263 
0.016559 0.015638 0.023415 0.596216 0.062249 
0.087130 0.033470 0.046870 0.049530 0.039770 
0.088610 0.033620 0.036890 0.080480 0.085360 
0.014750 0.040430 0.050680 0.038260 0.040900 
0.069580 0.058540 0.064720 0.010490 0.029920 
45
0.479817 0.014481 0.046210 
0.462778 0.970413 0.462022 
0.057405 0.015107 0.491768 
0.037217 0.002567 0.458741 0.082683 0.008599 
0.036367 0.011494 0.013889 0.035671 0.021601 
0.006241 0.095547 0.016840 0.023890 0.020976 
0.066359 0.031031 0.018655 0.002602 0.009031 
0.087130 0.033470 0.046870 0.049530 0.039770 
0.088610 0.033620 0.036890 0.080480 0.085360 
0.014750 0.040430 0.050680 0.038260 0.040900 
0.069580 0.058540 0.064720 0.010490 0.029920 
46
0.479817 0.014481 0.046210 
0.462778 0.970413 0.462022 
0.057405 0.015107 0.491768 
0.126134 0.002685 0.056269 0.078573 0.011172 
0.079215 0.015089 0.019755 0.256891 0.037017 
0.009057 0.035707 0.019477 0.064874 0.071756 
0.044648 0.029311 0.023398 0.005024 0.013949 
0.087130 0.033470 0.046870 0.049530 0.039770 
0.088610 0.033620 0.036890 0.080480 0.085360 
0.014750 0.040430 0.050680 0.038260 0.040900 
0.069580 0.058540 0.064720 0.010490 0.029920 
47
0.479817 0.014481 0.046210 
0.462778 0.970413 0.462022 
0.057405 0.015107 0.491768 
0.014618 0.004226 0.004316 0.008489 0.048266 
0.011291 0.005081 0.017451 0.006658 0.047591 
0.011514 0.004516 0.004754 0.004341 0.012875 
0.008620 0.007519 0.022611 0.717968 0.037294 
0.087130 0.033470 0.046870 0.049530 0.039770 
0.088610 0.033620 0.036890 0.080480 0.085360 
0.014750 0.040430 0.050680 0.038260 0.040900 
0.069580 0.058540 0.064720 0.010490 0.029920 
48
0.479817 0.014481 0.046210 
0.462778 0.970413 0.462022 
0.057405 0.015107 0.491768 
0.049112 0.001886 0.120324 0.483686 0.010242 
0.026493 0.009643 0.010694 0.040092 0.023406 
0.007335 0.020033 0.015136 0.054654 0.026166 
0.036912 0.027091 0.021607 0.004164 0.011323 
0.087130 0.033470 0.046870 0.049530 0.039770 
0.088610 0.033620 0.036890 0.080480 0.085360 
0.014750 0.040430 0.050680 0.038260 0.040900 
0.069580 0.058540 0.064720 0.010490 0.029920 
49
0.479817 0.014481 0.046210 
0.462778 0.970413 0.462022 
0.057405 0.015107 0.491768 
0.030214 0.002610 0.596683 0.081145 0.008071 
0.029924 0.009862 0.010557 0.028748 0.017145 
0.005187 0.042795 0.015616 0.019830 0.019995 
0.029822 0.023606 0.015737 0.003048 0.009407 
0.087130 0.033470 0.046870 0.049530 0.039770 
0.088610 0.033620 0.036890 0.080480 0.085360 
0.014750 0.040430 0.050680 0.038260 0.040900 
0.069580 0.058540 0.064720 0.010490 0.029920 
50
0.479817 0.014481 0.046210 
0.462778 0.970413 0.462022 
0.057405 0.015107 0.491768 
0.049092 0.004999 0.030336 0.035454 0.010542 
0.032282 0.010911 0.017040 0.032155 0.029222 
0.006340 0.020130 0.569416 0.018863 0.023656 
0.041800 0.028300 0.026000 0.003417 0.010044 
0.087130 0.033470 0.046870 0.049530 0.039770 
0.088610 0.033620 0.036890 0.080480 0.085360 
0.014750 0.040430 0.050680 0.038260 0.040900 
0.069580 0.058540 0.064720 0.010490 0.029920 
51
0.479817 0.014481 0.046210 
0.462778 0.970413 0.462022 
0.057405 0.015107 0.491768 
0.020657 0.005896 0.006462 0.009768 0.664557 
0.013049 0.005849 0.026942 0.007159 0.048355 
0.009800 0.005645 0.007800 0.006849 0.004419 
0.013264 0.014004 0.029318 0.023201 0.077006 
0.087130 0.033470 0.046870 0.049530 0.039770 
0.088610 0.033620 0.036890 0.080480 0.085360 
0.014750 0.040430 0.050680 0.038260 0.040900 
0.069580 0.058540 0.064720 0.010490 0.029920 
52
0.479817 0.014481 0.046210 
0.462778 0.970413 0.462022 
0.057405 0.015107 0.491768 
0.041492 0.003580 0.032775 0.041289 0.011358 
0.028950 0.013915 0.016113 0.074854 0.028669 
0.008783 0.027254 0.019607 0.029909 0.512837 
0.033049 0.031749 0.023520 0.005531 0.014768 
0.087130 0.033470 0.046870 0.049530 0.039770 
0.088610 0.033620 0.036890 0.080480 0.085360 
0.014750 0.040430 0.050680 0.038260 0.040900 
0.069580 0.058540 0.064720 0.010490 0.029920 
53
0.479817 0.014481 0.046210 
0.462778 0.970413 0.462022 
0.057405 0.015107 0.491768 
0.029686 0.006767 0.004459 0.005452 0.027453 
0.009026 0.004361 0.066868 0.005662 0.657125 
0.032787 0.005154 0.006630 0.005984 0.006353 
0.008452 0.015085 0.082799 0.005951 0.013946 
0.087130 0.033470 0.046870 0.049530 0.039770 
0.088610 0.033620 0.036890 0.080480 0.085360 
0.014750 0.040430 0.050680 0.038260 0.040900 
0.069580 0.058540 0.064720 0.010490 0.029920 
54
0.479817 0.014481 0.046210 
0.462778 0.970413 0.462022 
0.057405 0.015107 0.491768 
0.033505 0.004443 0.025834 0.025837 0.011658 
0.027270 0.009747 0.016936 0.025399 0.022498 
0.006641 0.023855 0.017440 0.018520 0.019751 
0.086770 0.580413 0.026140 0.004348 0.012995 
0.087130 0.033470 0.046870 0.049530 0.039770 
0.088610 0.033620 0.036890 0.080480 0.085360 
0.014750 0.040430 0.050680 0.038260 0.040900 
0.069580 0.058540 0.064720 0.010490 0.029920 
55
0.479817 0.014481 0.046210 
0.462778 0.970413 0.462022 
0.057405 0.015107 0.491768 
0.047601 0.008793 0.012710 0.015622 0.041620 
0.019360 0.008294 0.062093 0.016522 0.101959 
0.445732 0.012202 0.011951 0.013262 0.015362 
0.018877 0.024457 0.076643 0.008267 0.038674 
0.087130 0.033470 0.046870 0.049530 0.039770 
0.088610 0.033620 0.036890 0.080480 0.085360 
0.014750 0.040430 0.050680 0.038260 0.040900 
0.069580 0.058540 0.064720 0.010490 0.029920 
56
0.479817 0.014481 0.046210 
0.462778 0.970413 0.462022 
0.057405 0.015107 0.491768 
0.033560 0.002758 0.564285 0.050934 0.008605 
0.029746 0.011136 0.012321 0.034634 0.019741 
0.006157 0.048632 0.020081 0.022601 0.043229 
0.033030 0.027060 0.017827 0.003340 0.010323 
0.087130 0.033470 0.046870 0.049530 0.039770 
0.088610 0.033620 0.036890 0.080480 0.085360 
0.014750 0.040430 0.050680 0.038260 0.040900 
0.069580 0.058540 0.064720 0.010490 0.029920 
57
0.479817 0.014481 0.046210 
0.462778 0.970413 0.462022 
0.057405 0.015107 0.491768 
0.491227 0.007007 0.033760 0.058058 0.015030 
0.037318 0.012019 0.020959 0.036758 0.034620 
0.010509 0.029169 0.017427 0.025150 0.029362 
0.052955 0.032200 0.034779 0.005661 0.016033 
0.087130 0.033470 0.046870 0.049530 0.039770 
0.088610 0.033620 0.036890 0.080480 0.085360 
0.014750 0.040430 0.050680 0.038260 0.040900 
0.069580 0.058540 0.064720 0.010490 0.029920 
58
0.479817 0.014481 0.046210 
0.462778 0.970413 0.462022 
0.057405 0.015107 0.491768 
0.029010 0.008903 0.016097 0.018576 0.101632 
0.018974 0.028192 0.030264 0.019356 0.056565 
0.014389 0.018040 0.013311 0.013957 0.019826 
0.023444 0.021584 0.033207 0.030439 0.484231 
0.087130 0.033470 0.046870 0.049530 0.039770 
0.088610 0.033620 0.036890 0.080480 0.085360 
0.014750 0.040430 0.050680 0.038260 0.040900 
0.069580 0.058540 0.064720 0.010490 0.029920 
59
0.479817 0.014481 0.046210 
0.462778 0.970413 0.462022 
0.057405 0.015107 0.491768 
0.015402 0.004163 0.005249 0.008775 0.038120 
0.012113 0.005130 0.018025 0.007168 0.046220 
0.011091 0.005068 0.005387 0.004757 0.012455 
0.009062 0.008205 0.037738 0.713609 0.032264 
0.087130 0.033470 0.046870 0.049530 0.039770 
0.088610 0.033620 0.036890 0.080480 0.085360 
0.014750 0.040430 0.050680 0.038260 0.040900 
0.069580 0.058540 0.064720 0.010490 0.029920 
60
0.479817 0.014481 0.046210 
0.462778 0.970413 0.462022 
0.057405 0.015107 0.491768 
0.043891 0.003476 0.034255 0.044389 0.011097 
0.028290 0.021197 0.015917 0.518653 0.028573 
0.010827 0.028257 0.019646 0.032050 0.047532 
0.036017 0.032553 0.023322 0.005445 0.014612 
0.087130 0.033470 0.046870 0.049530 0.039770 
0.088610 0.033620 0.036890 0.080480 0.085360 
0.014750 0.040430 0.050680 0.038260 0.040900 
0.069580 0.058540 0.064720 0.010490 0.029920 
61
0.479817 0.014481 0.046210 
0.462778 0.970413 0.462022 
0.057405 0.015107 0.491768 
0.021538 0.005403 0.005762 0.009754 0.227672 
0.012262 0.020012 0.025225 0.009950 0.039247 
0.009801 0.010785 0.006312 0.010100 0.013892 
0.018976 0.018270 0.038058 0.026345 0.470634 
0.087130 0.033470 0.046870 0.049530 0.039770 
0.088610 0.033620 0.036890 0.080480 0.085360 
0.014750 0.040430 0.050680 0.038260 0.040900 
0.069580 0.058540 0.064720 0.010490 0.029920 
62
0.479817 0.014481 0.046210 
0.462778 0.970413 0.462022 
0.057405 0.015107 0.491768 
0.037311 0.003850 0.030230 0.035782 0.012017 
0.030253 0.012381 0.016552 0.037593 0.029245 
0.008244 0.023612 0.018751 0.574106 0.029782 
0.029577 0.028071 0.023558 0.005214 0.013870 
0.087130 0.033470 0.046870 0.049530 0.039770 
0.088610 0.033620 0.036890 0.080480 0.085360 
0.014750 0.040430 0.050680 0.038260 0.040900 
0.069580 0.058540 0.064720 0.010490 0.029920 
63
0.479817 0.014481 0.046210 
0.462778 0.970413 0.462022 
0.057405 0.015107 0.491768 
0.156880 0.006174 0.028968 0.023308 0.012122 
0.440218 0.008670 0.017713 0.026086 0.027408 
0.010168 0.033029 0.017452 0.016366 0.022888 
0.081162 0.027281 0.024880 0.005037 0.014189 
0.087130 0.033470 0.046870 0.049530 0.039770 
0.088610 0.033620 0.036890 0.080480 0.085360 
0.014750 0.040430 0.050680 0.038260 0.040900 
0.069580 0.058540 0.064720 0.010490 0.029920 
64
0.479817 0.014481 0.046210 
0.462778 0.970413 0.462022 
0.057405 0.015107 0.491768 
0.039359 0.002545 0.062156 0.573070 0.009585 
0.036729 0.010339 0.010955 0.036086 0.021633 
0.006629 0.020485 0.016053 0.031912 0.026095 
0.030929 0.031978 0.017727 0.004255 0.011481 
0.087130 0.033470 0.046870 0.049530 0.039770 
0.088610 0.033620 0.036890 0.080480 0.085360 
0.014750 0.040430 0.050680 0.038260 0.040900 
0.069580 0.058540 0.064720 0.010490 0.029920 
65
0.479817 0.014481 0.046210 
0.462778 0.970413 0.462022 
0.057405 0.015107 0.491768 
0.047333 0.005161 0.045053 0.070949 0.011724 
0.035985 0.019309 0.018811 0.368727 0.033424 
0.010363 0.037125 0.028881 0.046956 0.090562 
0.045163 0.039188 0.026148 0.004726 0.014413 
0.087130 0.033470 0.046870 0.049530 0.039770 
0.088610 0.033620 0.036890 0.080480 0.085360 
0.014750 0.040430 0.050680 0.038260 0.040900 
0.069580 0.058540 0.064720 0.010490 0.029920 
66
0.479817 0.014481 0.046210 
0.462778 0.970413 0.462022 
0.057405 0.015107 0.491768 
0.037039 0.002269 0.091515 0.589240 0.008951 
0.026491 0.009205 0.009508 0.031924 0.019411 
0.005895 0.018164 0.014936 0.030647 0.022647 
0.029053 0.022916 0.015866 0.003867 0.010455 
0.087130 0.033470 0.046870 0.049530 0.039770 
0.088610 0.033620 0.036890 0.080480 0.085360 
0.014750 0.040430 0.050680 0.038260 0.040900 
0.069580 0.058540 0.064720 0.010490 0.029920 
67
0.479817 0.014481 0.046210 
0.462778 0.970413 0.462022 
0.057405 0.015107 0.491768 
0.063059 0.003439 0.042912 0.047416 0.012139 
0.028653 0.014465 0.019378 0.173132 0.033980 
0.010203 0.028295 0.019611 0.033640 0.338985 
0.043360 0.039189 0.026010 0.006044 0.016090 
0.087130 0.033470 0.046870 0.049530 0.039770 
0.088610 0.033620 0.036890 0.080480 0.085360 
0.014750 0.040430 0.050680 0.038260 0.040900 
0.069580 0.058540 0.064720 0.010490 0.029920 
68
0.479817 0.014481 0.046210 
0.462778 0.970413 0.462022 
0.057405 0.015107 0.491768 
0.044167 0.003364 0.034326 0.044518 0.010681 
0.054142 0.013979 0.015194 0.492064 0.027397 
0.008416 0.027888 0.019466 0.031870 0.048943 
0.042347 0.039313 0.022422 0.005284 0.014220 
0.087130 0.033470 0.046870 0.049530 0.039770 
0.088610 0.033620 0.036890 0.080480 0.085360 
0.014750 0.040430 0.050680 0.038260 0.040900 
0.069580 0.058540 0.064720 0.010490 0.029920 
69
0.479817 0.014481 0.046210 
0.462778 0.970413 0.462022 
0.057405 0.015107 0.491768 
0.035834 0.006961 0.004914 0.006004 0.034290 
0.009652 0.004608 0.066761 0.006252 0.646914 
0.019328 0.005556 0.006968 0.006223 0.006865 
0.009091 0.020072 0.083204 0.006116 0.014388 
0.087130 0.033470 0.046870 0.049530 0.039770 
0.088610 0.033620 0.036890 0.080480 0.085360 
0.014750 0.040430 0.050680 0.038260 0.040900 
0.069580 0.058540 0.064720 0.010490 0.029920 
70
0.479817 0.014481 0.046210 
0.462778 0.970413 0.462022 
0.057405 0.015107 0.491768 
0.019714 0.003581 0.012791 0.012728 0.043350 
0.029224 0.011767 0.013162 0.016672 0.023472 
0.005925 0.010843 0.010239 0.009618 0.013202 
0.016669 0.015226 0.020818 0.010833 0.700167 
0.087130 0.033470 0.046870 0.049530 0.039770 
0.088610 0.033620 0.036890 0.080480 0.085360 
0.014750 0.040430 0.050680 0.038260 0.040900 
0.069580 0.058540 0.064720 0.010490 0.029920 
71
0.479817 0.014481 0.046210 
0.462778 0.970413 0.462022 
0.057405 0.020185 0.486431 
0.615538 0.007400 0.019020 0.020690 0.015008 
0.035225 0.008652 0.020624 0.019771 0.033326 
0.009348 0.015146 0.014184 0.014486 0.017474 
0.057453 0.023561 0.034315 0.004898 0.013881 
0.087129 0.033470 0.046870 0.049530 0.039770 
0.088609 0.033620 0.036899 0.080479 0.085359 
0.014750 0.040430 0.050680 0.038260 0.040900 
0.069579 0.058539 0.064719 0.010490 0.029920 
72
0.479817 0.014481 0.045709 
0.462778 0.965335 0.467861 
0.057405 0.015107 0.491768 
0.035619 0.010182 0.005458 0.004968 0.029417 
0.010201 0.004889 0.393504 0.007542 0.078790 
0.014786 0.005186 0.008997 0.005027 0.006833 
0.011451 0.021828 0.324530 0.005106 0.015685 
0.087130 0.033470 0.046870 0.049530 0.039770 
0.088610 0.033620 0.036890 0.080480 0.085360 
0.014750 0.040430 0.050680 0.038260 0.040900 
0.069580 0.058540 0.064720 0.010490 0.029920 
73
0.479817 0.014481 0.046210 
0.462778 0.970413 0.462022 
0.057405 0.015107 0.491768 
0.042419 0.010045 0.008491 0.008192 0.043260 
0.014928 0.006535 0.413360 0.013044 0.170987 
0.021550 0.007584 0.009921 0.008060 0.013526 
0.015749 0.022888 0.144465 0.006655 0.018340 
0.087130 0.033470 0.046870 0.049530 0.039770 
0.088610 0.033620 0.036890 0.080480 0.085360 
0.014750 0.040430 0.050680 0.038260 0.040900 
0.069580 0.058540 0.064720 0.010490 0.029920 
74
0.479817 0.014481 0.046210 
0.462778 0.970413 0.462022 
0.057405 0.015107 0.491768 
0.040656 0.002720 0.506007 0.064263 0.008735 
0.033507 0.011705 0.013765 0.036366 0.020097 
0.006387 0.083060 0.017096 0.023460 0.023024 
0.047445 0.030345 0.018920 0.002692 0.009749 
0.087130 0.033470 0.046870 0.049530 0.039770 
0.088610 0.033620 0.036890 0.080480 0.085360 
0.014750 0.040430 0.050680 0.038260 0.040900 
0.069580 0.058540 0.064720 0.010490 0.029920 
75
0.479817 0.014481 0.046210 
0.462778 0.970413 0.462022 
0.057405 0.015107 0.491768 
0.493475 0.010217 0.019815 0.023601 0.020353 
0.041877 0.009416 0.026057 0.021963 0.040935 
0.012027 0.016614 0.014733 0.016899 0.019583 
0.108739 0.035286 0.045799 0.005755 0.016856 
0.087130 0.033470 0.046870 0.049530 0.039770 
0.088610 0.033620 0.036890 0.080480 0.085360 
0.014750 0.040430 0.050680 0.038260 0.040900 
0.069580 0.058540 0.064720 0.010490 0.029920 
76
0.479817 0.014481 0.046210 
0.462778 0.970413 0.462022 
0.057405 0.015107 0.491768 
0.027291 0.007346 0.004727 0.009030 0.575009 
0.010455 0.007419 0.053287 0.006960 0.090417 
0.017160 0.005316 0.007190 0.007312 0.004826 
0.013011 0.016166 0.053971 0.022805 0.060303 
0.087130 0.033470 0.046870 0.049530 0.039770 
0.088610 0.033620 0.036890 0.080480 0.085360 
0.014750 0.040430 0.050680 0.038260 0.040900 
0.069580 0.058540 0.064720 0.010490 0.029920 
77
0.479817 0.014481 0.046210 
0.462778 0.970413 0.462022 
0.057405 0.015107 0.491768 
0.236435 0.005394 0.043042 0.065216 0.015867 
0.035417 0.014885 0.023639 0.058283 0.040952 
0.011443 0.039263 0.019433 0.187766 0.040739 
0.060986 0.034428 0.043415 0.006186 0.017209 
0.087130 0.033470 0.046870 0.049530 0.039770 
0.088610 0.033620 0.036890 0.080480 0.085360 
0.014750 0.040430 0.050680 0.038260 0.040900 
0.069580 0.058540 0.064720 0.010490 0.029920 
78
0.479817 0.014481 0.046210 
0.462778 0.970413 0.462022 
0.057405 0.015107 0.491768 
0.044103 0.003710 0.035629 0.045874 0.011760 
0.029762 0.014562 0.016498 0.049513 0.029540 
0.009096 0.031776 0.020311 0.465088 0.078519 
0.035298 0.033678 0.024355 0.005681 0.015245 
0.087130 0.033470 0.046870 0.049530 0.039770 
0.088610 0.033620 0.036890 0.080480 0.085360 
0.014750 0.040430 0.050680 0.038260 0.040900 
0.069580 0.058540 0.064720 0.010490 0.029920 
79
0.479817 0.014481 0.046210 
0.462778 0.970413 0.462022 
0.057405 0.015107 0.491768 
0.049382 0.004344 0.046008 0.036035 0.012124 
0.041952 0.014015 0.014398 0.038463 0.025603 
0.007748 0.472384 0.021701 0.025149 0.030124 
0.087282 0.032040 0.021362 0.005395 0.014493 
0.087130 0.033470 0.046870 0.049530 0.039770 
0.088610 0.033620 0.036890 0.080480 0.085360 
0.014750 0.040430 0.050680 0.038260 0.040900 
0.069580 0.058540 0.064720 0.010490 0.029920 
80
0.479817 0.014481 0.046210 
0.462778 0.970413 0.462022 
0.057405 0.078960 0.432140 
0.051721 0.004486 0.054961 0.042562 0.012812 
0.058566 0.016087 0.015201 0.055138 0.027469 
0.008690 0.408895 0.023742 0.045457 0.036254 
0.059011 0.034967 0.022229 0.005925 0.015824 
0.087141 0.033466 0.046865 0.049524 0.039766 
0.088692 0.033616 0.036886 0.080471 0.085350 
0.014748 0.040425 0.050674 0.038256 0.040895 
0.069572 0.058533 0.064713 0.010489 0.029917 
81
0.479817 0.014481 0.040607 
0.462778 0.906559 0.527253 
0.057405 0.015107 0.491768 
0.065302 0.004672 0.040631 0.052308 0.015941 
0.053809 0.075779 0.021506 0.053719 0.051046 
0.011264 0.031500 0.021152 0.322684 0.040673 
0.039914 0.043216 0.029241 0.006971 0.018672 
0.087130 0.033470 0.046870 0.049530 0.039770 
0.088610 0.033620 0.036890 0.080480 0.085360 
0.014750 0.040430 0.050680 0.038260 0.040900 
0.069580 0.058540 0.064720 0.010490 0.029920 
82
0.479817 0.014481 0.046210 
0.462778 0.970413 0.462022 
0.057405 0.015107 0.491768 
0.050436 0.009741 0.012536 0.013349 0.224528 
0.020539 0.011676 0.061033 0.012196 0.314215 
0.038207 0.012737 0.010360 0.020898 0.013130 
0.017889 0.023374 0.065059 0.013371 0.054728 
0.087130 0.033470 0.046870 0.049530 0.039770 
0.088610 0.033620 0.036890 0.080480 0.085360 
0.014750 0.040430 0.050680 0.038260 0.040900 
0.069580 0.058540 0.064720 0.010490 0.029920 
83
0.479817 0.014481 0.046210 
0.462778 0.970413 0.462022 
0.057405 0.015107 0.491768 
0.043924 0.005855 0.090673 0.057799 0.015594 
0.130525 0.019593 0.014263 0.047959 0.026731 
0.008522 0.290639 0.029419 0.027518 0.031176 
0.074329 0.041958 0.019405 0.006721 0.017396 
0.087130 0.033470 0.046870 0.049530 0.039770 
0.088610 0.033620 0.036890 0.080480 0.085360 
