%  SAM: modelfromalign v3.5 (July 15, 2005) compiled 12/05/20_11:48:22
%  (c) 1992-2001 Regents of the University of California, Santa Cruz
%
%          Sequence Alignment and Modeling Software System
%         http://www.cse.ucsc.edu/research/compbio/sam.html
%
% ----------------- Citations (SAM, SAM-T2K, HMMs) --------------------
% R. Hughey, A. Krogh, Hidden Markov models for sequence analysis:
%  Extension and analysis of the basic method, CABIOS 12:95-107, 1996.
% K. Karplus, et al., What is the value added by human intervention in protein
%  structure prediction, Proteins: Stucture, Function, Genetics 45(S5):86--91, 2001.
% A. Krogh et al., Hidden Markov models in computational biology:
%  Applications to protein modeling, JMB 235:1501-1531, Feb 1994.
% ---------------------------------------------------------------------
%  trimmed-uniq   Host: gauntlet    Thu Feb 11 16:20:40 2021
%  dgpinheiro     Dir:  /data/GitHub/sfFinder/example/output/subfamily/TEST1/flowerpower/fp-workspace/iter3
% ---------------------------------------------------------------------
% Prior File:  Internal (Name: recode3.20comp) 
%   20 priors on 20 characters.
%  Alignment weights from internal calc.  Total (1.56) Max (0.00) Min (0.00)
%  Weights from alignment method 1 (karplus), b=0.500000, e=0.500000
MODEL --  Model from alignment file trimmed-uniq.a2m
alphabet protein
FREQAVE
0.000000 0.000000 0.000000 
0.000000 0.000000 0.000000 
0.000000 0.000000 0.000000 
0.073230 0.015714 0.056926 0.066542 0.049643 
0.061761 0.028615 0.052066 0.058197 0.085110 
0.025957 0.041843 0.045311 0.042474 0.052338 
0.059151 0.053804 0.060954 0.023471 0.046895 
0.073230 0.015714 0.056926 0.066542 0.049643 
0.061761 0.028615 0.052066 0.058197 0.085110 
0.025957 0.041843 0.045311 0.042474 0.052338 
0.059151 0.053804 0.060954 0.023471 0.046895 
Begin
0.000000 0.000000 0.000000 
0.000000 0.000000 0.000000 
0.000000 0.102161 0.806495 
0.000000 0.000000 0.000000 0.000000 0.000000 
0.000000 0.000000 0.000000 0.000000 0.000000 
0.000000 0.000000 0.000000 0.000000 0.000000 
0.000000 0.000000 0.000000 0.000000 0.000000 
0.087137 0.033411 0.046875 0.049460 0.039687 
0.088503 0.033556 0.036842 0.080766 0.085463 
0.014903 0.040444 0.050638 0.038240 0.040937 
0.069510 0.058600 0.064638 0.010468 0.029923 
1
0.000000 0.014481 0.062791 
0.000000 0.883358 0.130713 
0.041829 0.016477 0.491768 
0.078638 0.006801 0.055366 0.065753 0.025599 
0.054993 0.020666 0.041365 0.190135 0.064817 
0.027969 0.041994 0.033833 0.044485 0.056428 
0.052900 0.048344 0.051020 0.010689 0.028205 
0.087130 0.033470 0.046870 0.049530 0.039770 
0.088610 0.033620 0.036890 0.080480 0.085360 
0.014750 0.040430 0.050680 0.038260 0.040900 
0.069580 0.058540 0.064720 0.010490 0.029920 
2
0.620965 0.015794 0.046210 
0.337206 0.967728 0.462022 
0.041829 0.016477 0.491768 
0.094478 0.006069 0.057753 0.068732 0.022494 
0.056228 0.020711 0.036503 0.171602 0.057661 
0.016375 0.043273 0.049377 0.046103 0.067506 
0.055099 0.047525 0.046250 0.009855 0.026404 
0.087130 0.033470 0.046870 0.049530 0.039770 
0.088610 0.033620 0.036890 0.080480 0.085360 
0.014750 0.040430 0.050680 0.038260 0.040900 
0.069580 0.058540 0.064720 0.010490 0.029920 
3
0.619812 0.015794 0.046210 
0.338359 0.967728 0.462022 
0.041877 0.016471 0.491768 
0.082934 0.011739 0.032179 0.036117 0.045389 
0.048565 0.019133 0.078430 0.047636 0.160840 
0.107785 0.027529 0.021994 0.027694 0.037973 
0.035910 0.039979 0.086618 0.015095 0.036462 
0.087130 0.033470 0.046870 0.049530 0.039770 
0.088610 0.033620 0.036890 0.080480 0.085360 
0.014750 0.040430 0.050680 0.038260 0.040900 
0.069580 0.058540 0.064720 0.010490 0.029920 
4
0.620527 0.015788 0.046210 
0.337596 0.967741 0.462022 
0.041877 0.016471 0.491768 
0.073692 0.009005 0.061816 0.051364 0.032469 
0.068327 0.023525 0.042840 0.050504 0.101435 
0.018602 0.150417 0.034036 0.035317 0.042050 
0.059369 0.048420 0.052377 0.012662 0.031772 
0.087130 0.033470 0.046870 0.049530 0.039770 
0.088610 0.033620 0.036890 0.080480 0.085360 
0.014750 0.040430 0.050680 0.038260 0.040900 
0.069580 0.058540 0.064720 0.010490 0.029920 
5
0.620527 0.015788 0.046210 
0.337596 0.967741 0.462022 
0.041877 0.016471 0.491768 
0.188114 0.010437 0.048622 0.055206 0.032112 
0.066315 0.020195 0.049353 0.053980 0.082083 
0.020923 0.046490 0.032083 0.041873 0.044377 
0.054623 0.047474 0.063352 0.011444 0.030944 
0.087130 0.033470 0.046870 0.049530 0.039770 
0.088610 0.033620 0.036890 0.080480 0.085360 
0.014750 0.040430 0.050680 0.038260 0.040900 
0.069580 0.058540 0.064720 0.010490 0.029920 
6
0.460451 0.015788 0.046210 
0.497672 0.967741 0.462022 
0.049858 0.015635 0.491768 
0.067904 0.004534 0.048430 0.063434 0.016219 
0.039851 0.018509 0.025749 0.283726 0.044727 
0.013004 0.037071 0.027152 0.044005 0.114880 
0.047017 0.041226 0.033996 0.007761 0.020804 
0.087130 0.033470 0.046870 0.049530 0.039770 
0.088610 0.033620 0.036890 0.080480 0.085360 
0.014750 0.040430 0.050680 0.038260 0.040900 
0.069580 0.058540 0.064720 0.010490 0.029920 
7
0.548206 0.014987 0.046210 
0.401936 0.969377 0.462022 
0.049858 0.015635 0.491768 
0.065871 0.003584 0.226467 0.202855 0.015738 
0.042287 0.015690 0.018651 0.056834 0.034706 
0.010322 0.046203 0.023002 0.048418 0.042711 
0.058382 0.037880 0.026830 0.006426 0.017144 
0.087130 0.033470 0.046870 0.049530 0.039770 
0.088610 0.033620 0.036890 0.080480 0.085360 
0.014750 0.040430 0.050680 0.038260 0.040900 
0.069580 0.058540 0.064720 0.010490 0.029920 
8
0.548206 0.014987 0.046210 
0.401936 0.969377 0.462022 
0.049858 0.015635 0.491768 
0.071981 0.004507 0.093890 0.067933 0.015964 
0.043218 0.018612 0.024700 0.270910 0.043040 
0.012449 0.048291 0.028803 0.045262 0.058245 
0.049292 0.042355 0.032889 0.007465 0.020195 
0.087130 0.033470 0.046870 0.049530 0.039770 
0.088610 0.033620 0.036890 0.080480 0.085360 
0.014750 0.040430 0.050680 0.038260 0.040900 
0.069580 0.058540 0.064720 0.010490 0.029920 
9
0.548206 0.014987 0.046210 
0.401936 0.969377 0.462022 
0.049858 0.015635 0.491768 
0.045664 0.008023 0.020158 0.023801 0.093663 
0.031889 0.021656 0.038131 0.023130 0.062700 
0.016020 0.020394 0.016015 0.018873 0.024460 
0.031553 0.030318 0.050759 0.033390 0.389403 
0.087130 0.033470 0.046870 0.049530 0.039770 
0.088610 0.033620 0.036890 0.080480 0.085360 
0.014750 0.040430 0.050680 0.038260 0.040900 
0.069580 0.058540 0.064720 0.010490 0.029920 
10
0.546963 0.014987 0.046210 
0.403179 0.969377 0.462022 
0.049920 0.015630 0.491768 
0.101786 0.006787 0.045075 0.056867 0.027768 
0.048135 0.020175 0.044885 0.065074 0.070194 
0.019953 0.035602 0.028563 0.041676 0.174531 
0.046114 0.047910 0.058034 0.012216 0.048656 
0.087130 0.033470 0.046870 0.049530 0.039770 
0.088610 0.033620 0.036890 0.080480 0.085360 
0.014750 0.040430 0.050680 0.038260 0.040900 
0.069580 0.058540 0.064720 0.010490 0.029920 
11
0.547644 0.014982 0.046210 
0.402436 0.969387 0.462022 
0.049920 0.015630 0.491768 
0.086138 0.010809 0.052384 0.043468 0.038350 
0.048212 0.023031 0.063603 0.045479 0.213540 
0.025333 0.032584 0.028045 0.032099 0.045834 
0.043088 0.042612 0.073459 0.013787 0.038146 
0.087130 0.033470 0.046870 0.049530 0.039770 
0.088610 0.033620 0.036890 0.080480 0.085360 
0.014750 0.040430 0.050680 0.038260 0.040900 
0.069580 0.058540 0.064720 0.010490 0.029920 
12
0.418517 0.014982 0.046210 
0.531563 0.969387 0.462022 
0.057322 0.015112 0.491768 
0.068534 0.012064 0.016249 0.017340 0.086260 
0.027062 0.013247 0.099720 0.018331 0.326392 
0.054768 0.015494 0.013746 0.016282 0.020334 
0.021646 0.038994 0.091289 0.012049 0.030199 
0.087130 0.033470 0.046870 0.049530 0.039770 
0.088610 0.033620 0.036890 0.080480 0.085360 
0.014750 0.040430 0.050680 0.038260 0.040900 
0.069580 0.058540 0.064720 0.010490 0.029920 
13
0.480572 0.014485 0.046210 
0.462106 0.970403 0.462022 
0.057322 0.015112 0.491768 
0.093645 0.007198 0.035535 0.038376 0.019344 
0.037877 0.014040 0.029834 0.037961 0.040551 
0.011954 0.033030 0.023969 0.027885 0.029713 
0.089231 0.359264 0.043717 0.006810 0.020066 
0.087130 0.033470 0.046870 0.049530 0.039770 
0.088610 0.033620 0.036890 0.080480 0.085360 
0.014750 0.040430 0.050680 0.038260 0.040900 
0.069580 0.058540 0.064720 0.010490 0.029920 
14
0.479840 0.014485 0.046210 
0.462838 0.970403 0.462022 
0.057364 0.015109 0.491768 
0.050397 0.004921 0.037885 0.045046 0.015908 
0.038602 0.015932 0.022819 0.049875 0.039575 
0.011219 0.030239 0.023854 0.031813 0.450974 
0.037800 0.035766 0.031431 0.007134 0.018809 
0.087130 0.033470 0.046870 0.049530 0.039770 
0.088610 0.033620 0.036890 0.080480 0.085360 
0.014750 0.040430 0.050680 0.038260 0.040900 
0.069580 0.058540 0.064720 0.010490 0.029920 
15
0.480192 0.014483 0.046210 
0.462445 0.970408 0.462022 
0.057364 0.015109 0.491768 
0.047028 0.004313 0.365278 0.057210 0.013526 
0.124163 0.015009 0.016613 0.040125 0.026749 
0.008200 0.073462 0.023287 0.027510 0.027953 
0.049417 0.037018 0.023138 0.005171 0.014828 
0.087130 0.033470 0.046870 0.049530 0.039770 
0.088610 0.033620 0.036890 0.080480 0.085360 
0.014750 0.040430 0.050680 0.038260 0.040900 
0.069580 0.058540 0.064720 0.010490 0.029920 
16
0.480192 0.014483 0.046210 
0.462445 0.970408 0.462022 
0.057364 0.015109 0.491768 
0.044060 0.008901 0.009334 0.011322 0.034854 
0.015249 0.007184 0.066917 0.012050 0.558361 
0.030041 0.009479 0.010263 0.010540 0.012085 
0.014717 0.032261 0.085144 0.008018 0.019220 
0.087130 0.033470 0.046870 0.049530 0.039770 
0.088610 0.033620 0.036890 0.080480 0.085360 
0.014750 0.040430 0.050680 0.038260 0.040900 
0.069580 0.058540 0.064720 0.010490 0.029920 
17
0.479472 0.014483 0.046210 
0.463164 0.970408 0.462022 
0.057405 0.015107 0.491768 
0.160814 0.008307 0.069879 0.043490 0.024331 
0.228206 0.019391 0.031811 0.041444 0.048582 
0.015229 0.052207 0.028338 0.028477 0.032617 
0.056006 0.037823 0.038931 0.009580 0.024537 
0.087130 0.033470 0.046870 0.049530 0.039770 
0.088610 0.033620 0.036890 0.080480 0.085360 
0.014750 0.040430 0.050680 0.038260 0.040900 
0.069580 0.058540 0.064720 0.010490 0.029920 
18
0.479817 0.014481 0.046210 
0.462778 0.970413 0.462022 
0.057405 0.015107 0.491768 
0.019023 0.005004 0.009588 0.011442 0.035120 
0.018545 0.006421 0.018531 0.009764 0.044616 
0.010651 0.007782 0.008621 0.006503 0.013819 
0.012379 0.011066 0.024021 0.697094 0.030009 
0.087130 0.033470 0.046870 0.049530 0.039770 
0.088610 0.033620 0.036890 0.080480 0.085360 
0.014750 0.040430 0.050680 0.038260 0.040900 
0.069580 0.058540 0.064720 0.010490 0.029920 
19
0.479817 0.014481 0.046210 
0.462778 0.970413 0.462022 
0.057405 0.015107 0.491768 
0.081094 0.002516 0.177469 0.286256 0.013900 
0.035856 0.012728 0.015082 0.054716 0.031307 
0.009212 0.031592 0.019017 0.057800 0.033853 
0.054655 0.040003 0.022897 0.005458 0.014589 
0.087130 0.033470 0.046870 0.049530 0.039770 
0.088610 0.033620 0.036890 0.080480 0.085360 
0.014750 0.040430 0.050680 0.038260 0.040900 
0.069580 0.058540 0.064720 0.010490 0.029920 
20
0.479817 0.014481 0.046210 
0.462778 0.970413 0.462022 
0.057405 0.015107 0.491768 
0.068594 0.006692 0.039390 0.035151 0.035466 
0.051188 0.013752 0.040511 0.044072 0.069045 
0.011390 0.033696 0.267776 0.024792 0.030399 
0.057634 0.082165 0.054691 0.009044 0.024551 
0.087130 0.033470 0.046870 0.049530 0.039770 
0.088610 0.033620 0.036890 0.080480 0.085360 
0.014750 0.040430 0.050680 0.038260 0.040900 
0.069580 0.058540 0.064720 0.010490 0.029920 
21
0.479817 0.014481 0.046210 
0.462778 0.970413 0.462022 
0.057405 0.015107 0.491768 
0.058976 0.007393 0.042358 0.039980 0.018866 
0.056549 0.015003 0.025538 0.037510 0.032993 
0.010351 0.042456 0.027388 0.027866 0.028343 
0.300164 0.160435 0.040164 0.007006 0.020661 
0.087130 0.033470 0.046870 0.049530 0.039770 
0.088610 0.033620 0.036890 0.080480 0.085360 
0.014750 0.040430 0.050680 0.038260 0.040900 
0.069580 0.058540 0.064720 0.010490 0.029920 
22
0.479817 0.014481 0.046210 
0.462778 0.970413 0.462022 
0.057405 0.015107 0.491768 
0.032979 0.005840 0.017713 0.018909 0.060032 
0.026889 0.015583 0.027742 0.019102 0.045839 
0.011191 0.015620 0.014181 0.014540 0.019075 
0.023995 0.023186 0.036643 0.014883 0.556055 
0.087130 0.033470 0.046870 0.049530 0.039770 
0.088610 0.033620 0.036890 0.080480 0.085360 
0.014750 0.040430 0.050680 0.038260 0.040900 
0.069580 0.058540 0.064720 0.010490 0.029920 
23
0.479817 0.014481 0.046210 
0.462778 0.970413 0.462022 
0.057405 0.015107 0.491768 
0.077329 0.005330 0.048080 0.082682 0.022548 
0.040916 0.019291 0.037451 0.070509 0.061591 
0.017648 0.035059 0.026235 0.094138 0.170648 
0.044451 0.039930 0.069010 0.010380 0.026773 
0.087130 0.033470 0.046870 0.049530 0.039770 
0.088610 0.033620 0.036890 0.080480 0.085360 
0.014750 0.040430 0.050680 0.038260 0.040900 
0.069580 0.058540 0.064720 0.010490 0.029920 
24
0.479817 0.014481 0.046210 
0.462778 0.970413 0.462022 
0.057405 0.015107 0.491768 
0.062672 0.007371 0.067649 0.047213 0.024426 
0.056244 0.018920 0.034268 0.050682 0.044862 
0.013355 0.045807 0.075273 0.032149 0.039189 
0.108641 0.190440 0.045804 0.009445 0.025590 
0.087130 0.033470 0.046870 0.049530 0.039770 
0.088610 0.033620 0.036890 0.080480 0.085360 
0.014750 0.040430 0.050680 0.038260 0.040900 
0.069580 0.058540 0.064720 0.010490 0.029920 
25
0.479817 0.014481 0.046210 
0.462778 0.970413 0.462022 
0.057405 0.015107 0.491768 
0.079042 0.005200 0.060251 0.174921 0.023464 
0.045365 0.020690 0.036315 0.081958 0.060845 
0.030358 0.037475 0.029809 0.044802 0.102255 
0.047363 0.039151 0.042154 0.010850 0.027732 
0.087130 0.033470 0.046870 0.049530 0.039770 
0.088610 0.033620 0.036890 0.080480 0.085360 
0.014750 0.040430 0.050680 0.038260 0.040900 
0.069580 0.058540 0.064720 0.010490 0.029920 
26
0.479817 0.014481 0.046210 
0.462778 0.970413 0.462022 
0.057405 0.015107 0.491768 
0.077371 0.002748 0.175328 0.260785 0.014653 
0.037995 0.013813 0.016554 0.064232 0.033531 
0.009734 0.034992 0.020335 0.064380 0.036961 
0.056745 0.034277 0.024153 0.005854 0.015558 
0.087130 0.033470 0.046870 0.049530 0.039770 
0.088610 0.033620 0.036890 0.080480 0.085360 
0.014750 0.040430 0.050680 0.038260 0.040900 
0.069580 0.058540 0.064720 0.010490 0.029920 
27
0.479817 0.014481 0.046210 
0.462778 0.970413 0.462022 
0.057405 0.015107 0.491768 
0.069796 0.003162 0.110562 0.279256 0.013982 
0.036088 0.015187 0.018636 0.118595 0.035799 
0.010308 0.032995 0.021839 0.051908 0.044966 
0.047445 0.035783 0.031154 0.006113 0.016425 
0.087130 0.033470 0.046870 0.049530 0.039770 
0.088610 0.033620 0.036890 0.080480 0.085360 
0.014750 0.040430 0.050680 0.038260 0.040900 
0.069580 0.058540 0.064720 0.010490 0.029920 
28
0.479817 0.014481 0.046210 
0.462778 0.970413 0.462022 
0.057405 0.015107 0.491768 
0.061961 0.012888 0.007689 0.006989 0.035215 
0.015364 0.006542 0.258060 0.010360 0.093900 
0.017115 0.007053 0.011599 0.006843 0.009447 
0.015991 0.028731 0.368393 0.006150 0.019708 
0.087130 0.033470 0.046870 0.049530 0.039770 
0.088610 0.033620 0.036890 0.080480 0.085360 
0.014750 0.040430 0.050680 0.038260 0.040900 
0.069580 0.058540 0.064720 0.010490 0.029920 
29
0.479817 0.014481 0.046210 
0.462778 0.970413 0.462022 
0.057405 0.015107 0.491768 
0.036044 0.008016 0.012077 0.015577 0.527304 
0.020386 0.009263 0.044522 0.013711 0.073970 
0.016016 0.010970 0.011962 0.011716 0.011175 
0.019883 0.021867 0.048161 0.021626 0.065753 
0.087130 0.033470 0.046870 0.049530 0.039770 
0.088610 0.033620 0.036890 0.080480 0.085360 
0.014750 0.040430 0.050680 0.038260 0.040900 
0.069580 0.058540 0.064720 0.010490 0.029920 
30
0.479817 0.014481 0.046210 
0.462778 0.970413 0.462022 
0.057405 0.015107 0.491768 
0.053555 0.004344 0.035566 0.035687 0.017410 
0.038405 0.011842 0.024902 0.052067 0.041111 
0.007509 0.028155 0.446122 0.025301 0.036745 
0.043708 0.037335 0.036714 0.006194 0.017327 
0.087130 0.033470 0.046870 0.049530 0.039770 
0.088610 0.033620 0.036890 0.080480 0.085360 
0.014750 0.040430 0.050680 0.038260 0.040900 
0.069580 0.058540 0.064720 0.010490 0.029920 
31
0.479817 0.087842 0.046210 
0.462778 0.897051 0.462022 
0.043213 0.016303 0.491768 
0.068823 0.009816 0.075192 0.089641 0.027817 
0.056770 0.041895 0.035903 0.077111 0.058888 
0.018732 0.057367 0.043788 0.057534 0.063480 
0.071369 0.058545 0.045989 0.010687 0.030653 
0.087130 0.033470 0.046870 0.049530 0.039770 
0.088610 0.033620 0.036890 0.080480 0.085360 
0.014750 0.040430 0.050680 0.038260 0.040900 
0.069580 0.058540 0.064720 0.010490 0.029920 
32
0.608420 0.029470 0.046210 
0.348367 0.954228 0.462022 
0.041423 0.016532 0.491768 
0.082161 0.013468 0.057550 0.073994 0.033103 
0.060405 0.024191 0.050797 0.065819 0.077701 
0.021541 0.045476 0.053513 0.042849 0.056323 
0.068515 0.062511 0.065897 0.011345 0.032840 
0.087130 0.033470 0.046870 0.049530 0.039770 
0.088610 0.033620 0.036890 0.080480 0.085360 
0.014750 0.040430 0.050680 0.038260 0.040900 
0.069580 0.058540 0.064720 0.010490 0.029920 
33
0.387663 0.016367 0.046210 
0.570914 0.967101 0.462022 
0.054179 0.015310 0.491768 
0.048066 0.009000 0.017366 0.020577 0.117336 
0.031543 0.023040 0.044671 0.018562 0.086581 
0.018993 0.019515 0.014655 0.017075 0.022337 
0.030483 0.033204 0.057299 0.030577 0.339118 
0.087130 0.033470 0.046870 0.049530 0.039770 
0.088610 0.033620 0.036890 0.080480 0.085360 
0.014750 0.040430 0.050680 0.038260 0.040900 
0.069580 0.058540 0.064720 0.010490 0.029920 
34
0.454859 0.014676 0.046210 
0.490963 0.970014 0.462022 
0.057283 0.015114 0.491768 
0.089388 0.012577 0.041407 0.035062 0.041181 
0.053779 0.019393 0.136684 0.037274 0.091757 
0.024521 0.027747 0.030381 0.025362 0.035841 
0.046275 0.051545 0.152079 0.012702 0.035043 
0.087130 0.033470 0.046870 0.049530 0.039770 
0.088610 0.033620 0.036890 0.080480 0.085360 
0.014750 0.040430 0.050680 0.038260 0.040900 
0.069580 0.058540 0.064720 0.010490 0.029920 
35
0.478797 0.014488 0.046210 
0.463919 0.970398 0.462022 
0.057405 0.015107 0.491768 
0.147762 0.006607 0.060473 0.071161 0.025622 
0.082790 0.021423 0.040529 0.087650 0.066005 
0.017965 0.042001 0.030099 0.065381 0.057546 
0.051921 0.044542 0.044336 0.009974 0.026212 
0.087130 0.033470 0.046870 0.049530 0.039770 
0.088610 0.033620 0.036890 0.080480 0.085360 
0.014750 0.040430 0.050680 0.038260 0.040900 
0.069580 0.058540 0.064720 0.010490 0.029920 
36
0.479817 0.014481 0.046210 
0.462778 0.970413 0.462022 
0.057405 0.015107 0.491768 
0.051585 0.008581 0.019109 0.025026 0.162450 
0.033605 0.025097 0.036852 0.019074 0.059500 
0.015956 0.021276 0.015102 0.017788 0.022991 
0.036275 0.033123 0.049877 0.028318 0.318414 
0.087130 0.033470 0.046870 0.049530 0.039770 
0.088610 0.033620 0.036890 0.080480 0.085360 
0.014750 0.040430 0.050680 0.038260 0.040900 
0.069580 0.058540 0.064720 0.010490 0.029920 
37
0.479817 0.014481 0.046210 
0.462778 0.970413 0.462022 
0.057405 0.015107 0.491768 
0.057567 0.003446 0.069490 0.402671 0.017065 
0.051291 0.014488 0.016887 0.063545 0.032365 
0.009891 0.029530 0.021097 0.045185 0.038562 
0.043383 0.035714 0.025646 0.006042 0.016135 
0.087130 0.033470 0.046870 0.049530 0.039770 
0.088610 0.033620 0.036890 0.080480 0.085360 
0.014750 0.040430 0.050680 0.038260 0.040900 
0.069580 0.058540 0.064720 0.010490 0.029920 
38
0.479817 0.014481 0.046210 
0.462778 0.970413 0.462022 
0.057405 0.015107 0.491768 
0.050864 0.003338 0.041462 0.019874 0.007973 
0.656971 0.007781 0.010745 0.022303 0.016949 
0.006298 0.025628 0.016406 0.013221 0.020317 
0.033112 0.020461 0.011786 0.003862 0.010649 
0.087130 0.033470 0.046870 0.049530 0.039770 
0.088610 0.033620 0.036890 0.080480 0.085360 
0.014750 0.040430 0.050680 0.038260 0.040900 
0.069580 0.058540 0.064720 0.010490 0.029920 
39
0.479817 0.014481 0.046210 
0.462778 0.970413 0.462022 
0.057405 0.015107 0.491768 
0.047869 0.010939 0.008323 0.009041 0.038112 
0.016727 0.007258 0.361402 0.010707 0.193211 
0.023789 0.008408 0.010967 0.009040 0.011088 
0.014743 0.024645 0.164760 0.008013 0.020957 
0.087130 0.033470 0.046870 0.049530 0.039770 
0.088610 0.033620 0.036890 0.080480 0.085360 
0.014750 0.040430 0.050680 0.038260 0.040900 
0.069580 0.058540 0.064720 0.010490 0.029920 
40
0.479817 0.014481 0.046210 
0.462778 0.970413 0.462022 
0.057405 0.015107 0.491768 
0.064616 0.005500 0.046149 0.059385 0.015773 
0.038606 0.021153 0.029783 0.339972 0.043007 
0.012425 0.035858 0.041515 0.041668 0.057764 
0.045496 0.040512 0.033510 0.007385 0.019921 
0.087130 0.033470 0.046870 0.049530 0.039770 
0.088610 0.033620 0.036890 0.080480 0.085360 
0.014750 0.040430 0.050680 0.038260 0.040900 
0.069580 0.058540 0.064720 0.010490 0.029920 
41
0.479817 0.014481 0.046210 
0.462778 0.970413 0.462022 
0.057405 0.015107 0.491768 
0.062169 0.012237 0.010982 0.011328 0.036537 
0.030546 0.008327 0.354506 0.014027 0.096895 
0.022131 0.010204 0.013179 0.010321 0.013375 
0.019479 0.033510 0.210865 0.007517 0.021868 
0.087130 0.033470 0.046870 0.049530 0.039770 
0.088610 0.033620 0.036890 0.080480 0.085360 
0.014750 0.040430 0.050680 0.038260 0.040900 
0.069580 0.058540 0.064720 0.010490 0.029920 
42
0.479817 0.014481 0.046210 
0.462778 0.970413 0.462022 
0.057405 0.015107 0.491768 
0.063751 0.007078 0.050675 0.091538 0.027865 
0.051185 0.182934 0.031095 0.061815 0.051346 
0.015497 0.043706 0.027961 0.038301 0.045350 
0.052261 0.074569 0.039809 0.012295 0.030968 
0.087130 0.033470 0.046870 0.049530 0.039770 
0.088610 0.033620 0.036890 0.080480 0.085360 
0.014750 0.040430 0.050680 0.038260 0.040900 
0.069580 0.058540 0.064720 0.010490 0.029920 
43
0.479817 0.014481 0.046210 
0.462778 0.970413 0.462022 
0.057405 0.015107 0.491768 
0.062729 0.003608 0.392249 0.079369 0.012205 
0.049674 0.014520 0.017102 0.045822 0.027001 
0.008393 0.076893 0.021486 0.032003 0.030022 
0.048570 0.036695 0.023713 0.004386 0.013561 
0.087130 0.033470 0.046870 0.049530 0.039770 
0.088610 0.033620 0.036890 0.080480 0.085360 
0.014750 0.040430 0.050680 0.038260 0.040900 
0.069580 0.058540 0.064720 0.010490 0.029920 
44
0.479817 0.014481 0.046210 
0.462778 0.970413 0.462022 
0.057405 0.015107 0.491768 
0.020479 0.005066 0.010505 0.013196 0.069767 
0.015537 0.012324 0.022251 0.012857 0.046412 
0.011074 0.010870 0.009575 0.009750 0.016263 
0.016559 0.015638 0.023415 0.596216 0.062249 
0.087130 0.033470 0.046870 0.049530 0.039770 
0.088610 0.033620 0.036890 0.080480 0.085360 
0.014750 0.040430 0.050680 0.038260 0.040900 
0.069580 0.058540 0.064720 0.010490 0.029920 
45
0.479817 0.014481 0.046210 
0.462778 0.970413 0.462022 
0.057405 0.015107 0.491768 
0.051340 0.005082 0.274402 0.073615 0.017167 
0.059792 0.018546 0.019385 0.045073 0.035057 
0.009555 0.138357 0.027039 0.030620 0.030707 
0.074860 0.039180 0.025126 0.007344 0.017754 
0.087130 0.033470 0.046870 0.049530 0.039770 
0.088610 0.033620 0.036890 0.080480 0.085360 
0.014750 0.040430 0.050680 0.038260 0.040900 
0.069580 0.058540 0.064720 0.010490 0.029920 
46
0.479817 0.014481 0.046210 
0.462778 0.970413 0.462022 
0.057405 0.015107 0.491768 
0.105926 0.004100 0.058748 0.067306 0.014966 
0.056909 0.017350 0.024188 0.278719 0.042398 
0.011883 0.042155 0.026590 0.051568 0.054144 
0.047037 0.039069 0.031207 0.006926 0.018811 
0.087130 0.033470 0.046870 0.049530 0.039770 
0.088610 0.033620 0.036890 0.080480 0.085360 
0.014750 0.040430 0.050680 0.038260 0.040900 
0.069580 0.058540 0.064720 0.010490 0.029920 
47
0.479817 0.014481 0.046210 
0.462778 0.970413 0.462022 
0.057405 0.015107 0.491768 
0.019255 0.004923 0.006573 0.011030 0.049321 
0.014026 0.006212 0.021796 0.009366 0.054485 
0.013114 0.006444 0.006439 0.006290 0.015041 
0.011254 0.010379 0.027570 0.666126 0.040356 
0.087130 0.033470 0.046870 0.049530 0.039770 
0.088610 0.033620 0.036890 0.080480 0.085360 
0.014750 0.040430 0.050680 0.038260 0.040900 
0.069580 0.058540 0.064720 0.010490 0.029920 
48
0.479817 0.014481 0.046210 
0.462778 0.970413 0.462022 
0.057405 0.015107 0.491768 
0.058983 0.002931 0.128989 0.382999 0.013221 
0.034067 0.013171 0.015168 0.051427 0.030519 
0.009253 0.027877 0.019797 0.048833 0.034881 
0.044227 0.033984 0.029110 0.005586 0.014978 
0.087130 0.033470 0.046870 0.049530 0.039770 
0.088610 0.033620 0.036890 0.080480 0.085360 
0.014750 0.040430 0.050680 0.038260 0.040900 
0.069580 0.058540 0.064720 0.010490 0.029920 
49
0.479817 0.014481 0.046210 
0.462778 0.970413 0.462022 
0.057405 0.015107 0.491768 
0.045055 0.003277 0.430637 0.119168 0.011366 
0.037673 0.013221 0.014822 0.042122 0.025071 
0.007700 0.054637 0.020130 0.032051 0.028636 
0.042495 0.032863 0.021793 0.004334 0.012948 
0.087130 0.033470 0.046870 0.049530 0.039770 
0.088610 0.033620 0.036890 0.080480 0.085360 
0.014750 0.040430 0.050680 0.038260 0.040900 
0.069580 0.058540 0.064720 0.010490 0.029920 
50
0.479817 0.014481 0.046210 
0.462778 0.970413 0.462022 
0.057405 0.015107 0.491768 
0.049092 0.004999 0.030336 0.035454 0.010542 
0.032282 0.010911 0.017040 0.032155 0.029222 
0.006340 0.020130 0.569416 0.018863 0.023656 
0.041800 0.028300 0.026000 0.003417 0.010044 
0.087130 0.033470 0.046870 0.049530 0.039770 
0.088610 0.033620 0.036890 0.080480 0.085360 
0.014750 0.040430 0.050680 0.038260 0.040900 
0.069580 0.058540 0.064720 0.010490 0.029920 
51
0.479817 0.014481 0.046210 
0.462778 0.970413 0.462022 
0.057405 0.015107 0.491768 
0.034447 0.008157 0.010779 0.015081 0.508003 
0.019392 0.009685 0.040991 0.012437 0.070487 
0.015176 0.010251 0.011218 0.011273 0.009796 
0.020109 0.021445 0.045810 0.026504 0.098960 
0.087130 0.033470 0.046870 0.049530 0.039770 
0.088610 0.033620 0.036890 0.080480 0.085360 
0.014750 0.040430 0.050680 0.038260 0.040900 
0.069580 0.058540 0.064720 0.010490 0.029920 
52
0.479817 0.014481 0.046210 
0.462778 0.970413 0.462022 
0.057405 0.015107 0.491768 
0.057504 0.004557 0.042243 0.054342 0.015669 
0.036783 0.017631 0.023889 0.094943 0.041419 
0.012429 0.034363 0.024714 0.038784 0.358392 
0.042135 0.039942 0.032510 0.007599 0.020154 
0.087130 0.033470 0.046870 0.049530 0.039770 
0.088610 0.033620 0.036890 0.080480 0.085360 
0.014750 0.040430 0.050680 0.038260 0.040900 
0.069580 0.058540 0.064720 0.010490 0.029920 
53
0.479817 0.014481 0.046210 
0.462778 0.970413 0.462022 
0.057405 0.015107 0.491768 
0.043523 0.009153 0.007814 0.009378 0.036123 
0.014155 0.006711 0.083620 0.009906 0.547209 
0.028903 0.008295 0.009635 0.009634 0.010545 
0.013311 0.021670 0.102959 0.008114 0.019342 
0.087130 0.033470 0.046870 0.049530 0.039770 
0.088610 0.033620 0.036890 0.080480 0.085360 
0.014750 0.040430 0.050680 0.038260 0.040900 
0.069580 0.058540 0.064720 0.010490 0.029920 
54
0.479817 0.014481 0.046210 
0.462778 0.970413 0.462022 
0.057405 0.015107 0.491768 
0.049108 0.006276 0.034617 0.035949 0.016805 
0.035440 0.013190 0.025235 0.035362 0.033182 
0.009907 0.032469 0.023144 0.026004 0.027373 
0.108177 0.425338 0.038036 0.006098 0.018291 
0.087130 0.033470 0.046870 0.049530 0.039770 
0.088610 0.033620 0.036890 0.080480 0.085360 
0.014750 0.040430 0.050680 0.038260 0.040900 
0.069580 0.058540 0.064720 0.010490 0.029920 
55
0.479817 0.014481 0.046210 
0.462778 0.970413 0.462022 
0.057405 0.015107 0.491768 
0.072306 0.011606 0.023314 0.026772 0.052307 
0.038892 0.014701 0.074294 0.027369 0.115107 
0.240857 0.021204 0.018016 0.021296 0.026520 
0.031276 0.035877 0.082179 0.013348 0.052758 
0.087130 0.033470 0.046870 0.049530 0.039770 
0.088610 0.033620 0.036890 0.080480 0.085360 
0.014750 0.040430 0.050680 0.038260 0.040900 
0.069580 0.058540 0.064720 0.010490 0.029920 
56
0.479817 0.014481 0.046210 
0.462778 0.970413 0.462022 
0.057405 0.015107 0.491768 
0.045269 0.003761 0.439489 0.059383 0.012125 
0.039137 0.014540 0.016382 0.045005 0.027270 
0.008342 0.054844 0.026166 0.030558 0.057254 
0.042968 0.034668 0.023644 0.004913 0.014281 
0.087130 0.033470 0.046870 0.049530 0.039770 
0.088610 0.033620 0.036890 0.080480 0.085360 
0.014750 0.040430 0.050680 0.038260 0.040900 
0.069580 0.058540 0.064720 0.010490 0.029920 
57
0.479817 0.014481 0.046210 
0.462778 0.970413 0.462022 
0.057405 0.015107 0.491768 
0.352413 0.008176 0.045539 0.073937 0.020255 
0.049083 0.015682 0.029547 0.049651 0.048484 
0.014129 0.033743 0.023049 0.033531 0.038861 
0.051740 0.039764 0.043750 0.007554 0.021112 
0.087130 0.033470 0.046870 0.049530 0.039770 
0.088610 0.033620 0.036890 0.080480 0.085360 
0.014750 0.040430 0.050680 0.038260 0.040900 
0.069580 0.058540 0.064720 0.010490 0.029920 
58
0.479817 0.014481 0.046210 
0.462778 0.970413 0.462022 
0.057405 0.015107 0.491768 
0.029010 0.008903 0.016097 0.018576 0.101632 
0.018974 0.028192 0.030264 0.019356 0.056565 
0.014389 0.018040 0.013311 0.013957 0.019826 
0.023444 0.021584 0.033207 0.030439 0.484231 
0.087130 0.033470 0.046870 0.049530 0.039770 
0.088610 0.033620 0.036890 0.080480 0.085360 
0.014750 0.040430 0.050680 0.038260 0.040900 
0.069580 0.058540 0.064720 0.010490 0.029920 
59
0.479817 0.014481 0.046210 
0.462778 0.970413 0.462022 
0.057405 0.015107 0.491768 
0.023553 0.005400 0.008248 0.012376 0.042203 
0.015477 0.006745 0.026826 0.011142 0.059565 
0.014123 0.007854 0.007697 0.007767 0.015453 
0.012977 0.012869 0.059648 0.615466 0.034611 
0.087130 0.033470 0.046870 0.049530 0.039770 
0.088610 0.033620 0.036890 0.080480 0.085360 
0.014750 0.040430 0.050680 0.038260 0.040900 
0.069580 0.058540 0.064720 0.010490 0.029920 
60
0.479817 0.014481 0.046210 
0.462778 0.970413 0.462022 
0.057405 0.015107 0.491768 
0.060337 0.004269 0.044717 0.058427 0.014503 
0.036334 0.024607 0.022049 0.378956 0.038885 
0.014058 0.035074 0.024942 0.041068 0.060258 
0.045638 0.039649 0.030483 0.006960 0.018786 
0.087130 0.033470 0.046870 0.049530 0.039770 
0.088610 0.033620 0.036890 0.080480 0.085360 
0.014750 0.040430 0.050680 0.038260 0.040900 
0.069580 0.058540 0.064720 0.010490 0.029920 
61
0.479817 0.014481 0.046210 
0.462778 0.970413 0.462022 
0.057405 0.015107 0.491768 
0.041055 0.007971 0.015003 0.018458 0.128878 
0.027005 0.023504 0.043170 0.017130 0.060457 
0.015615 0.022725 0.012702 0.015860 0.021040 
0.028921 0.027728 0.056776 0.026380 0.389621 
0.087130 0.033470 0.046870 0.049530 0.039770 
0.088610 0.033620 0.036890 0.080480 0.085360 
0.014750 0.040430 0.050680 0.038260 0.040900 
0.069580 0.058540 0.064720 0.010490 0.029920 
62
0.479817 0.014481 0.046210 
0.462778 0.970413 0.462022 
0.057405 0.015107 0.491768 
0.055301 0.005261 0.043431 0.054530 0.017290 
0.038858 0.016878 0.024539 0.054253 0.042818 
0.012134 0.032718 0.024567 0.392789 0.042087 
0.042082 0.039703 0.033903 0.007298 0.019561 
0.087130 0.033470 0.046870 0.049530 0.039770 
0.088610 0.033620 0.036890 0.080480 0.085360 
0.014750 0.040430 0.050680 0.038260 0.040900 
0.069580 0.058540 0.064720 0.010490 0.029920 
63
0.479817 0.014481 0.046210 
0.462778 0.970413 0.462022 
0.057405 0.015107 0.491768 
0.301330 0.012213 0.033249 0.039644 0.026410 
0.089763 0.014839 0.038854 0.038797 0.060225 
0.017462 0.026556 0.023224 0.027549 0.044033 
0.065997 0.039624 0.066769 0.008695 0.024767 
0.087130 0.033470 0.046870 0.049530 0.039770 
0.088610 0.033620 0.036890 0.080480 0.085360 
0.014750 0.040430 0.050680 0.038260 0.040900 
0.069580 0.058540 0.064720 0.010490 0.029920 
64
0.479817 0.014481 0.046210 
0.462778 0.970413 0.462022 
0.057405 0.015107 0.491768 
0.053991 0.003287 0.078850 0.438120 0.012802 
0.042766 0.013588 0.015245 0.049668 0.029621 
0.009015 0.027566 0.020333 0.042684 0.035312 
0.041366 0.041220 0.023792 0.005637 0.015137 
0.087130 0.033470 0.046870 0.049530 0.039770 
0.088610 0.033620 0.036890 0.080480 0.085360 
0.014750 0.040430 0.050680 0.038260 0.040900 
0.069580 0.058540 0.064720 0.010490 0.029920 
65
0.479817 0.014481 0.046210 
0.462778 0.970413 0.462022 
0.057405 0.015107 0.491768 
0.047333 0.005161 0.045053 0.070949 0.011724 
0.035985 0.019309 0.018811 0.368727 0.033424 
0.010363 0.037125 0.028881 0.046956 0.090562 
0.045163 0.039188 0.026148 0.004726 0.014413 
0.087130 0.033470 0.046870 0.049530 0.039770 
0.088610 0.033620 0.036890 0.080480 0.085360 
0.014750 0.040430 0.050680 0.038260 0.040900 
0.069580 0.058540 0.064720 0.010490 0.029920 
66
0.479817 0.014481 0.046210 
0.462778 0.970413 0.462022 
0.057405 0.015107 0.491768 
0.052452 0.003085 0.100671 0.450688 0.012354 
0.033940 0.012890 0.014163 0.047095 0.028091 
0.008508 0.026173 0.019774 0.042284 0.033108 
0.040254 0.032173 0.022484 0.005368 0.014444 
0.087130 0.033470 0.046870 0.049530 0.039770 
0.088610 0.033620 0.036890 0.080480 0.085360 
0.014750 0.040430 0.050680 0.038260 0.040900 
0.069580 0.058540 0.064720 0.010490 0.029920 
67
0.479817 0.014481 0.046210 
0.462778 0.970413 0.462022 
0.057405 0.015107 0.491768 
0.080981 0.004573 0.053029 0.059223 0.017358 
0.038783 0.018049 0.028485 0.099608 0.048244 
0.014189 0.035146 0.025464 0.041091 0.269193 
0.053013 0.047176 0.035938 0.008366 0.022090 
0.087130 0.033470 0.046870 0.049530 0.039770 
0.088610 0.033620 0.036890 0.080480 0.085360 
0.014750 0.040430 0.050680 0.038260 0.040900 
0.069580 0.058540 0.064720 0.010490 0.029920 
68
0.479817 0.014481 0.046210 
0.462778 0.970413 0.462022 
0.057405 0.015107 0.491768 
0.062025 0.004163 0.045656 0.059342 0.014169 
0.062445 0.017176 0.021605 0.345967 0.038040 
0.011187 0.035097 0.025503 0.041140 0.061999 
0.052733 0.046904 0.029699 0.006787 0.018362 
0.087130 0.033470 0.046870 0.049530 0.039770 
0.088610 0.033620 0.036890 0.080480 0.085360 
0.014750 0.040430 0.050680 0.038260 0.040900 
0.069580 0.058540 0.064720 0.010490 0.029920 
69
0.479817 0.014481 0.046210 
0.462778 0.970413 0.462022 
0.057405 0.015107 0.491768 
0.062143 0.011006 0.012510 0.013417 0.176533 
0.022425 0.010875 0.086013 0.013144 0.316179 
0.026718 0.012660 0.012389 0.012800 0.014517 
0.018968 0.031239 0.104845 0.011640 0.029979 
0.087130 0.033470 0.046870 0.049530 0.039770 
0.088610 0.033620 0.036890 0.080480 0.085360 
0.014750 0.040430 0.050680 0.038260 0.040900 
0.069580 0.058540 0.064720 0.010490 0.029920 
70
0.479817 0.014481 0.046210 
0.462778 0.970413 0.462022 
0.057405 0.015107 0.491768 
0.035960 0.005723 0.020438 0.023781 0.065515 
0.036125 0.018029 0.024118 0.030129 0.041643 
0.010900 0.018702 0.015062 0.018345 0.023676 
0.027937 0.026454 0.035445 0.016641 0.505375 
0.087130 0.033470 0.046870 0.049530 0.039770 
0.088610 0.033620 0.036890 0.080480 0.085360 
0.014750 0.040430 0.050680 0.038260 0.040900 
0.069580 0.058540 0.064720 0.010490 0.029920 
71
0.479817 0.014481 0.046210 
0.462778 0.970413 0.462022 
0.057405 0.020185 0.486431 
0.471716 0.010061 0.026365 0.030609 0.021259 
0.047050 0.011879 0.030637 0.029520 0.048985 
0.013715 0.021061 0.018796 0.021458 0.025294 
0.063587 0.033143 0.048668 0.006819 0.019381 
0.087129 0.033470 0.046870 0.049530 0.039770 
0.088609 0.033620 0.036899 0.080479 0.085359 
0.014750 0.040430 0.050680 0.038260 0.040900 
0.069579 0.058539 0.064719 0.010490 0.029920 
72
0.479817 0.014481 0.045709 
0.462778 0.965335 0.467861 
0.057405 0.015107 0.491768 
0.046040 0.011863 0.007879 0.007781 0.035733 
0.015501 0.006621 0.347400 0.010478 0.097358 
0.019282 0.007526 0.011321 0.007559 0.009856 
0.015240 0.026541 0.289580 0.006726 0.019715 
0.087130 0.033470 0.046870 0.049530 0.039770 
0.088610 0.033620 0.036890 0.080480 0.085360 
0.014750 0.040430 0.050680 0.038260 0.040900 
0.069580 0.058540 0.064720 0.010490 0.029920 
73
0.479817 0.014481 0.046210 
0.462778 0.970413 0.462022 
0.057405 0.015107 0.491768 
0.065313 0.012216 0.019440 0.019888 0.046231 
0.033536 0.012757 0.270990 0.028348 0.133573 
0.023392 0.016135 0.017377 0.017039 0.028378 
0.026960 0.034046 0.157072 0.009735 0.027576 
0.087130 0.033470 0.046870 0.049530 0.039770 
0.088610 0.033620 0.036890 0.080480 0.085360 
0.014750 0.040430 0.050680 0.038260 0.040900 
0.069580 0.058540 0.064720 0.010490 0.029920 
74
0.479817 0.014481 0.046210 
0.462778 0.970413 0.462022 
0.057405 0.015107 0.491768 
0.052623 0.003578 0.393996 0.078449 0.012010 
0.041998 0.014607 0.016892 0.045216 0.026472 
0.008270 0.086280 0.021555 0.031333 0.029681 
0.058903 0.037059 0.023512 0.004227 0.013340 
0.087130 0.033470 0.046870 0.049530 0.039770 
0.088610 0.033620 0.036890 0.080480 0.085360 
0.014750 0.040430 0.050680 0.038260 0.040900 
0.069580 0.058540 0.064720 0.010490 0.029920 
75
0.479817 0.014481 0.046210 
0.462778 0.970413 0.462022 
0.057405 0.015107 0.491768 
0.410675 0.011595 0.027651 0.033373 0.026084 
0.051050 0.012639 0.035321 0.031944 0.055638 
0.015759 0.022406 0.019573 0.023560 0.027341 
0.066901 0.043285 0.056091 0.007510 0.021604 
0.087130 0.033470 0.046870 0.049530 0.039770 
0.088610 0.033620 0.036890 0.080480 0.085360 
0.014750 0.040430 0.050680 0.038260 0.040900 
0.069580 0.058540 0.064720 0.010490 0.029920 
76
0.479817 0.014481 0.046210 
0.462778 0.970413 0.462022 
0.057405 0.015107 0.491768 
0.074030 0.012774 0.036286 0.033461 0.091579 
0.058942 0.102022 0.072416 0.024961 0.106959 
0.027798 0.037194 0.024269 0.024746 0.029375 
0.043497 0.040111 0.079260 0.021248 0.059071 
0.087130 0.033470 0.046870 0.049530 0.039770 
0.088610 0.033620 0.036890 0.080480 0.085360 
0.014750 0.040430 0.050680 0.038260 0.040900 
0.069580 0.058540 0.064720 0.010490 0.029920 
77
0.479817 0.014481 0.046210 
0.462778 0.970413 0.462022 
0.057405 0.015107 0.491768 
0.303161 0.011033 0.036386 0.048505 0.026076 
0.053068 0.015862 0.039329 0.043880 0.061432 
0.017557 0.031786 0.023933 0.040313 0.036338 
0.063195 0.041938 0.072643 0.008715 0.024850 
0.087130 0.033470 0.046870 0.049530 0.039770 
0.088610 0.033620 0.036890 0.080480 0.085360 
0.014750 0.040430 0.050680 0.038260 0.040900 
0.069580 0.058540 0.064720 0.010490 0.029920 
78
0.479817 0.014481 0.046210 
0.462778 0.970413 0.462022 
0.057405 0.015107 0.491768 
0.061777 0.004884 0.048324 0.062891 0.016495 
0.039384 0.018552 0.023439 0.064654 0.041210 
0.012321 0.040132 0.025705 0.298552 0.092297 
0.046156 0.042330 0.032685 0.007642 0.020569 
0.087130 0.033470 0.046870 0.049530 0.039770 
0.088610 0.033620 0.036890 0.080480 0.085360 
0.014750 0.040430 0.050680 0.038260 0.040900 
0.069580 0.058540 0.064720 0.010490 0.029920 
79
0.479817 0.014481 0.046210 
0.462778 0.970413 0.462022 
0.057405 0.015107 0.491768 
0.064340 0.006417 0.070651 0.046581 0.018908 
0.064137 0.019514 0.020952 0.046969 0.035884 
0.010884 0.286567 0.029793 0.031625 0.036704 
0.105922 0.045540 0.029501 0.008072 0.021039 
0.087130 0.033470 0.046870 0.049530 0.039770 
0.088610 0.033620 0.036890 0.080480 0.085360 
0.014750 0.040430 0.050680 0.038260 0.040900 
0.069580 0.058540 0.064720 0.010490 0.029920 
80
0.479817 0.014481 0.046210 
0.462778 0.970413 0.462022 
0.057405 0.078960 0.432140 
0.064080 0.006273 0.074916 0.049267 0.018997 
0.084135 0.020419 0.020959 0.057932 0.036286 
0.011199 0.274186 0.030652 0.033765 0.039689 
0.075202 0.043392 0.028877 0.008308 0.021469 
0.087141 0.033466 0.046865 0.049524 0.039766 
0.088692 0.033616 0.036886 0.080471 0.085350 
0.014748 0.040425 0.050674 0.038256 0.040895 
0.069572 0.058533 0.064713 0.010489 0.029917 
81
0.479817 0.014481 0.040607 
0.462778 0.906559 0.527253 
0.057405 0.015107 0.491768 
0.080160 0.009637 0.048982 0.049581 0.038924 
0.074383 0.136054 0.042662 0.044753 0.080142 
0.020170 0.045548 0.028135 0.052652 0.040762 
0.052699 0.049357 0.050057 0.015929 0.039414 
0.087130 0.033470 0.046870 0.049530 0.039770 
0.088610 0.033620 0.036890 0.080480 0.085360 
0.014750 0.040430 0.050680 0.038260 0.040900 
0.069580 0.058540 0.064720 0.010490 0.029920 
82
0.479817 0.014481 0.046210 
0.462778 0.970413 0.462022 
0.057405 0.015107 0.491768 
0.064156 0.011145 0.015884 0.018000 0.059395 
0.024645 0.012370 0.077250 0.019083 0.404316 
0.037315 0.014963 0.013956 0.019582 0.020005 
0.021763 0.028544 0.083140 0.011482 0.043009 
0.087130 0.033470 0.046870 0.049530 0.039770 
0.088610 0.033620 0.036890 0.080480 0.085360 
0.014750 0.040430 0.050680 0.038260 0.040900 
0.069580 0.058540 0.064720 0.010490 0.029920 
83
0.479817 0.014481 0.046210 
0.462778 0.970413 0.462022 
0.057405 0.015107 0.491768 
0.058446 0.008088 0.097591 0.064113 0.029646 
0.094976 0.050640 0.026590 0.045012 0.045542 
0.013759 0.167951 0.033210 0.031957 0.036005 
0.076519 0.045222 0.032025 0.012966 0.029742 
0.087130 0.033470 0.046870 0.049530 0.039770 
0.088610 0.033620 0.036890 0.080480 0.085360 
