%  SAM: modelfromalign v3.5 (July 15, 2005) compiled 12/05/20_11:48:22
%  (c) 1992-2001 Regents of the University of California, Santa Cruz
%
%          Sequence Alignment and Modeling Software System
%         http://www.cse.ucsc.edu/research/compbio/sam.html
%
% ----------------- Citations (SAM, SAM-T2K, HMMs) --------------------
% R. Hughey, A. Krogh, Hidden Markov models for sequence analysis:
%  Extension and analysis of the basic method, CABIOS 12:95-107, 1996.
% K. Karplus, et al., What is the value added by human intervention in protein
%  structure prediction, Proteins: Stucture, Function, Genetics 45(S5):86--91, 2001.
% A. Krogh et al., Hidden Markov models in computational biology:
%  Applications to protein modeling, JMB 235:1501-1531, Feb 1994.
% ---------------------------------------------------------------------
%  trimmed-uniq   Host: gauntlet    Thu Feb 11 16:20:40 2021
%  dgpinheiro     Dir:  /data/GitHub/sfFinder/example/output/subfamily/TEST1/flowerpower/fp-workspace/iter3
% ---------------------------------------------------------------------
% Prior File:  Internal (Name: recode3.20comp) 
%   20 priors on 20 characters.
%  Alignment weights from internal calc.  Total (1.56) Max (0.00) Min (0.00)
%  Weights from alignment method 1 (karplus), b=0.500000, e=0.500000
MODEL --  Model from alignment file trimmed-uniq.a2m
alphabet protein
FREQAVE
0.000000 0.000000 0.000000 
0.000000 0.000000 0.000000 
0.000000 0.000000 0.000000 
0.073230 0.015714 0.056926 0.066542 0.049643 
0.061761 0.028615 0.052066 0.058197 0.085110 
0.025957 0.041843 0.045311 0.042474 0.052338 
0.059151 0.053804 0.060954 0.023471 0.046895 
0.073230 0.015714 0.056926 0.066542 0.049643 
0.061761 0.028615 0.052066 0.058197 0.085110 
0.025957 0.041843 0.045311 0.042474 0.052338 
0.059151 0.053804 0.060954 0.023471 0.046895 
Begin
0.000000 0.000000 0.000000 
0.000000 0.000000 0.000000 
0.000000 0.102161 0.806495 
0.000000 0.000000 0.000000 0.000000 0.000000 
0.000000 0.000000 0.000000 0.000000 0.000000 
0.000000 0.000000 0.000000 0.000000 0.000000 
0.000000 0.000000 0.000000 0.000000 0.000000 
0.087137 0.033411 0.046875 0.049460 0.039687 
0.088503 0.033556 0.036842 0.080766 0.085463 
0.014903 0.040444 0.050638 0.038240 0.040937 
0.069510 0.058600 0.064638 0.010468 0.029923 
1
0.000000 0.014481 0.062791 
0.000000 0.883358 0.130713 
0.041829 0.016477 0.491768 
0.075340 0.011832 0.054103 0.075224 0.032523 
0.050942 0.025334 0.052928 0.081544 0.083054 
0.027541 0.044464 0.043506 0.047402 0.062930 
0.063810 0.059582 0.065088 0.011149 0.031703 
0.087130 0.033470 0.046870 0.049530 0.039770 
0.088610 0.033620 0.036890 0.080480 0.085360 
0.014750 0.040430 0.050680 0.038260 0.040900 
0.069580 0.058540 0.064720 0.010490 0.029920 
2
0.620965 0.015794 0.046210 
0.337206 0.967728 0.462022 
0.041829 0.016477 0.491768 
0.077559 0.010762 0.062298 0.080942 0.027850 
0.063805 0.025268 0.040384 0.080116 0.065065 
0.019214 0.049204 0.056036 0.047632 0.070817 
0.069337 0.060966 0.053358 0.010126 0.029261 
0.087130 0.033470 0.046870 0.049530 0.039770 
0.088610 0.033620 0.036890 0.080480 0.085360 
0.014750 0.040430 0.050680 0.038260 0.040900 
0.069580 0.058540 0.064720 0.010490 0.029920 
3
0.619812 0.015794 0.046210 
0.338359 0.967728 0.462022 
0.041877 0.016471 0.491768 
0.076713 0.013244 0.042506 0.060668 0.038622 
0.042290 0.022338 0.076169 0.060179 0.125993 
0.029598 0.036124 0.041540 0.039403 0.051604 
0.055307 0.054861 0.087953 0.012022 0.032868 
0.087130 0.033470 0.046870 0.049530 0.039770 
0.088610 0.033620 0.036890 0.080480 0.085360 
0.014750 0.040430 0.050680 0.038260 0.040900 
0.069580 0.058540 0.064720 0.010490 0.029920 
4
0.620527 0.015788 0.046210 
0.337596 0.967741 0.462022 
0.041877 0.016471 0.491768 
0.073376 0.011251 0.064238 0.076608 0.031222 
0.066139 0.026792 0.042586 0.071292 0.073232 
0.020173 0.059301 0.047289 0.046403 0.060440 
0.068862 0.061229 0.054836 0.011290 0.033443 
0.087130 0.033470 0.046870 0.049530 0.039770 
0.088610 0.033620 0.036890 0.080480 0.085360 
0.014750 0.040430 0.050680 0.038260 0.040900 
0.069580 0.058540 0.064720 0.010490 0.029920 
5
0.620527 0.015788 0.046210 
0.337596 0.967741 0.462022 
0.041877 0.016471 0.491768 
0.078451 0.011753 0.058101 0.078040 0.031683 
0.053872 0.024996 0.047800 0.072504 0.082596 
0.022037 0.047812 0.051190 0.046735 0.060897 
0.066346 0.060954 0.061437 0.010810 0.031985 
0.087130 0.033470 0.046870 0.049530 0.039770 
0.088610 0.033620 0.036890 0.080480 0.085360 
0.014750 0.040430 0.050680 0.038260 0.040900 
0.069580 0.058540 0.064720 0.010490 0.029920 
6
0.460451 0.015788 0.046210 
0.497672 0.967741 0.462022 
0.049858 0.015635 0.491768 
0.051694 0.003764 0.039067 0.051109 0.012359 
0.031890 0.015672 0.018177 0.420569 0.032599 
0.009792 0.031166 0.021824 0.036311 0.101408 
0.039092 0.035269 0.025942 0.006047 0.016249 
0.087130 0.033470 0.046870 0.049530 0.039770 
0.088610 0.033620 0.036890 0.080480 0.085360 
0.014750 0.040430 0.050680 0.038260 0.040900 
0.069580 0.058540 0.064720 0.010490 0.029920 
7
0.548206 0.014987 0.046210 
0.401936 0.969377 0.462022 
0.049858 0.015635 0.491768 
0.057094 0.002027 0.258931 0.291868 0.011389 
0.031435 0.010751 0.012051 0.045491 0.025519 
0.007849 0.032639 0.016689 0.049296 0.031753 
0.048754 0.030276 0.019839 0.004299 0.012048 
0.087130 0.033470 0.046870 0.049530 0.039770 
0.088610 0.033620 0.036890 0.080480 0.085360 
0.014750 0.040430 0.050680 0.038260 0.040900 
0.069580 0.058540 0.064720 0.010490 0.029920 
8
0.548206 0.014987 0.046210 
0.401936 0.969377 0.462022 
0.049858 0.015635 0.491768 
0.059728 0.003830 0.074099 0.054042 0.014062 
0.032715 0.016099 0.022923 0.139264 0.039874 
0.011809 0.039427 0.022013 0.037762 0.302286 
0.039080 0.035817 0.029836 0.006939 0.018396 
0.087130 0.033470 0.046870 0.049530 0.039770 
0.088610 0.033620 0.036890 0.080480 0.085360 
0.014750 0.040430 0.050680 0.038260 0.040900 
0.069580 0.058540 0.064720 0.010490 0.029920 
9
0.548206 0.014987 0.046210 
0.401936 0.969377 0.462022 
0.049858 0.015635 0.491768 
0.028446 0.005688 0.012071 0.015164 0.090243 
0.019507 0.020248 0.024565 0.015760 0.043126 
0.010874 0.013089 0.010277 0.013294 0.018073 
0.022602 0.021779 0.036999 0.028786 0.549410 
0.087130 0.033470 0.046870 0.049530 0.039770 
0.088610 0.033620 0.036890 0.080480 0.085360 
0.014750 0.040430 0.050680 0.038260 0.040900 
0.069580 0.058540 0.064720 0.010490 0.029920 
10
0.546963 0.014987 0.046210 
0.403179 0.969377 0.462022 
0.049920 0.015630 0.491768 
0.232486 0.010150 0.038826 0.045997 0.030092 
0.052453 0.018682 0.048901 0.049527 0.074556 
0.020756 0.039423 0.025740 0.040248 0.053312 
0.048748 0.058766 0.062238 0.010405 0.038693 
0.087130 0.033470 0.046870 0.049530 0.039770 
0.088610 0.033620 0.036890 0.080480 0.085360 
0.014750 0.040430 0.050680 0.038260 0.040900 
0.069580 0.058540 0.064720 0.010490 0.029920 
11
0.547644 0.014982 0.046210 
0.402436 0.969387 0.462022 
0.049920 0.015630 0.491768 
0.177417 0.014110 0.040465 0.037416 0.041526 
0.048634 0.027691 0.069162 0.041363 0.124260 
0.029066 0.028317 0.023247 0.030374 0.044033 
0.041391 0.041195 0.088816 0.013240 0.038278 
0.087130 0.033470 0.046870 0.049530 0.039770 
0.088610 0.033620 0.036890 0.080480 0.085360 
0.014750 0.040430 0.050680 0.038260 0.040900 
0.069580 0.058540 0.064720 0.010490 0.029920 
12
0.418517 0.014982 0.046210 
0.531563 0.969387 0.462022 
0.057322 0.015112 0.491768 
0.042955 0.008844 0.007848 0.009316 0.037922 
0.014646 0.006692 0.083300 0.009778 0.269174 
0.329625 0.008257 0.009201 0.009167 0.010455 
0.013217 0.032337 0.070630 0.007840 0.018793 
0.087130 0.033470 0.046870 0.049530 0.039770 
0.088610 0.033620 0.036890 0.080480 0.085360 
0.014750 0.040430 0.050680 0.038260 0.040900 
0.069580 0.058540 0.064720 0.010490 0.029920 
13
0.480572 0.014485 0.046210 
0.462106 0.970403 0.462022 
0.057322 0.015112 0.491768 
0.073073 0.005413 0.029218 0.031459 0.014387 
0.028858 0.011322 0.022208 0.031650 0.030186 
0.008959 0.027771 0.019217 0.023059 0.024434 
0.080060 0.484827 0.033230 0.005200 0.015468 
0.087130 0.033470 0.046870 0.049530 0.039770 
0.088610 0.033620 0.036890 0.080480 0.085360 
0.014750 0.040430 0.050680 0.038260 0.040900 
0.069580 0.058540 0.064720 0.010490 0.029920 
14
0.479840 0.014485 0.046210 
0.462838 0.970403 0.462022 
0.057364 0.015109 0.491768 
0.035226 0.003777 0.028772 0.032115 0.011454 
0.031777 0.012015 0.015096 0.034841 0.026723 
0.007503 0.022568 0.018874 0.022477 0.601704 
0.028130 0.026365 0.021932 0.005099 0.013552 
0.087130 0.033470 0.046870 0.049530 0.039770 
0.088610 0.033620 0.036890 0.080480 0.085360 
0.014750 0.040430 0.050680 0.038260 0.040900 
0.069580 0.058540 0.064720 0.010490 0.029920 
15
0.480192 0.014483 0.046210 
0.462445 0.970408 0.462022 
0.057364 0.015109 0.491768 
0.053642 0.003249 0.106981 0.021274 0.007759 
0.575002 0.007929 0.010722 0.024090 0.017246 
0.006586 0.033378 0.016347 0.014352 0.016956 
0.035899 0.022889 0.011214 0.003862 0.010622 
0.087130 0.033470 0.046870 0.049530 0.039770 
0.088610 0.033620 0.036890 0.080480 0.085360 
0.014750 0.040430 0.050680 0.038260 0.040900 
0.069580 0.058540 0.064720 0.010490 0.029920 
16
0.480192 0.014483 0.046210 
0.462445 0.970408 0.462022 
0.057364 0.015109 0.491768 
0.032528 0.007081 0.006103 0.007518 0.028445 
0.010677 0.005110 0.055184 0.007956 0.656749 
0.025544 0.006555 0.007678 0.007319 0.008194 
0.010296 0.025205 0.070632 0.006318 0.014910 
0.087130 0.033470 0.046870 0.049530 0.039770 
0.088610 0.033620 0.036890 0.080480 0.085360 
0.014750 0.040430 0.050680 0.038260 0.040900 
0.069580 0.058540 0.064720 0.010490 0.029920 
17
0.479472 0.014483 0.046210 
0.463164 0.970408 0.462022 
0.057405 0.015107 0.491768 
0.103080 0.004484 0.075111 0.026619 0.011375 
0.461360 0.013561 0.016006 0.030069 0.023856 
0.009623 0.051838 0.020328 0.018217 0.020654 
0.051921 0.027215 0.014874 0.005411 0.014399 
0.087130 0.033470 0.046870 0.049530 0.039770 
0.088610 0.033620 0.036890 0.080480 0.085360 
0.014750 0.040430 0.050680 0.038260 0.040900 
0.069580 0.058540 0.064720 0.010490 0.029920 
18
0.479817 0.014481 0.046210 
0.462778 0.970413 0.462022 
0.057405 0.015107 0.491768 
0.014915 0.004831 0.006947 0.008897 0.033459 
0.015029 0.005280 0.015342 0.007121 0.039699 
0.009509 0.005754 0.006643 0.004669 0.011731 
0.009695 0.008360 0.020197 0.743173 0.028750 
0.087130 0.033470 0.046870 0.049530 0.039770 
0.088610 0.033620 0.036890 0.080480 0.085360 
0.014750 0.040430 0.050680 0.038260 0.040900 
0.069580 0.058540 0.064720 0.010490 0.029920 
19
0.479817 0.014481 0.046210 
0.462778 0.970413 0.462022 
0.057405 0.015107 0.491768 
0.072029 0.001363 0.168511 0.362045 0.010990 
0.028517 0.008863 0.010074 0.043934 0.024344 
0.007377 0.020474 0.014476 0.067452 0.025010 
0.047748 0.054340 0.017568 0.003971 0.010912 
0.087130 0.033470 0.046870 0.049530 0.039770 
0.088610 0.033620 0.036890 0.080480 0.085360 
0.014750 0.040430 0.050680 0.038260 0.040900 
0.069580 0.058540 0.064720 0.010490 0.029920 
20
0.479817 0.014481 0.046210 
0.462778 0.970413 0.462022 
0.057405 0.015107 0.491768 
0.048301 0.006351 0.031101 0.032356 0.027500 
0.032153 0.012137 0.028818 0.032189 0.049432 
0.010676 0.030482 0.088147 0.023947 0.024690 
0.081986 0.374406 0.040936 0.006145 0.018246 
0.087130 0.033470 0.046870 0.049530 0.039770 
0.088610 0.033620 0.036890 0.080480 0.085360 
0.014750 0.040430 0.050680 0.038260 0.040900 
0.069580 0.058540 0.064720 0.010490 0.029920 
21
0.479817 0.014481 0.046210 
0.462778 0.970413 0.462022 
0.057405 0.015107 0.491768 
0.038278 0.005766 0.029557 0.026857 0.013155 
0.030502 0.009461 0.021022 0.023534 0.018591 
0.006533 0.032635 0.019567 0.019834 0.016181 
0.287380 0.346756 0.035071 0.004283 0.015035 
0.087130 0.033470 0.046870 0.049530 0.039770 
0.088610 0.033620 0.036890 0.080480 0.085360 
0.014750 0.040430 0.050680 0.038260 0.040900 
0.069580 0.058540 0.064720 0.010490 0.029920 
22
0.479817 0.014481 0.046210 
0.462778 0.970413 0.462022 
0.057405 0.015107 0.491768 
0.019748 0.003813 0.012258 0.011338 0.040267 
0.020605 0.010786 0.016972 0.010981 0.027407 
0.006558 0.010067 0.010303 0.008446 0.011715 
0.015598 0.014533 0.022636 0.010010 0.715961 
0.087130 0.033470 0.046870 0.049530 0.039770 
0.088610 0.033620 0.036890 0.080480 0.085360 
0.014750 0.040430 0.050680 0.038260 0.040900 
0.069580 0.058540 0.064720 0.010490 0.029920 
23
0.479817 0.014481 0.046210 
0.462778 0.970413 0.462022 
0.057405 0.015107 0.491768 
0.050083 0.004020 0.040681 0.080159 0.013146 
0.031329 0.015335 0.018575 0.052913 0.033064 
0.010065 0.030296 0.021287 0.396073 0.048839 
0.038525 0.036258 0.056681 0.006144 0.016529 
0.087130 0.033470 0.046870 0.049530 0.039770 
0.088610 0.033620 0.036890 0.080480 0.085360 
0.014750 0.040430 0.050680 0.038260 0.040900 
0.069580 0.058540 0.064720 0.010490 0.029920 
24
0.479817 0.014481 0.046210 
0.462778 0.970413 0.462022 
0.057405 0.015107 0.491768 
0.064969 0.003925 0.046470 0.031813 0.019589 
0.037969 0.009344 0.029031 0.065936 0.046647 
0.005672 0.027807 0.384833 0.023219 0.030775 
0.061685 0.043549 0.043291 0.005992 0.017484 
0.087130 0.033470 0.046870 0.049530 0.039770 
0.088610 0.033620 0.036890 0.080480 0.085360 
0.014750 0.040430 0.050680 0.038260 0.040900 
0.069580 0.058540 0.064720 0.010490 0.029920 
25
0.479817 0.014481 0.046210 
0.462778 0.970413 0.462022 
0.057405 0.015107 0.491768 
0.060486 0.005991 0.037752 0.070132 0.021111 
0.039194 0.018283 0.033367 0.075625 0.056825 
0.275887 0.030978 0.026599 0.034038 0.054292 
0.038404 0.038437 0.049925 0.008846 0.023826 
0.087130 0.033470 0.046870 0.049530 0.039770 
0.088610 0.033620 0.036890 0.080480 0.085360 
0.014750 0.040430 0.050680 0.038260 0.040900 
0.069580 0.058540 0.064720 0.010490 0.029920 
26
0.479817 0.014481 0.046210 
0.462778 0.970413 0.462022 
0.057405 0.015107 0.491768 
0.055425 0.001987 0.343880 0.199720 0.010142 
0.032148 0.010460 0.012082 0.050352 0.022748 
0.007080 0.050737 0.016113 0.049313 0.026436 
0.048862 0.030226 0.018507 0.003338 0.010444 
0.087130 0.033470 0.046870 0.049530 0.039770 
0.088610 0.033620 0.036890 0.080480 0.085360 
0.014750 0.040430 0.050680 0.038260 0.040900 
0.069580 0.058540 0.064720 0.010490 0.029920 
27
0.479817 0.014481 0.046210 
0.462778 0.970413 0.462022 
0.057405 0.015107 0.491768 
0.066153 0.002959 0.116429 0.126099 0.010790 
0.030498 0.014779 0.016277 0.316180 0.030756 
0.008468 0.031434 0.019634 0.044622 0.046376 
0.041025 0.031758 0.026815 0.005053 0.013894 
0.087130 0.033470 0.046870 0.049530 0.039770 
0.088610 0.033620 0.036890 0.080480 0.085360 
0.014750 0.040430 0.050680 0.038260 0.040900 
0.069580 0.058540 0.064720 0.010490 0.029920 
28
0.479817 0.014481 0.046210 
0.462778 0.970413 0.462022 
0.057405 0.015107 0.491768 
0.052139 0.011522 0.005915 0.005139 0.031166 
0.011250 0.005246 0.227595 0.008297 0.083051 
0.014533 0.005452 0.009898 0.005147 0.007286 
0.013078 0.025104 0.456169 0.005154 0.016858 
0.087130 0.033470 0.046870 0.049530 0.039770 
0.088610 0.033620 0.036890 0.080480 0.085360 
0.014750 0.040430 0.050680 0.038260 0.040900 
0.069580 0.058540 0.064720 0.010490 0.029920 
29
0.479817 0.014481 0.046210 
0.462778 0.970413 0.462022 
0.057405 0.015107 0.491768 
0.021972 0.006853 0.004810 0.010500 0.602342 
0.010769 0.006655 0.031423 0.007244 0.054674 
0.010954 0.005030 0.007109 0.007574 0.003565 
0.014528 0.015415 0.032366 0.031188 0.115030 
0.087130 0.033470 0.046870 0.049530 0.039770 
0.088610 0.033620 0.036890 0.080480 0.085360 
0.014750 0.040430 0.050680 0.038260 0.040900 
0.069580 0.058540 0.064720 0.010490 0.029920 
30
0.479817 0.014481 0.046210 
0.462778 0.970413 0.462022 
0.057405 0.015107 0.491768 
0.038661 0.003377 0.026972 0.025941 0.012845 
0.031165 0.009100 0.017558 0.038149 0.029425 
0.005339 0.020593 0.592247 0.018046 0.027705 
0.032063 0.026874 0.026342 0.004643 0.012956 
0.087130 0.033470 0.046870 0.049530 0.039770 
0.088610 0.033620 0.036890 0.080480 0.085360 
0.014750 0.040430 0.050680 0.038260 0.040900 
0.069580 0.058540 0.064720 0.010490 0.029920 
31
0.479817 0.087842 0.046210 
0.462778 0.897051 0.462022 
0.043213 0.016303 0.491768 
0.095274 0.007651 0.067489 0.098717 0.029777 
0.062826 0.030450 0.040004 0.067461 0.063674 
0.018401 0.046571 0.034680 0.081089 0.053348 
0.059021 0.050178 0.048984 0.012227 0.032178 
0.087130 0.033470 0.046870 0.049530 0.039770 
0.088610 0.033620 0.036890 0.080480 0.085360 
0.014750 0.040430 0.050680 0.038260 0.040900 
0.069580 0.058540 0.064720 0.010490 0.029920 
32
0.608420 0.029470 0.046210 
0.348367 0.954228 0.462022 
0.041423 0.016532 0.491768 
0.089622 0.012262 0.058101 0.080599 0.037499 
0.071168 0.023388 0.053549 0.058380 0.073634 
0.020678 0.046796 0.038056 0.039764 0.048871 
0.071258 0.057309 0.067060 0.014804 0.037203 
0.087130 0.033470 0.046870 0.049530 0.039770 
0.088610 0.033620 0.036890 0.080480 0.085360 
0.014750 0.040430 0.050680 0.038260 0.040900 
0.069580 0.058540 0.064720 0.010490 0.029920 
33
0.387663 0.016367 0.046210 
0.570914 0.967101 0.462022 
0.054179 0.015310 0.491768 
0.025037 0.006548 0.006824 0.010765 0.143004 
0.014202 0.022022 0.024932 0.011130 0.055861 
0.011721 0.010532 0.007126 0.011373 0.015915 
0.021029 0.022379 0.039390 0.030102 0.510109 
0.087130 0.033470 0.046870 0.049530 0.039770 
0.088610 0.033620 0.036890 0.080480 0.085360 
0.014750 0.040430 0.050680 0.038260 0.040900 
0.069580 0.058540 0.064720 0.010490 0.029920 
34
0.454859 0.014676 0.046210 
0.490963 0.970014 0.462022 
0.057283 0.015114 0.491768 
0.058156 0.003490 0.373409 0.078889 0.012523 
0.042539 0.013728 0.025655 0.040585 0.027927 
0.011680 0.094431 0.020073 0.026496 0.022328 
0.060674 0.041659 0.030087 0.003540 0.012132 
0.087130 0.033470 0.046870 0.049530 0.039770 
0.088610 0.033620 0.036890 0.080480 0.085360 
0.014750 0.040430 0.050680 0.038260 0.040900 
0.069580 0.058540 0.064720 0.010490 0.029920 
35
0.478797 0.014488 0.046210 
0.463919 0.970398 0.462022 
0.057405 0.015107 0.491768 
0.123222 0.003233 0.060394 0.090295 0.017568 
0.045512 0.018578 0.036089 0.149637 0.062235 
0.015562 0.034675 0.020868 0.056446 0.112179 
0.047714 0.039830 0.037118 0.007917 0.020927 
0.087130 0.033470 0.046870 0.049530 0.039770 
0.088610 0.033620 0.036890 0.080480 0.085360 
0.014750 0.040430 0.050680 0.038260 0.040900 
0.069580 0.058540 0.064720 0.010490 0.029920 
36
0.479817 0.014481 0.046210 
0.462778 0.970413 0.462022 
0.057405 0.015107 0.491768 
0.026653 0.005718 0.006781 0.012299 0.210333 
0.013727 0.021167 0.022544 0.011180 0.040981 
0.010842 0.010058 0.007000 0.011113 0.015250 
0.022564 0.021525 0.036173 0.027667 0.466424 
0.087130 0.033470 0.046870 0.049530 0.039770 
0.088610 0.033620 0.036890 0.080480 0.085360 
0.014750 0.040430 0.050680 0.038260 0.040900 
0.069580 0.058540 0.064720 0.010490 0.029920 
37
0.479817 0.014481 0.046210 
0.462778 0.970413 0.462022 
0.057405 0.015107 0.491768 
0.045201 0.002768 0.057868 0.515240 0.013621 
0.045948 0.011671 0.012962 0.050797 0.025346 
0.007847 0.023427 0.017412 0.037045 0.030605 
0.035007 0.029141 0.020444 0.004778 0.012871 
0.087130 0.033470 0.046870 0.049530 0.039770 
0.088610 0.033620 0.036890 0.080480 0.085360 
0.014750 0.040430 0.050680 0.038260 0.040900 
0.069580 0.058540 0.064720 0.010490 0.029920 
38
0.479817 0.014481 0.046210 
0.462778 0.970413 0.462022 
0.057405 0.015107 0.491768 
0.043957 0.002738 0.038051 0.016382 0.006239 
0.711583 0.006368 0.008015 0.018334 0.013549 
0.004976 0.021751 0.014034 0.010689 0.016496 
0.029346 0.016837 0.008837 0.003135 0.008683 
0.087130 0.033470 0.046870 0.049530 0.039770 
0.088610 0.033620 0.036890 0.080480 0.085360 
0.014750 0.040430 0.050680 0.038260 0.040900 
0.069580 0.058540 0.064720 0.010490 0.029920 
39
0.479817 0.014481 0.046210 
0.462778 0.970413 0.462022 
0.057405 0.015107 0.491768 
0.035564 0.008487 0.006092 0.006946 0.030643 
0.011410 0.005291 0.545123 0.007984 0.103959 
0.019499 0.006401 0.008512 0.006886 0.008059 
0.011223 0.019080 0.136378 0.006362 0.016100 
0.087130 0.033470 0.046870 0.049530 0.039770 
0.088610 0.033620 0.036890 0.080480 0.085360 
0.014750 0.040430 0.050680 0.038260 0.040900 
0.069580 0.058540 0.064720 0.010490 0.029920 
40
0.479817 0.014481 0.046210 
0.462778 0.970413 0.462022 
0.057405 0.015107 0.491768 
0.048644 0.004578 0.036982 0.048177 0.011883 
0.030279 0.018541 0.021312 0.469478 0.031155 
0.009431 0.030023 0.033644 0.034562 0.052967 
0.037283 0.034365 0.025295 0.005802 0.015601 
0.087130 0.033470 0.046870 0.049530 0.039770 
0.088610 0.033620 0.036890 0.080480 0.085360 
0.014750 0.040430 0.050680 0.038260 0.040900 
0.069580 0.058540 0.064720 0.010490 0.029920 
41
0.479817 0.014481 0.046210 
0.462778 0.970413 0.462022 
0.057405 0.015107 0.491768 
0.049246 0.008965 0.009038 0.010486 0.030417 
0.023143 0.006504 0.516532 0.012060 0.089892 
0.021447 0.008772 0.010233 0.009367 0.011196 
0.015020 0.026927 0.117083 0.006531 0.017141 
0.087130 0.033470 0.046870 0.049530 0.039770 
0.088610 0.033620 0.036890 0.080480 0.085360 
0.014750 0.040430 0.050680 0.038260 0.040900 
0.069580 0.058540 0.064720 0.010490 0.029920 
42
0.479817 0.014481 0.046210 
0.462778 0.970413 0.462022 
0.057405 0.015107 0.491768 
0.048458 0.004685 0.038735 0.086109 0.016415 
0.035287 0.349040 0.019814 0.057804 0.034683 
0.010714 0.033225 0.022487 0.033654 0.040153 
0.040504 0.072028 0.028311 0.007729 0.020165 
0.087130 0.033470 0.046870 0.049530 0.039770 
0.088610 0.033620 0.036890 0.080480 0.085360 
0.014750 0.040430 0.050680 0.038260 0.040900 
0.069580 0.058540 0.064720 0.010490 0.029920 
43
0.479817 0.014481 0.046210 
0.462778 0.970413 0.462022 
0.057405 0.015107 0.491768 
0.050605 0.002843 0.496149 0.063396 0.009172 
0.041718 0.011961 0.014091 0.037656 0.021006 
0.006634 0.074624 0.017572 0.024709 0.024094 
0.040059 0.030925 0.019477 0.002991 0.010318 
0.087130 0.033470 0.046870 0.049530 0.039770 
0.088610 0.033620 0.036890 0.080480 0.085360 
0.014750 0.040430 0.050680 0.038260 0.040900 
0.069580 0.058540 0.064720 0.010490 0.029920 
44
0.479817 0.014481 0.046210 
0.462778 0.970413 0.462022 
0.057405 0.015107 0.491768 
0.020479 0.005066 0.010505 0.013196 0.069767 
0.015537 0.012324 0.022251 0.012857 0.046412 
0.011074 0.010870 0.009575 0.009750 0.016263 
0.016559 0.015638 0.023415 0.596216 0.062249 
0.087130 0.033470 0.046870 0.049530 0.039770 
0.088610 0.033620 0.036890 0.080480 0.085360 
0.014750 0.040430 0.050680 0.038260 0.040900 
0.069580 0.058540 0.064720 0.010490 0.029920 
45
0.479817 0.014481 0.046210 
0.462778 0.970413 0.462022 
0.057405 0.015107 0.491768 
0.039711 0.002816 0.461910 0.079734 0.009450 
0.034942 0.012258 0.014391 0.038892 0.024715 
0.006893 0.083109 0.017868 0.026702 0.024623 
0.055856 0.032100 0.019938 0.003617 0.010475 
0.087130 0.033470 0.046870 0.049530 0.039770 
0.088610 0.033620 0.036890 0.080480 0.085360 
0.014750 0.040430 0.050680 0.038260 0.040900 
0.069580 0.058540 0.064720 0.010490 0.029920 
46
0.479817 0.014481 0.046210 
0.462778 0.970413 0.462022 
0.057405 0.015107 0.491768 
0.088882 0.003336 0.048419 0.056535 0.011252 
0.043902 0.015022 0.016933 0.403577 0.030925 
0.008984 0.036639 0.020647 0.050662 0.047240 
0.039017 0.033907 0.023782 0.005474 0.014865 
0.087130 0.033470 0.046870 0.049530 0.039770 
0.088610 0.033620 0.036890 0.080480 0.085360 
0.014750 0.040430 0.050680 0.038260 0.040900 
0.069580 0.058540 0.064720 0.010490 0.029920 
47
0.479817 0.014481 0.046210 
0.462778 0.970413 0.462022 
0.057405 0.015107 0.491768 
0.014945 0.004364 0.004092 0.008583 0.054035 
0.011104 0.005159 0.018158 0.006704 0.049581 
0.011997 0.004458 0.004639 0.004378 0.013221 
0.008674 0.007592 0.023454 0.705972 0.038889 
0.087130 0.033470 0.046870 0.049530 0.039770 
0.088610 0.033620 0.036890 0.080480 0.085360 
0.014750 0.040430 0.050680 0.038260 0.040900 
0.069580 0.058540 0.064720 0.010490 0.029920 
48
0.479817 0.014481 0.046210 
0.462778 0.970413 0.462022 
0.057405 0.015107 0.491768 
0.055021 0.002768 0.109768 0.342455 0.013140 
0.029927 0.012091 0.016792 0.046041 0.030732 
0.009340 0.024645 0.017945 0.064457 0.032338 
0.040372 0.031529 0.100433 0.005559 0.014646 
0.087130 0.033470 0.046870 0.049530 0.039770 
0.088610 0.033620 0.036890 0.080480 0.085360 
0.014750 0.040430 0.050680 0.038260 0.040900 
0.069580 0.058540 0.064720 0.010490 0.029920 
49
0.479817 0.014481 0.046210 
0.462778 0.970413 0.462022 
0.057405 0.015107 0.491768 
0.032507 0.002707 0.568572 0.087753 0.008536 
0.031148 0.010412 0.011280 0.030956 0.018361 
0.005588 0.045749 0.016327 0.021709 0.021362 
0.031967 0.025215 0.016738 0.003203 0.009909 
0.087130 0.033470 0.046870 0.049530 0.039770 
0.088610 0.033620 0.036890 0.080480 0.085360 
0.014750 0.040430 0.050680 0.038260 0.040900 
0.069580 0.058540 0.064720 0.010490 0.029920 
50
0.479817 0.014481 0.046210 
0.462778 0.970413 0.462022 
0.057405 0.015107 0.491768 
0.049092 0.004999 0.030336 0.035454 0.010542 
0.032282 0.010911 0.017040 0.032155 0.029222 
0.006340 0.020130 0.569416 0.018863 0.023656 
0.041800 0.028300 0.026000 0.003417 0.010044 
0.087130 0.033470 0.046870 0.049530 0.039770 
0.088610 0.033620 0.036890 0.080480 0.085360 
0.014750 0.040430 0.050680 0.038260 0.040900 
0.069580 0.058540 0.064720 0.010490 0.029920 
51
0.479817 0.014481 0.046210 
0.462778 0.970413 0.462022 
0.057405 0.015107 0.491768 
0.022096 0.006214 0.006761 0.010361 0.644828 
0.013478 0.006212 0.028753 0.007722 0.051460 
0.010481 0.006008 0.008121 0.007343 0.004861 
0.014000 0.014862 0.031317 0.024178 0.080943 
0.087130 0.033470 0.046870 0.049530 0.039770 
0.088610 0.033620 0.036890 0.080480 0.085360 
0.014750 0.040430 0.050680 0.038260 0.040900 
0.069580 0.058540 0.064720 0.010490 0.029920 
52
0.479817 0.014481 0.046210 
0.462778 0.970413 0.462022 
0.057405 0.015107 0.491768 
0.043950 0.003743 0.034383 0.043518 0.011993 
0.030178 0.014580 0.017203 0.078985 0.030523 
0.009336 0.028551 0.020480 0.031491 0.486811 
0.034660 0.033283 0.024895 0.005844 0.015594 
0.087130 0.033470 0.046870 0.049530 0.039770 
0.088610 0.033620 0.036890 0.080480 0.085360 
0.014750 0.040430 0.050680 0.038260 0.040900 
0.069580 0.058540 0.064720 0.010490 0.029920 
53
0.479817 0.014481 0.046210 
0.462778 0.970413 0.462022 
0.057405 0.015107 0.491768 
0.031060 0.007037 0.004698 0.005726 0.028463 
0.009469 0.004567 0.069013 0.005950 0.641000 
0.037083 0.005400 0.006895 0.006292 0.006665 
0.008859 0.015751 0.085388 0.006179 0.014505 
0.087130 0.033470 0.046870 0.049530 0.039770 
0.088610 0.033620 0.036890 0.080480 0.085360 
0.014750 0.040430 0.050680 0.038260 0.040900 
0.069580 0.058540 0.064720 0.010490 0.029920 
54
0.479817 0.014481 0.046210 
0.462778 0.970413 0.462022 
0.057405 0.015107 0.491768 
0.035883 0.004731 0.027266 0.027491 0.012398 
0.028335 0.010275 0.018199 0.027035 0.023976 
0.007119 0.025413 0.018322 0.019786 0.020949 
0.092035 0.554339 0.028054 0.004596 0.013797 
0.087130 0.033470 0.046870 0.049530 0.039770 
0.088610 0.033620 0.036890 0.080480 0.085360 
0.014750 0.040430 0.050680 0.038260 0.040900 
0.069580 0.058540 0.064720 0.010490 0.029920 
55
0.479817 0.014481 0.046210 
0.462778 0.970413 0.462022 
0.057405 0.015107 0.491768 
0.050727 0.008991 0.015265 0.018591 0.042082 
0.022296 0.009392 0.061954 0.019679 0.101542 
0.423369 0.014239 0.013371 0.015315 0.017930 
0.021459 0.026652 0.067446 0.008757 0.040944 
0.087130 0.033470 0.046870 0.049530 0.039770 
0.088610 0.033620 0.036890 0.080480 0.085360 
0.014750 0.040430 0.050680 0.038260 0.040900 
0.069580 0.058540 0.064720 0.010490 0.029920 
56
0.479817 0.014481 0.046210 
0.462778 0.970413 0.462022 
0.057405 0.015107 0.491768 
0.034405 0.002907 0.557775 0.047142 0.009002 
0.031137 0.011448 0.012613 0.035094 0.020382 
0.006298 0.048165 0.021520 0.022978 0.045260 
0.033639 0.027574 0.018361 0.003530 0.010771 
0.087130 0.033470 0.046870 0.049530 0.039770 
0.088610 0.033620 0.036890 0.080480 0.085360 
0.014750 0.040430 0.050680 0.038260 0.040900 
0.069580 0.058540 0.064720 0.010490 0.029920 
57
0.479817 0.014481 0.046210 
0.462778 0.970413 0.462022 
0.057405 0.015107 0.491768 
0.466976 0.007534 0.034951 0.059468 0.016098 
0.039794 0.012433 0.022551 0.037941 0.037078 
0.011184 0.027367 0.018112 0.026057 0.030257 
0.058531 0.033581 0.037222 0.005953 0.016913 
0.087130 0.033470 0.046870 0.049530 0.039770 
0.088610 0.033620 0.036890 0.080480 0.085360 
0.014750 0.040430 0.050680 0.038260 0.040900 
0.069580 0.058540 0.064720 0.010490 0.029920 
58
0.479817 0.014481 0.046210 
0.462778 0.970413 0.462022 
0.057405 0.015107 0.491768 
0.029010 0.008903 0.016097 0.018576 0.101632 
0.018974 0.028192 0.030264 0.019356 0.056565 
0.014389 0.018040 0.013311 0.013957 0.019826 
0.023444 0.021584 0.033207 0.030439 0.484231 
0.087130 0.033470 0.046870 0.049530 0.039770 
0.088610 0.033620 0.036890 0.080480 0.085360 
0.014750 0.040430 0.050680 0.038260 0.040900 
0.069580 0.058540 0.064720 0.010490 0.029920 
59
0.479817 0.014481 0.046210 
0.462778 0.970413 0.462022 
0.057405 0.015107 0.491768 
0.016023 0.004279 0.005433 0.009071 0.038789 
0.012333 0.005264 0.018791 0.007486 0.047624 
0.011416 0.005261 0.005540 0.004987 0.012773 
0.009351 0.008552 0.039755 0.704525 0.032748 
0.087130 0.033470 0.046870 0.049530 0.039770 
0.088610 0.033620 0.036890 0.080480 0.085360 
0.014750 0.040430 0.050680 0.038260 0.040900 
0.069580 0.058540 0.064720 0.010490 0.029920 
60
0.479817 0.014481 0.046210 
0.462778 0.970413 0.462022 
0.057405 0.015107 0.491768 
0.046422 0.003607 0.035947 0.046726 0.011596 
0.029520 0.021866 0.016748 0.496079 0.030042 
0.011330 0.029439 0.020470 0.033612 0.049787 
0.037685 0.033825 0.024382 0.005675 0.015243 
0.087130 0.033470 0.046870 0.049530 0.039770 
0.088610 0.033620 0.036890 0.080480 0.085360 
0.014750 0.040430 0.050680 0.038260 0.040900 
0.069580 0.058540 0.064720 0.010490 0.029920 
61
0.479817 0.014481 0.046210 
0.462778 0.970413 0.462022 
0.057405 0.015107 0.491768 
0.026411 0.005870 0.008090 0.012125 0.128930 
0.015034 0.021624 0.029147 0.012770 0.044560 
0.011310 0.015432 0.007777 0.012071 0.016901 
0.021641 0.021016 0.043612 0.025263 0.520413 
0.087130 0.033470 0.046870 0.049530 0.039770 
0.088610 0.033620 0.036890 0.080480 0.085360 
0.014750 0.040430 0.050680 0.038260 0.040900 
0.069580 0.058540 0.064720 0.010490 0.029920 
62
0.479817 0.014481 0.046210 
0.462778 0.970413 0.462022 
0.057405 0.015107 0.491768 
0.040199 0.004079 0.032378 0.038869 0.012838 
0.031614 0.013178 0.017844 0.040563 0.031490 
0.008901 0.025225 0.019768 0.543602 0.032010 
0.031689 0.030119 0.025285 0.005556 0.014793 
0.087130 0.033470 0.046870 0.049530 0.039770 
0.088610 0.033620 0.036890 0.080480 0.085360 
0.014750 0.040430 0.050680 0.038260 0.040900 
0.069580 0.058540 0.064720 0.010490 0.029920 
63
0.479817 0.014481 0.046210 
0.462778 0.970413 0.462022 
0.057405 0.015107 0.491768 
0.179649 0.006819 0.028481 0.024403 0.013584 
0.422027 0.009198 0.019932 0.026768 0.030187 
0.010907 0.031151 0.017747 0.017204 0.025106 
0.058257 0.028425 0.029490 0.005408 0.015256 
0.087130 0.033470 0.046870 0.049530 0.039770 
0.088610 0.033620 0.036890 0.080480 0.085360 
0.014750 0.040430 0.050680 0.038260 0.040900 
0.069580 0.058540 0.064720 0.010490 0.029920 
64
0.479817 0.014481 0.046210 
0.462778 0.970413 0.462022 
0.057405 0.015107 0.491768 
0.041643 0.002640 0.065375 0.551986 0.010050 
0.037323 0.010813 0.011550 0.038174 0.022819 
0.006997 0.021505 0.016693 0.033836 0.027483 
0.032593 0.033430 0.018629 0.004451 0.012010 
0.087130 0.033470 0.046870 0.049530 0.039770 
0.088610 0.033620 0.036890 0.080480 0.085360 
0.014750 0.040430 0.050680 0.038260 0.040900 
0.069580 0.058540 0.064720 0.010490 0.029920 
65
0.479817 0.014481 0.046210 
0.462778 0.970413 0.462022 
0.057405 0.015107 0.491768 
0.047333 0.005161 0.045053 0.070949 0.011724 
0.035985 0.019309 0.018811 0.368727 0.033424 
0.010363 0.037125 0.028881 0.046956 0.090562 
0.045163 0.039188 0.026148 0.004726 0.014413 
0.087130 0.033470 0.046870 0.049530 0.039770 
0.088610 0.033620 0.036890 0.080480 0.085360 
0.014750 0.040430 0.050680 0.038260 0.040900 
0.069580 0.058540 0.064720 0.010490 0.029920 
66
0.479817 0.014481 0.046210 
0.462778 0.970413 0.462022 
0.057405 0.015107 0.491768 
0.039915 0.002498 0.086139 0.566775 0.009682 
0.028271 0.010106 0.010560 0.035134 0.021282 
0.006462 0.019987 0.016154 0.032673 0.025064 
0.031287 0.025019 0.017389 0.004215 0.011387 
0.087130 0.033470 0.046870 0.049530 0.039770 
0.088610 0.033620 0.036890 0.080480 0.085360 
0.014750 0.040430 0.050680 0.038260 0.040900 
0.069580 0.058540 0.064720 0.010490 0.029920 
67
0.479817 0.014481 0.046210 
0.462778 0.970413 0.462022 
0.057405 0.015107 0.491768 
0.073015 0.003373 0.047638 0.055943 0.012497 
0.030263 0.015167 0.020719 0.278388 0.036808 
0.010515 0.030065 0.020239 0.038615 0.192049 
0.046393 0.038994 0.026834 0.006106 0.016381 
0.087130 0.033470 0.046870 0.049530 0.039770 
0.088610 0.033620 0.036890 0.080480 0.085360 
0.014750 0.040430 0.050680 0.038260 0.040900 
0.069580 0.058540 0.064720 0.010490 0.029920 
68
0.479817 0.014481 0.046210 
0.462778 0.970413 0.462022 
0.057405 0.015107 0.491768 
0.047050 0.003494 0.036217 0.047145 0.011188 
0.054883 0.014575 0.016064 0.468143 0.028938 
0.008827 0.029159 0.020368 0.033591 0.051443 
0.044232 0.040802 0.023508 0.005515 0.014859 
0.087130 0.033470 0.046870 0.049530 0.039770 
0.088610 0.033620 0.036890 0.080480 0.085360 
0.014750 0.040430 0.050680 0.038260 0.040900 
0.069580 0.058540 0.064720 0.010490 0.029920 
69
0.479817 0.014481 0.046210 
0.462778 0.970413 0.462022 
0.057405 0.015107 0.491768 
0.037977 0.007300 0.005291 0.006442 0.035690 
0.010294 0.004895 0.069437 0.006715 0.629627 
0.020165 0.005926 0.007344 0.006635 0.007336 
0.009698 0.021119 0.086596 0.006405 0.015109 
0.087130 0.033470 0.046870 0.049530 0.039770 
0.088610 0.033620 0.036890 0.080480 0.085360 
0.014750 0.040430 0.050680 0.038260 0.040900 
0.069580 0.058540 0.064720 0.010490 0.029920 
70
0.479817 0.014481 0.046210 
0.462778 0.970413 0.462022 
0.057405 0.015107 0.491768 
0.021498 0.003851 0.013562 0.013936 0.047295 
0.029553 0.012709 0.014507 0.018283 0.025812 
0.006548 0.011704 0.010753 0.010645 0.014483 
0.017994 0.016568 0.022753 0.011781 0.675766 
0.087130 0.033470 0.046870 0.049530 0.039770 
0.088610 0.033620 0.036890 0.080480 0.085360 
0.014750 0.040430 0.050680 0.038260 0.040900 
0.069580 0.058540 0.064720 0.010490 0.029920 
71
0.479817 0.014481 0.046210 
0.462778 0.970413 0.462022 
0.057405 0.020185 0.486431 
0.593950 0.007864 0.020253 0.022286 0.016115 
0.037188 0.009215 0.022385 0.021362 0.036159 
0.010112 0.016160 0.015002 0.015631 0.018781 
0.055469 0.025187 0.036824 0.005234 0.014824 
0.087129 0.033470 0.046870 0.049530 0.039770 
0.088609 0.033620 0.036899 0.080479 0.085359 
0.014750 0.040430 0.050680 0.038260 0.040900 
0.069579 0.058539 0.064719 0.010490 0.029920 
72
0.479817 0.014481 0.045709 
0.462778 0.965335 0.467861 
0.057405 0.015107 0.491768 
0.037606 0.011182 0.005644 0.004795 0.030461 
0.010425 0.005054 0.302003 0.007974 0.078141 
0.014106 0.005181 0.009622 0.004852 0.006954 
0.012230 0.023819 0.408598 0.004993 0.016360 
0.087130 0.033470 0.046870 0.049530 0.039770 
0.088610 0.033620 0.036890 0.080480 0.085360 
0.014750 0.040430 0.050680 0.038260 0.040900 
0.069580 0.058540 0.064720 0.010490 0.029920 
73
0.479817 0.014481 0.046210 
0.462778 0.970413 0.462022 
0.057405 0.015107 0.491768 
0.045251 0.010295 0.010206 0.010126 0.043883 
0.017189 0.007335 0.405311 0.015971 0.159121 
0.020985 0.008922 0.010948 0.009503 0.016048 
0.017778 0.024581 0.140181 0.007001 0.019365 
0.087130 0.033470 0.046870 0.049530 0.039770 
0.088610 0.033620 0.036890 0.080480 0.085360 
0.014750 0.040430 0.050680 0.038260 0.040900 
0.069580 0.058540 0.064720 0.010490 0.029920 
74
0.479817 0.014481 0.046210 
0.462778 0.970413 0.462022 
0.057405 0.015107 0.491768 
0.044778 0.002475 0.426191 0.132004 0.009271 
0.034170 0.011405 0.013525 0.037808 0.020970 
0.006662 0.079454 0.016948 0.029561 0.022781 
0.049531 0.030837 0.019028 0.002752 0.009849 
0.087130 0.033470 0.046870 0.049530 0.039770 
0.088610 0.033620 0.036890 0.080480 0.085360 
0.014750 0.040430 0.050680 0.038260 0.040900 
0.069580 0.058540 0.064720 0.010490 0.029920 
75
0.479817 0.014481 0.046210 
0.462778 0.970413 0.462022 
0.057405 0.015107 0.491768 
0.522748 0.009871 0.021522 0.025540 0.021203 
0.041615 0.010147 0.027887 0.024456 0.044397 
0.012658 0.017870 0.015745 0.018325 0.021470 
0.058851 0.035950 0.046252 0.006062 0.017430 
0.087130 0.033470 0.046870 0.049530 0.039770 
0.088610 0.033620 0.036890 0.080480 0.085360 
0.014750 0.040430 0.050680 0.038260 0.040900 
0.069580 0.058540 0.064720 0.010490 0.029920 
76
0.479817 0.014481 0.046210 
0.462778 0.970413 0.462022 
0.057405 0.015107 0.491768 
0.023996 0.007139 0.003971 0.009173 0.586974 
0.009743 0.006973 0.045281 0.006315 0.077756 
0.014667 0.004580 0.006688 0.007006 0.003376 
0.013308 0.015340 0.046012 0.027960 0.083744 
0.087130 0.033470 0.046870 0.049530 0.039770 
0.088610 0.033620 0.036890 0.080480 0.085360 
0.014750 0.040430 0.050680 0.038260 0.040900 
0.069580 0.058540 0.064720 0.010490 0.029920 
77
0.479817 0.014481 0.046210 
0.462778 0.970413 0.462022 
0.057405 0.015107 0.491768 
0.234082 0.009438 0.036555 0.043076 0.024657 
0.046239 0.016025 0.036484 0.039418 0.055338 
0.015867 0.051133 0.024683 0.039023 0.031834 
0.077322 0.128153 0.058996 0.008219 0.023456 
0.087130 0.033470 0.046870 0.049530 0.039770 
0.088610 0.033620 0.036890 0.080480 0.085360 
0.014750 0.040430 0.050680 0.038260 0.040900 
0.069580 0.058540 0.064720 0.010490 0.029920 
78
0.479817 0.014481 0.046210 
0.462778 0.970413 0.462022 
0.057405 0.015107 0.491768 
0.046734 0.003885 0.037680 0.048726 0.012394 
0.031171 0.015243 0.017417 0.052148 0.031164 
0.009571 0.033292 0.021216 0.437520 0.081841 
0.037134 0.035276 0.025601 0.005964 0.016021 
0.087130 0.033470 0.046870 0.049530 0.039770 
0.088610 0.033620 0.036890 0.080480 0.085360 
0.014750 0.040430 0.050680 0.038260 0.040900 
0.069580 0.058540 0.064720 0.010490 0.029920 
79
0.479817 0.014481 0.046210 
0.462778 0.970413 0.462022 
0.057405 0.015107 0.491768 
0.051866 0.004849 0.053789 0.038105 0.013298 
0.053132 0.015333 0.015065 0.040196 0.026807 
0.008208 0.421276 0.023867 0.026434 0.031367 
0.097763 0.034894 0.022237 0.005852 0.015662 
0.087130 0.033470 0.046870 0.049530 0.039770 
0.088610 0.033620 0.036890 0.080480 0.085360 
0.014750 0.040430 0.050680 0.038260 0.040900 
0.069580 0.058540 0.064720 0.010490 0.029920 
80
0.479817 0.014481 0.046210 
0.462778 0.970413 0.462022 
0.057405 0.078960 0.432140 
0.053501 0.004788 0.057716 0.042766 0.013616 
0.065995 0.017828 0.015907 0.053647 0.028561 
0.008942 0.402702 0.024666 0.030200 0.036041 
0.061424 0.035867 0.023165 0.006184 0.016482 
0.087141 0.033466 0.046865 0.049524 0.039766 
0.088692 0.033616 0.036886 0.080471 0.085350 
0.014748 0.040425 0.050674 0.038256 0.040895 
0.069572 0.058533 0.064713 0.010489 0.029917 
81
0.479817 0.014481 0.040607 
0.462778 0.906559 0.527253 
0.057405 0.015107 0.491768 
0.079631 0.012045 0.043352 0.041743 0.090829 
0.064339 0.069108 0.054126 0.030674 0.093807 
0.025169 0.043310 0.024935 0.069757 0.034724 
0.047163 0.042978 0.058551 0.020882 0.052876 
0.087130 0.033470 0.046870 0.049530 0.039770 
0.088610 0.033620 0.036890 0.080480 0.085360 
0.014750 0.040430 0.050680 0.038260 0.040900 
0.069580 0.058540 0.064720 0.010490 0.029920 
82
0.479817 0.014481 0.046210 
0.462778 0.970413 0.462022 
0.057405 0.015107 0.491768 
0.042660 0.008615 0.008437 0.010019 0.050456 
0.014325 0.007290 0.064157 0.010592 0.564670 
0.033707 0.008668 0.009335 0.012692 0.011028 
0.013495 0.021697 0.067459 0.007827 0.032870 
0.087130 0.033470 0.046870 0.049530 0.039770 
0.088610 0.033620 0.036890 0.080480 0.085360 
0.014750 0.040430 0.050680 0.038260 0.040900 
0.069580 0.058540 0.064720 0.010490 0.029920 
83
0.479817 0.014481 0.046210 
0.462778 0.970413 0.462022 
0.057405 0.015107 0.491768 
0.067614 0.005461 0.050385 0.036350 0.014735 
0.408932 0.014406 0.017928 0.033601 0.026371 
0.010390 0.095152 0.025251 0.021854 0.023743 
0.073287 0.033423 0.017112 0.006716 0.017288 
0.087130 0.033470 0.046870 0.049530 0.039770 
0.088610 0.033620 0.036890 0.080480 0.085360 
