%  SAM: modelfromalign v3.5 (July 15, 2005) compiled 12/05/20_11:48:22
%  (c) 1992-2001 Regents of the University of California, Santa Cruz
%
%          Sequence Alignment and Modeling Software System
%         http://www.cse.ucsc.edu/research/compbio/sam.html
%
% ----------------- Citations (SAM, SAM-T2K, HMMs) --------------------
% R. Hughey, A. Krogh, Hidden Markov models for sequence analysis:
%  Extension and analysis of the basic method, CABIOS 12:95-107, 1996.
% K. Karplus, et al., What is the value added by human intervention in protein
%  structure prediction, Proteins: Stucture, Function, Genetics 45(S5):86--91, 2001.
% A. Krogh et al., Hidden Markov models in computational biology:
%  Applications to protein modeling, JMB 235:1501-1531, Feb 1994.
% ---------------------------------------------------------------------
%  trimmed-uniq   Host: gauntlet    Thu Feb 11 16:20:40 2021
%  dgpinheiro     Dir:  /data/GitHub/sfFinder/example/output/subfamily/TEST1/flowerpower/fp-workspace/iter3
% ---------------------------------------------------------------------
% Prior File:  Internal (Name: recode3.20comp) 
%   20 priors on 20 characters.
%  Alignment weights from internal calc.  Total (1.56) Max (0.00) Min (0.00)
%  Weights from alignment method 1 (karplus), b=0.500000, e=0.500000
MODEL --  Model from alignment file trimmed-uniq.a2m
alphabet protein
FREQAVE
0.000000 0.000000 0.000000 
0.000000 0.000000 0.000000 
0.000000 0.000000 0.000000 
0.073230 0.015714 0.056926 0.066542 0.049643 
0.061761 0.028615 0.052066 0.058197 0.085110 
0.025957 0.041843 0.045311 0.042474 0.052338 
0.059151 0.053804 0.060954 0.023471 0.046895 
0.073230 0.015714 0.056926 0.066542 0.049643 
0.061761 0.028615 0.052066 0.058197 0.085110 
0.025957 0.041843 0.045311 0.042474 0.052338 
0.059151 0.053804 0.060954 0.023471 0.046895 
Begin
0.000000 0.000000 0.000000 
0.000000 0.000000 0.000000 
0.000000 0.102161 0.806495 
0.000000 0.000000 0.000000 0.000000 0.000000 
0.000000 0.000000 0.000000 0.000000 0.000000 
0.000000 0.000000 0.000000 0.000000 0.000000 
0.000000 0.000000 0.000000 0.000000 0.000000 
0.087137 0.033411 0.046875 0.049460 0.039687 
0.088503 0.033556 0.036842 0.080766 0.085463 
0.014903 0.040444 0.050638 0.038240 0.040937 
0.069510 0.058600 0.064638 0.010468 0.029923 
1
0.000000 0.014481 0.062791 
0.000000 0.883358 0.130713 
0.041829 0.016477 0.491768 
0.068840 0.009012 0.034698 0.041758 0.033073 
0.042895 0.017326 0.055295 0.062100 0.086054 
0.244391 0.029401 0.022457 0.031007 0.038673 
0.038717 0.041065 0.063799 0.011254 0.028185 
0.087130 0.033470 0.046870 0.049530 0.039770 
0.088610 0.033620 0.036890 0.080480 0.085360 
0.014750 0.040430 0.050680 0.038260 0.040900 
0.069580 0.058540 0.064720 0.010490 0.029920 
2
0.620965 0.015794 0.046210 
0.337206 0.967728 0.462022 
0.041829 0.016477 0.491768 
0.195403 0.010244 0.044159 0.050553 0.030283 
0.058522 0.018864 0.049599 0.058185 0.071607 
0.019821 0.033892 0.040580 0.034475 0.047739 
0.069221 0.045861 0.080726 0.010779 0.029485 
0.087130 0.033470 0.046870 0.049530 0.039770 
0.088610 0.033620 0.036890 0.080480 0.085360 
0.014750 0.040430 0.050680 0.038260 0.040900 
0.069580 0.058540 0.064720 0.010490 0.029920 
3
0.619812 0.015794 0.046210 
0.338359 0.967728 0.462022 
0.041877 0.016471 0.491768 
0.077494 0.012146 0.022146 0.024995 0.045593 
0.033510 0.015511 0.085794 0.033862 0.264310 
0.078211 0.019598 0.016804 0.021264 0.029209 
0.026679 0.033691 0.113777 0.013033 0.032374 
0.087130 0.033470 0.046870 0.049530 0.039770 
0.088610 0.033620 0.036890 0.080480 0.085360 
0.014750 0.040430 0.050680 0.038260 0.040900 
0.069580 0.058540 0.064720 0.010490 0.029920 
4
0.620527 0.015788 0.046210 
0.337596 0.967741 0.462022 
0.041877 0.016471 0.491768 
0.077560 0.010418 0.034179 0.037912 0.038227 
0.042727 0.040799 0.060755 0.040026 0.270411 
0.024205 0.040996 0.023282 0.029457 0.037442 
0.037499 0.039172 0.068741 0.012840 0.033351 
0.087130 0.033470 0.046870 0.049530 0.039770 
0.088610 0.033620 0.036890 0.080480 0.085360 
0.014750 0.040430 0.050680 0.038260 0.040900 
0.069580 0.058540 0.064720 0.010490 0.029920 
5
0.620527 0.015788 0.046210 
0.337596 0.967741 0.462022 
0.041877 0.016471 0.491768 
0.092345 0.006196 0.074675 0.112986 0.025613 
0.061922 0.021887 0.033128 0.080267 0.060669 
0.015515 0.089683 0.053625 0.046033 0.049283 
0.058791 0.041007 0.038707 0.010916 0.026753 
0.087130 0.033470 0.046870 0.049530 0.039770 
0.088610 0.033620 0.036890 0.080480 0.085360 
0.014750 0.040430 0.050680 0.038260 0.040900 
0.069580 0.058540 0.064720 0.010490 0.029920 
6
0.460451 0.015788 0.046210 
0.497672 0.967741 0.462022 
0.049858 0.015635 0.491768 
0.065115 0.004451 0.044998 0.059046 0.016516 
0.038055 0.017892 0.026751 0.132943 0.045826 
0.013486 0.035202 0.025367 0.041189 0.260242 
0.069525 0.039755 0.034386 0.008005 0.021248 
0.087130 0.033470 0.046870 0.049530 0.039770 
0.088610 0.033620 0.036890 0.080480 0.085360 
0.014750 0.040430 0.050680 0.038260 0.040900 
0.069580 0.058540 0.064720 0.010490 0.029920 
7
0.548206 0.014987 0.046210 
0.401936 0.969377 0.462022 
0.049858 0.015635 0.491768 
0.122887 0.005951 0.088846 0.114940 0.025796 
0.048160 0.019413 0.039870 0.080439 0.065191 
0.017764 0.038958 0.031142 0.044614 0.056197 
0.054215 0.051822 0.056588 0.010485 0.026720 
0.087130 0.033470 0.046870 0.049530 0.039770 
0.088610 0.033620 0.036890 0.080480 0.085360 
0.014750 0.040430 0.050680 0.038260 0.040900 
0.069580 0.058540 0.064720 0.010490 0.029920 
8
0.548206 0.014987 0.046210 
0.401936 0.969377 0.462022 
0.049858 0.015635 0.491768 
0.125128 0.004630 0.202371 0.078485 0.017139 
0.050160 0.017674 0.024585 0.101309 0.042058 
0.011869 0.057731 0.027903 0.042702 0.047269 
0.052745 0.038935 0.031208 0.007015 0.019083 
0.087130 0.033470 0.046870 0.049530 0.039770 
0.088610 0.033620 0.036890 0.080480 0.085360 
0.014750 0.040430 0.050680 0.038260 0.040900 
0.069580 0.058540 0.064720 0.010490 0.029920 
9
0.548206 0.014987 0.046210 
0.401936 0.969377 0.462022 
0.049858 0.015635 0.491768 
0.030501 0.006396 0.012960 0.017395 0.059871 
0.022558 0.010976 0.029004 0.014935 0.062159 
0.015327 0.012757 0.010672 0.011176 0.019406 
0.019341 0.017677 0.036267 0.495996 0.094626 
0.087130 0.033470 0.046870 0.049530 0.039770 
0.088610 0.033620 0.036890 0.080480 0.085360 
0.014750 0.040430 0.050680 0.038260 0.040900 
0.069580 0.058540 0.064720 0.010490 0.029920 
10
0.546963 0.014987 0.046210 
0.403179 0.969377 0.462022 
0.049920 0.015630 0.491768 
0.071683 0.007995 0.027068 0.032401 0.067157 
0.037591 0.022598 0.036942 0.032512 0.058528 
0.016180 0.026098 0.019250 0.026054 0.040716 
0.037886 0.040251 0.056650 0.019603 0.322838 
0.087130 0.033470 0.046870 0.049530 0.039770 
0.088610 0.033620 0.036890 0.080480 0.085360 
0.014750 0.040430 0.050680 0.038260 0.040900 
0.069580 0.058540 0.064720 0.010490 0.029920 
11
0.547644 0.014982 0.046210 
0.402436 0.969387 0.462022 
0.049920 0.015630 0.491768 
0.059075 0.004716 0.293329 0.098655 0.017372 
0.047969 0.019822 0.022006 0.052001 0.049999 
0.011284 0.065993 0.025620 0.037840 0.041093 
0.056057 0.040593 0.029278 0.006901 0.020396 
0.087130 0.033470 0.046870 0.049530 0.039770 
0.088610 0.033620 0.036890 0.080480 0.085360 
0.014750 0.040430 0.050680 0.038260 0.040900 
0.069580 0.058540 0.064720 0.010490 0.029920 
12
0.418517 0.014982 0.046210 
0.531563 0.969387 0.462022 
0.057322 0.015112 0.491768 
0.063206 0.011548 0.013551 0.014655 0.045258 
0.023062 0.011129 0.165705 0.016720 0.314075 
0.053720 0.012732 0.012081 0.014368 0.018301 
0.018417 0.036280 0.119230 0.010020 0.025943 
0.087130 0.033470 0.046870 0.049530 0.039770 
0.088610 0.033620 0.036890 0.080480 0.085360 
0.014750 0.040430 0.050680 0.038260 0.040900 
0.069580 0.058540 0.064720 0.010490 0.029920 
13
0.480572 0.014485 0.046210 
0.462106 0.970403 0.462022 
0.057322 0.015112 0.491768 
0.239461 0.009986 0.033322 0.037690 0.024005 
0.048232 0.014584 0.036431 0.036685 0.053999 
0.015444 0.028464 0.023881 0.027043 0.030465 
0.065661 0.190506 0.053560 0.007904 0.022679 
0.087130 0.033470 0.046870 0.049530 0.039770 
0.088610 0.033620 0.036890 0.080480 0.085360 
0.014750 0.040430 0.050680 0.038260 0.040900 
0.069580 0.058540 0.064720 0.010490 0.029920 
14
0.479840 0.014485 0.046210 
0.462838 0.970403 0.462022 
0.057364 0.015109 0.491768 
0.045302 0.004547 0.034982 0.040924 0.014381 
0.036340 0.014702 0.020143 0.045090 0.035212 
0.009969 0.027846 0.022277 0.028888 0.500124 
0.034736 0.032849 0.028240 0.006432 0.017017 
0.087130 0.033470 0.046870 0.049530 0.039770 
0.088610 0.033620 0.036890 0.080480 0.085360 
0.014750 0.040430 0.050680 0.038260 0.040900 
0.069580 0.058540 0.064720 0.010490 0.029920 
15
0.480192 0.014483 0.046210 
0.462445 0.970408 0.462022 
0.057364 0.015109 0.491768 
0.082482 0.007731 0.104465 0.047509 0.024884 
0.116472 0.018981 0.032925 0.040965 0.045048 
0.014252 0.050451 0.031657 0.030433 0.032920 
0.070683 0.171177 0.042026 0.009659 0.025280 
0.087130 0.033470 0.046870 0.049530 0.039770 
0.088610 0.033620 0.036890 0.080480 0.085360 
0.014750 0.040430 0.050680 0.038260 0.040900 
0.069580 0.058540 0.064720 0.010490 0.029920 
16
0.480192 0.014483 0.046210 
0.462445 0.970408 0.462022 
0.057364 0.015109 0.491768 
0.062374 0.010014 0.021641 0.024143 0.035122 
0.030616 0.012560 0.063245 0.024685 0.235353 
0.025663 0.020083 0.018553 0.019535 0.022353 
0.034787 0.224833 0.080378 0.009464 0.024596 
0.087130 0.033470 0.046870 0.049530 0.039770 
0.088610 0.033620 0.036890 0.080480 0.085360 
0.014750 0.040430 0.050680 0.038260 0.040900 
0.069580 0.058540 0.064720 0.010490 0.029920 
17
0.479472 0.014483 0.046210 
0.463164 0.970408 0.462022 
0.057405 0.015107 0.491768 
0.068508 0.007150 0.144343 0.045731 0.021697 
0.127201 0.023761 0.019885 0.040398 0.034417 
0.010645 0.190406 0.033022 0.027552 0.030715 
0.081332 0.037387 0.024778 0.008953 0.022119 
0.087130 0.033470 0.046870 0.049530 0.039770 
0.088610 0.033620 0.036890 0.080480 0.085360 
0.014750 0.040430 0.050680 0.038260 0.040900 
0.069580 0.058540 0.064720 0.010490 0.029920 
18
0.479817 0.014481 0.046210 
0.462778 0.970413 0.462022 
0.057405 0.015107 0.491768 
0.017579 0.017993 0.005751 0.009599 0.042240 
0.013463 0.005663 0.020100 0.007791 0.051057 
0.012254 0.005588 0.005930 0.005225 0.013589 
0.010150 0.009165 0.025590 0.685679 0.035592 
0.087130 0.033470 0.046870 0.049530 0.039770 
0.088610 0.033620 0.036890 0.080480 0.085360 
0.014750 0.040430 0.050680 0.038260 0.040900 
0.069580 0.058540 0.064720 0.010490 0.029920 
19
0.479817 0.014481 0.046210 
0.462778 0.970413 0.462022 
0.057405 0.015107 0.491768 
0.075830 0.006496 0.080022 0.099999 0.020793 
0.045124 0.017008 0.027940 0.044151 0.039025 
0.012002 0.041677 0.029137 0.035396 0.033701 
0.111660 0.210199 0.039279 0.008186 0.022377 
0.087130 0.033470 0.046870 0.049530 0.039770 
0.088610 0.033620 0.036890 0.080480 0.085360 
0.014750 0.040430 0.050680 0.038260 0.040900 
0.069580 0.058540 0.064720 0.010490 0.029920 
20
0.479817 0.014481 0.046210 
0.462778 0.970413 0.462022 
0.057405 0.015107 0.491768 
0.066632 0.005857 0.037497 0.033372 0.032397 
0.045960 0.011819 0.037357 0.044684 0.065665 
0.009554 0.031104 0.310567 0.023678 0.029163 
0.055197 0.077657 0.051913 0.007912 0.022014 
0.087130 0.033470 0.046870 0.049530 0.039770 
0.088610 0.033620 0.036890 0.080480 0.085360 
0.014750 0.040430 0.050680 0.038260 0.040900 
0.069580 0.058540 0.064720 0.010490 0.029920 
21
0.479817 0.014481 0.046210 
0.462778 0.970413 0.462022 
0.057405 0.015107 0.491768 
0.055891 0.005936 0.049977 0.068586 0.017606 
0.054143 0.016306 0.023743 0.085327 0.033299 
0.010264 0.045213 0.030784 0.032818 0.034605 
0.220994 0.152576 0.034723 0.007126 0.020082 
0.087130 0.033470 0.046870 0.049530 0.039770 
0.088610 0.033620 0.036890 0.080480 0.085360 
0.014750 0.040430 0.050680 0.038260 0.040900 
0.069580 0.058540 0.064720 0.010490 0.029920 
22
0.479817 0.014481 0.046210 
0.462778 0.970413 0.462022 
0.057405 0.015107 0.491768 
0.033929 0.006513 0.012677 0.016048 0.075531 
0.019424 0.016420 0.055029 0.016838 0.059034 
0.014130 0.013338 0.010930 0.013847 0.017939 
0.022157 0.023069 0.045131 0.017791 0.510224 
0.087130 0.033470 0.046870 0.049530 0.039770 
0.088610 0.033620 0.036890 0.080480 0.085360 
0.014750 0.040430 0.050680 0.038260 0.040900 
0.069580 0.058540 0.064720 0.010490 0.029920 
23
0.479817 0.014481 0.046210 
0.462778 0.970413 0.462022 
0.057405 0.015107 0.491768 
0.071073 0.008104 0.037053 0.055875 0.027175 
0.041134 0.018006 0.057817 0.049368 0.066122 
0.018328 0.030021 0.026261 0.064317 0.067103 
0.040222 0.041940 0.242799 0.009942 0.027342 
0.087130 0.033470 0.046870 0.049530 0.039770 
0.088610 0.033620 0.036890 0.080480 0.085360 
0.014750 0.040430 0.050680 0.038260 0.040900 
0.069580 0.058540 0.064720 0.010490 0.029920 
24
0.479817 0.014481 0.046210 
0.462778 0.970413 0.462022 
0.057405 0.015107 0.491768 
0.079774 0.008434 0.064535 0.045089 0.030791 
0.063593 0.034870 0.040046 0.046435 0.054976 
0.016118 0.048199 0.066739 0.030816 0.037952 
0.093509 0.147184 0.048700 0.011973 0.030266 
0.087130 0.033470 0.046870 0.049530 0.039770 
0.088610 0.033620 0.036890 0.080480 0.085360 
0.014750 0.040430 0.050680 0.038260 0.040900 
0.069580 0.058540 0.064720 0.010490 0.029920 
25
0.479817 0.014481 0.046210 
0.462778 0.970413 0.462022 
0.057405 0.015107 0.491768 
0.071517 0.004389 0.065604 0.251318 0.019091 
0.040652 0.018828 0.027524 0.079175 0.048319 
0.027602 0.035227 0.028063 0.046281 0.084957 
0.046799 0.038192 0.034654 0.008802 0.023006 
0.087130 0.033470 0.046870 0.049530 0.039770 
0.088610 0.033620 0.036890 0.080480 0.085360 
0.014750 0.040430 0.050680 0.038260 0.040900 
0.069580 0.058540 0.064720 0.010490 0.029920 
26
0.479817 0.014481 0.046210 
0.462778 0.970413 0.462022 
0.057405 0.015107 0.491768 
0.073130 0.004159 0.194948 0.122956 0.016195 
0.054052 0.017274 0.018767 0.076469 0.033754 
0.009265 0.079265 0.026131 0.048728 0.037849 
0.102947 0.037180 0.024002 0.006243 0.016686 
0.087130 0.033470 0.046870 0.049530 0.039770 
0.088610 0.033620 0.036890 0.080480 0.085360 
0.014750 0.040430 0.050680 0.038260 0.040900 
0.069580 0.058540 0.064720 0.010490 0.029920 
27
0.479817 0.014481 0.046210 
0.462778 0.970413 0.462022 
0.057405 0.015107 0.491768 
0.080589 0.002445 0.126556 0.238779 0.012763 
0.033904 0.014236 0.017822 0.119014 0.035620 
0.009360 0.032032 0.018980 0.070834 0.061678 
0.048110 0.030920 0.026600 0.005308 0.014449 
0.087130 0.033470 0.046870 0.049530 0.039770 
0.088610 0.033620 0.036890 0.080480 0.085360 
0.014750 0.040430 0.050680 0.038260 0.040900 
0.069580 0.058540 0.064720 0.010490 0.029920 
28
0.479817 0.014481 0.046210 
0.462778 0.970413 0.462022 
0.057405 0.015107 0.491768 
0.085640 0.012976 0.014131 0.014365 0.039784 
0.025583 0.011082 0.157897 0.017191 0.197076 
0.024240 0.012735 0.014226 0.013786 0.017892 
0.021513 0.045694 0.239725 0.008906 0.025557 
0.087130 0.033470 0.046870 0.049530 0.039770 
0.088610 0.033620 0.036890 0.080480 0.085360 
0.014750 0.040430 0.050680 0.038260 0.040900 
0.069580 0.058540 0.064720 0.010490 0.029920 
29
0.479817 0.014481 0.046210 
0.462778 0.970413 0.462022 
0.057405 0.015107 0.491768 
0.034094 0.008281 0.007908 0.012320 0.523291 
0.014928 0.007883 0.067580 0.010353 0.081073 
0.017231 0.008144 0.009495 0.009816 0.008095 
0.016848 0.020032 0.051235 0.023332 0.068059 
0.087130 0.033470 0.046870 0.049530 0.039770 
0.088610 0.033620 0.036890 0.080480 0.085360 
0.014750 0.040430 0.050680 0.038260 0.040900 
0.069580 0.058540 0.064720 0.010490 0.029920 
30
0.479817 0.014481 0.046210 
0.462778 0.970413 0.462022 
0.057405 0.015107 0.491768 
0.054491 0.004001 0.034437 0.033717 0.017337 
0.036377 0.010613 0.025169 0.050615 0.041209 
0.006583 0.027198 0.441820 0.024037 0.033985 
0.060871 0.037384 0.037536 0.005878 0.016742 
0.087130 0.033470 0.046870 0.049530 0.039770 
0.088610 0.033620 0.036890 0.080480 0.085360 
0.014750 0.040430 0.050680 0.038260 0.040900 
0.069580 0.058540 0.064720 0.010490 0.029920 
31
0.479817 0.087842 0.046210 
0.462778 0.897051 0.462022 
0.043213 0.016303 0.491768 
0.101482 0.004412 0.117193 0.172846 0.021350 
0.046606 0.023490 0.026591 0.070958 0.048295 
0.012974 0.041063 0.039756 0.073110 0.047197 
0.054163 0.035412 0.032105 0.008919 0.022079 
0.087130 0.033470 0.046870 0.049530 0.039770 
0.088610 0.033620 0.036890 0.080480 0.085360 
0.014750 0.040430 0.050680 0.038260 0.040900 
0.069580 0.058540 0.064720 0.010490 0.029920 
32
0.608420 0.029470 0.046210 
0.348367 0.954228 0.462022 
0.041423 0.016532 0.491768 
0.088147 0.010115 0.047954 0.081118 0.038188 
0.056312 0.023384 0.082631 0.053025 0.085447 
0.024111 0.037558 0.034472 0.033684 0.062602 
0.062684 0.045754 0.078833 0.015632 0.038350 
0.087130 0.033470 0.046870 0.049530 0.039770 
0.088610 0.033620 0.036890 0.080480 0.085360 
0.014750 0.040430 0.050680 0.038260 0.040900 
0.069580 0.058540 0.064720 0.010490 0.029920 
33
0.387663 0.016367 0.046210 
0.570914 0.967101 0.462022 
0.054179 0.015310 0.491768 
0.085870 0.013065 0.025693 0.027290 0.055079 
0.048120 0.019958 0.084035 0.028766 0.157393 
0.100912 0.023673 0.017984 0.023081 0.032608 
0.030796 0.039614 0.104066 0.018941 0.063055 
0.087130 0.033470 0.046870 0.049530 0.039770 
0.088610 0.033620 0.036890 0.080480 0.085360 
0.014750 0.040430 0.050680 0.038260 0.040900 
0.069580 0.058540 0.064720 0.010490 0.029920 
34
0.454859 0.014676 0.046210 
0.490963 0.970014 0.462022 
0.057283 0.015114 0.491768 
0.085894 0.006848 0.102488 0.084655 0.024211 
0.054471 0.019063 0.031277 0.050498 0.044327 
0.012800 0.051342 0.033776 0.034975 0.034359 
0.138561 0.113209 0.043269 0.009535 0.024443 
0.087130 0.033470 0.046870 0.049530 0.039770 
0.088610 0.033620 0.036890 0.080480 0.085360 
0.014750 0.040430 0.050680 0.038260 0.040900 
0.069580 0.058540 0.064720 0.010490 0.029920 
35
0.478797 0.014488 0.046210 
0.463919 0.970398 0.462022 
0.057405 0.015107 0.491768 
0.081307 0.006084 0.045531 0.035232 0.019877 
0.368232 0.016987 0.029007 0.048815 0.034961 
0.013880 0.049588 0.027239 0.024842 0.043225 
0.055831 0.041245 0.027783 0.008477 0.021857 
0.087130 0.033470 0.046870 0.049530 0.039770 
0.088610 0.033620 0.036890 0.080480 0.085360 
0.014750 0.040430 0.050680 0.038260 0.040900 
0.069580 0.058540 0.064720 0.010490 0.029920 
36
0.479817 0.014481 0.046210 
0.462778 0.970413 0.462022 
0.057405 0.015107 0.491768 
0.127344 0.011491 0.044786 0.048411 0.054681 
0.062088 0.034080 0.059941 0.045020 0.092498 
0.025996 0.040445 0.030269 0.032512 0.052471 
0.058638 0.043280 0.066007 0.017604 0.052438 
0.087130 0.033470 0.046870 0.049530 0.039770 
0.088610 0.033620 0.036890 0.080480 0.085360 
0.014750 0.040430 0.050680 0.038260 0.040900 
0.069580 0.058540 0.064720 0.010490 0.029920 
37
0.479817 0.014481 0.046210 
0.462778 0.970413 0.462022 
0.057405 0.015107 0.491768 
0.089885 0.007977 0.053331 0.091778 0.047198 
0.055919 0.024065 0.057659 0.060426 0.091139 
0.032866 0.035565 0.025195 0.059151 0.065415 
0.043016 0.036985 0.066462 0.016533 0.039434 
0.087130 0.033470 0.046870 0.049530 0.039770 
0.088610 0.033620 0.036890 0.080480 0.085360 
0.014750 0.040430 0.050680 0.038260 0.040900 
0.069580 0.058540 0.064720 0.010490 0.029920 
38
0.479817 0.014481 0.046210 
0.462778 0.970413 0.462022 
0.057405 0.015107 0.491768 
0.053292 0.003280 0.077249 0.020828 0.007864 
0.610268 0.007864 0.010947 0.023696 0.017299 
0.006599 0.027521 0.016392 0.014029 0.020712 
0.034963 0.021109 0.011490 0.003888 0.010711 
0.087130 0.033470 0.046870 0.049530 0.039770 
0.088610 0.033620 0.036890 0.080480 0.085360 
0.014750 0.040430 0.050680 0.038260 0.040900 
0.069580 0.058540 0.064720 0.010490 0.029920 
39
0.479817 0.014481 0.046210 
0.462778 0.970413 0.462022 
0.057405 0.015107 0.491768 
0.041233 0.010727 0.006606 0.006676 0.033623 
0.012979 0.005834 0.408260 0.008867 0.102401 
0.018818 0.006553 0.009973 0.006693 0.008499 
0.013157 0.023533 0.251153 0.006369 0.018045 
0.087130 0.033470 0.046870 0.049530 0.039770 
0.088610 0.033620 0.036890 0.080480 0.085360 
0.014750 0.040430 0.050680 0.038260 0.040900 
0.069580 0.058540 0.064720 0.010490 0.029920 
40
0.479817 0.014481 0.046210 
0.462778 0.970413 0.462022 
0.057405 0.015107 0.491768 
0.063896 0.005595 0.042865 0.040721 0.020983 
0.047405 0.015280 0.033430 0.109178 0.048421 
0.008886 0.036025 0.275294 0.028872 0.038469 
0.069096 0.044092 0.043402 0.007432 0.020659 
0.087130 0.033470 0.046870 0.049530 0.039770 
0.088610 0.033620 0.036890 0.080480 0.085360 
0.014750 0.040430 0.050680 0.038260 0.040900 
0.069580 0.058540 0.064720 0.010490 0.029920 
41
0.479817 0.014481 0.046210 
0.462778 0.970413 0.462022 
0.057405 0.015107 0.491768 
0.076565 0.011924 0.016056 0.017084 0.041073 
0.045675 0.012468 0.225949 0.019443 0.130227 
0.137537 0.014845 0.013979 0.015876 0.020867 
0.022129 0.035174 0.105268 0.010354 0.027507 
0.087130 0.033470 0.046870 0.049530 0.039770 
0.088610 0.033620 0.036890 0.080480 0.085360 
0.014750 0.040430 0.050680 0.038260 0.040900 
0.069580 0.058540 0.064720 0.010490 0.029920 
42
0.479817 0.014481 0.046210 
0.462778 0.970413 0.462022 
0.057405 0.015107 0.491768 
0.064582 0.004234 0.065122 0.300966 0.016761 
0.038742 0.043487 0.021466 0.071812 0.038856 
0.011494 0.035583 0.023713 0.045321 0.045472 
0.047989 0.067206 0.029810 0.007581 0.019802 
0.087130 0.033470 0.046870 0.049530 0.039770 
0.088610 0.033620 0.036890 0.080480 0.085360 
0.014750 0.040430 0.050680 0.038260 0.040900 
0.069580 0.058540 0.064720 0.010490 0.029920 
43
0.479817 0.014481 0.046210 
0.462778 0.970413 0.462022 
0.057405 0.015107 0.491768 
0.103979 0.005872 0.123960 0.071663 0.023836 
0.057436 0.018676 0.049644 0.100288 0.060405 
0.016504 0.049819 0.034158 0.040213 0.049822 
0.052792 0.064214 0.042780 0.009316 0.024623 
0.087130 0.033470 0.046870 0.049530 0.039770 
0.088610 0.033620 0.036890 0.080480 0.085360 
0.014750 0.040430 0.050680 0.038260 0.040900 
0.069580 0.058540 0.064720 0.010490 0.029920 
44
0.479817 0.014481 0.046210 
0.462778 0.970413 0.462022 
0.057405 0.015107 0.491768 
0.020479 0.005066 0.010505 0.013196 0.069767 
0.015537 0.012324 0.022251 0.012857 0.046412 
0.011074 0.010870 0.009575 0.009750 0.016263 
0.016559 0.015638 0.023415 0.596216 0.062249 
0.087130 0.033470 0.046870 0.049530 0.039770 
0.088610 0.033620 0.036890 0.080480 0.085360 
0.014750 0.040430 0.050680 0.038260 0.040900 
0.069580 0.058540 0.064720 0.010490 0.029920 
45
0.479817 0.014481 0.046210 
0.462778 0.970413 0.462022 
0.057405 0.015107 0.491768 
0.065531 0.002799 0.188898 0.280106 0.014690 
0.037082 0.013406 0.015815 0.053141 0.037092 
0.009583 0.034952 0.019922 0.053311 0.034065 
0.059346 0.034038 0.023801 0.006877 0.015546 
0.087130 0.033470 0.046870 0.049530 0.039770 
0.088610 0.033620 0.036890 0.080480 0.085360 
0.014750 0.040430 0.050680 0.038260 0.040900 
0.069580 0.058540 0.064720 0.010490 0.029920 
46
0.479817 0.014481 0.046210 
0.462778 0.970413 0.462022 
0.057405 0.015107 0.491768 
0.113003 0.006198 0.059510 0.058527 0.022514 
0.103257 0.018054 0.035179 0.112947 0.053733 
0.015227 0.045950 0.036548 0.040987 0.046534 
0.071267 0.087471 0.040440 0.008902 0.023752 
0.087130 0.033470 0.046870 0.049530 0.039770 
0.088610 0.033620 0.036890 0.080480 0.085360 
0.014750 0.040430 0.050680 0.038260 0.040900 
0.069580 0.058540 0.064720 0.010490 0.029920 
47
0.479817 0.014481 0.046210 
0.462778 0.970413 0.462022 
0.057405 0.015107 0.491768 
0.047237 0.008970 0.020425 0.023313 0.124313 
0.036854 0.025360 0.042044 0.019831 0.067829 
0.017947 0.022651 0.016248 0.018140 0.024380 
0.033010 0.030306 0.053691 0.068025 0.299424 
0.087130 0.033470 0.046870 0.049530 0.039770 
0.088610 0.033620 0.036890 0.080480 0.085360 
0.014750 0.040430 0.050680 0.038260 0.040900 
0.069580 0.058540 0.064720 0.010490 0.029920 
48
0.479817 0.014481 0.046210 
0.462778 0.970413 0.462022 
0.057405 0.015107 0.491768 
0.054993 0.002782 0.301464 0.220695 0.012467 
0.035797 0.012718 0.014636 0.046915 0.027744 
0.008484 0.043857 0.019243 0.044318 0.030273 
0.045784 0.033223 0.026315 0.004773 0.013520 
0.087130 0.033470 0.046870 0.049530 0.039770 
0.088610 0.033620 0.036890 0.080480 0.085360 
0.014750 0.040430 0.050680 0.038260 0.040900 
0.069580 0.058540 0.064720 0.010490 0.029920 
49
0.479817 0.014481 0.046210 
0.462778 0.970413 0.462022 
0.057405 0.015107 0.491768 
0.056757 0.002444 0.228544 0.321202 0.012184 
0.033573 0.011661 0.012967 0.046509 0.027068 
0.008207 0.029162 0.018193 0.048244 0.029892 
0.043385 0.031013 0.020903 0.004846 0.013245 
0.087130 0.033470 0.046870 0.049530 0.039770 
0.088610 0.033620 0.036890 0.080480 0.085360 
0.014750 0.040430 0.050680 0.038260 0.040900 
0.069580 0.058540 0.064720 0.010490 0.029920 
50
0.479817 0.014481 0.046210 
0.462778 0.970413 0.462022 
0.057405 0.015107 0.491768 
0.049092 0.004999 0.030336 0.035454 0.010542 
0.032282 0.010911 0.017040 0.032155 0.029222 
0.006340 0.020130 0.569416 0.018863 0.023656 
0.041800 0.028300 0.026000 0.003417 0.010044 
0.087130 0.033470 0.046870 0.049530 0.039770 
0.088610 0.033620 0.036890 0.080480 0.085360 
0.014750 0.040430 0.050680 0.038260 0.040900 
0.069580 0.058540 0.064720 0.010490 0.029920 
51
0.479817 0.014481 0.046210 
0.462778 0.970413 0.462022 
0.057405 0.015107 0.491768 
0.032974 0.007560 0.010952 0.014921 0.264079 
0.020906 0.019034 0.034051 0.013073 0.058440 
0.013977 0.012967 0.010454 0.012774 0.015182 
0.023758 0.023210 0.044870 0.029359 0.337459 
0.087130 0.033470 0.046870 0.049530 0.039770 
0.088610 0.033620 0.036890 0.080480 0.085360 
0.014750 0.040430 0.050680 0.038260 0.040900 
0.069580 0.058540 0.064720 0.010490 0.029920 
52
0.479817 0.014481 0.046210 
0.462778 0.970413 0.462022 
0.057405 0.015107 0.491768 
0.060907 0.004007 0.042744 0.057022 0.014317 
0.034341 0.016780 0.022917 0.269523 0.040227 
0.011776 0.033079 0.023283 0.039948 0.194883 
0.041215 0.037076 0.030353 0.006974 0.018629 
0.087130 0.033470 0.046870 0.049530 0.039770 
0.088610 0.033620 0.036890 0.080480 0.085360 
0.014750 0.040430 0.050680 0.038260 0.040900 
0.069580 0.058540 0.064720 0.010490 0.029920 
53
0.479817 0.014481 0.046210 
0.462778 0.970413 0.462022 
0.057405 0.015107 0.491768 
0.086780 0.012319 0.030505 0.031665 0.042961 
0.043847 0.020173 0.091243 0.033894 0.174546 
0.029136 0.026582 0.023631 0.051271 0.034353 
0.036364 0.091888 0.091167 0.012841 0.034834 
0.087130 0.033470 0.046870 0.049530 0.039770 
0.088610 0.033620 0.036890 0.080480 0.085360 
0.014750 0.040430 0.050680 0.038260 0.040900 
0.069580 0.058540 0.064720 0.010490 0.029920 
54
0.479817 0.014481 0.046210 
0.462778 0.970413 0.462022 
0.057405 0.015107 0.491768 
0.043731 0.006200 0.032180 0.030491 0.014865 
0.030312 0.011021 0.023072 0.027538 0.023946 
0.007861 0.033790 0.021561 0.022470 0.020273 
0.210845 0.380774 0.037348 0.005046 0.016676 
0.087130 0.033470 0.046870 0.049530 0.039770 
0.088610 0.033620 0.036890 0.080480 0.085360 
0.014750 0.040430 0.050680 0.038260 0.040900 
0.069580 0.058540 0.064720 0.010490 0.029920 
55
0.479817 0.014481 0.046210 
0.462778 0.970413 0.462022 
0.057405 0.015107 0.491768 
0.053746 0.009575 0.019306 0.022396 0.094848 
0.034289 0.020862 0.051909 0.020805 0.082158 
0.048874 0.020313 0.015414 0.018077 0.023416 
0.030767 0.031011 0.062787 0.023113 0.316335 
0.087130 0.033470 0.046870 0.049530 0.039770 
0.088610 0.033620 0.036890 0.080480 0.085360 
0.014750 0.040430 0.050680 0.038260 0.040900 
0.069580 0.058540 0.064720 0.010490 0.029920 
56
0.479817 0.014481 0.046210 
0.462778 0.970413 0.462022 
0.057405 0.015107 0.491768 
0.055881 0.004912 0.160523 0.046784 0.018680 
0.047544 0.015635 0.024141 0.049498 0.040039 
0.009236 0.041466 0.246807 0.030385 0.055819 
0.050788 0.040183 0.034517 0.007445 0.019718 
0.087130 0.033470 0.046870 0.049530 0.039770 
0.088610 0.033620 0.036890 0.080480 0.085360 
0.014750 0.040430 0.050680 0.038260 0.040900 
0.069580 0.058540 0.064720 0.010490 0.029920 
57
0.479817 0.014481 0.046210 
0.462778 0.970413 0.462022 
0.057405 0.015107 0.491768 
0.168383 0.003759 0.080348 0.274589 0.014706 
0.037309 0.014725 0.019218 0.061365 0.036198 
0.010382 0.034720 0.020741 0.047404 0.041428 
0.049308 0.035117 0.027462 0.006224 0.016612 
0.087130 0.033470 0.046870 0.049530 0.039770 
0.088610 0.033620 0.036890 0.080480 0.085360 
0.014750 0.040430 0.050680 0.038260 0.040900 
0.069580 0.058540 0.064720 0.010490 0.029920 
58
0.479817 0.014481 0.046210 
0.462778 0.970413 0.462022 
0.057405 0.015107 0.491768 
0.029010 0.008903 0.016097 0.018576 0.101632 
0.018974 0.028192 0.030264 0.019356 0.056565 
0.014389 0.018040 0.013311 0.013957 0.019826 
0.023444 0.021584 0.033207 0.030439 0.484231 
0.087130 0.033470 0.046870 0.049530 0.039770 
0.088610 0.033620 0.036890 0.080480 0.085360 
0.014750 0.040430 0.050680 0.038260 0.040900 
0.069580 0.058540 0.064720 0.010490 0.029920 
59
0.479817 0.014481 0.046210 
0.462778 0.970413 0.462022 
0.057405 0.015107 0.491768 
0.064132 0.012370 0.016276 0.017712 0.039674 
0.029231 0.010858 0.115579 0.019586 0.100300 
0.022178 0.014731 0.017081 0.014605 0.018612 
0.026070 0.033273 0.370041 0.030888 0.026802 
0.087130 0.033470 0.046870 0.049530 0.039770 
0.088610 0.033620 0.036890 0.080480 0.085360 
0.014750 0.040430 0.050680 0.038260 0.040900 
0.069580 0.058540 0.064720 0.010490 0.029920 
60
0.479817 0.014481 0.046210 
0.462778 0.970413 0.462022 
0.057405 0.015107 0.491768 
0.071619 0.004055 0.050059 0.064776 0.015070 
0.040125 0.022665 0.024019 0.217034 0.042116 
0.013517 0.037527 0.026350 0.043654 0.101631 
0.131576 0.037869 0.030468 0.006985 0.018887 
0.087130 0.033470 0.046870 0.049530 0.039770 
0.088610 0.033620 0.036890 0.080480 0.085360 
0.014750 0.040430 0.050680 0.038260 0.040900 
0.069580 0.058540 0.064720 0.010490 0.029920 
61
0.479817 0.014481 0.046210 
0.462778 0.970413 0.462022 
0.057405 0.015107 0.491768 
0.069449 0.013770 0.017894 0.017524 0.056775 
0.041230 0.014213 0.206759 0.020545 0.102558 
0.024349 0.018647 0.018550 0.015447 0.021773 
0.025638 0.036325 0.211555 0.011520 0.055479 
0.087130 0.033470 0.046870 0.049530 0.039770 
0.088610 0.033620 0.036890 0.080480 0.085360 
0.014750 0.040430 0.050680 0.038260 0.040900 
0.069580 0.058540 0.064720 0.010490 0.029920 
62
0.479817 0.014481 0.046210 
0.462778 0.970413 0.462022 
0.057405 0.015107 0.491768 
0.050286 0.004867 0.039825 0.049520 0.015754 
0.036377 0.015730 0.022293 0.050094 0.039102 
0.011087 0.030396 0.023052 0.441289 0.039044 
0.038764 0.036746 0.031096 0.006716 0.017961 
0.087130 0.033470 0.046870 0.049530 0.039770 
0.088610 0.033620 0.036890 0.080480 0.085360 
0.014750 0.040430 0.050680 0.038260 0.040900 
0.069580 0.058540 0.064720 0.010490 0.029920 
63
0.479817 0.014481 0.046210 
0.462778 0.970413 0.462022 
0.057405 0.015107 0.491768 
0.154097 0.006146 0.041481 0.054220 0.021192 
0.067770 0.016980 0.034989 0.062344 0.057005 
0.016283 0.031669 0.024219 0.036832 0.197063 
0.058831 0.036902 0.048557 0.009240 0.024179 
0.087130 0.033470 0.046870 0.049530 0.039770 
0.088610 0.033620 0.036890 0.080480 0.085360 
0.014750 0.040430 0.050680 0.038260 0.040900 
0.069580 0.058540 0.064720 0.010490 0.029920 
64
0.479817 0.014481 0.046210 
0.462778 0.970413 0.462022 
0.057405 0.015107 0.491768 
0.049774 0.003039 0.074983 0.476938 0.011795 
0.040526 0.012601 0.013866 0.045755 0.027192 
0.008313 0.025388 0.019054 0.039990 0.032600 
0.038419 0.038607 0.021962 0.005198 0.014002 
0.087130 0.033470 0.046870 0.049530 0.039770 
0.088610 0.033620 0.036890 0.080480 0.085360 
0.014750 0.040430 0.050680 0.038260 0.040900 
0.069580 0.058540 0.064720 0.010490 0.029920 
65
0.479817 0.014481 0.046210 
0.462778 0.970413 0.462022 
0.057405 0.015107 0.491768 
0.047333 0.005161 0.045053 0.070949 0.011724 
0.035985 0.019309 0.018811 0.368727 0.033424 
0.010363 0.037125 0.028881 0.046956 0.090562 
0.045163 0.039188 0.026148 0.004726 0.014413 
0.087130 0.033470 0.046870 0.049530 0.039770 
0.088610 0.033620 0.036890 0.080480 0.085360 
0.014750 0.040430 0.050680 0.038260 0.040900 
0.069580 0.058540 0.064720 0.010490 0.029920 
66
0.479817 0.014481 0.046210 
0.462778 0.970413 0.462022 
0.057405 0.015107 0.491768 
0.055224 0.002625 0.277408 0.265449 0.012225 
0.034880 0.012130 0.013557 0.046156 0.027020 
0.008214 0.035706 0.018743 0.045604 0.029821 
0.044071 0.031753 0.021295 0.004795 0.013323 
0.087130 0.033470 0.046870 0.049530 0.039770 
0.088610 0.033620 0.036890 0.080480 0.085360 
0.014750 0.040430 0.050680 0.038260 0.040900 
0.069580 0.058540 0.064720 0.010490 0.029920 
67
0.479817 0.014481 0.046210 
0.462778 0.970413 0.462022 
0.057405 0.015107 0.491768 
0.177798 0.005994 0.055509 0.064437 0.021929 
0.052414 0.018607 0.034897 0.084674 0.057559 
0.015773 0.037362 0.029705 0.042283 0.092794 
0.088672 0.044724 0.041681 0.009113 0.024073 
0.087130 0.033470 0.046870 0.049530 0.039770 
0.088610 0.033620 0.036890 0.080480 0.085360 
0.014750 0.040430 0.050680 0.038260 0.040900 
0.069580 0.058540 0.064720 0.010490 0.029920 
68
0.479817 0.014481 0.046210 
0.462778 0.970413 0.462022 
0.057405 0.015107 0.491768 
0.066943 0.005339 0.041425 0.038384 0.016258 
0.374211 0.014761 0.024322 0.091553 0.032836 
0.012300 0.042425 0.026020 0.027119 0.036673 
0.056187 0.040526 0.026250 0.007212 0.019256 
0.087130 0.033470 0.046870 0.049530 0.039770 
0.088610 0.033620 0.036890 0.080480 0.085360 
0.014750 0.040430 0.050680 0.038260 0.040900 
0.069580 0.058540 0.064720 0.010490 0.029920 
69
0.479817 0.014481 0.046210 
0.462778 0.970413 0.462022 
0.057405 0.015107 0.491768 
0.197609 0.013062 0.017525 0.019347 0.042784 
0.032642 0.012552 0.080768 0.020532 0.242954 
0.026755 0.015520 0.015080 0.017383 0.022192 
0.028482 0.035842 0.121773 0.009971 0.027228 
0.087130 0.033470 0.046870 0.049530 0.039770 
0.088610 0.033620 0.036890 0.080480 0.085360 
0.014750 0.040430 0.050680 0.038260 0.040900 
0.069580 0.058540 0.064720 0.010490 0.029920 
70
0.479817 0.014481 0.046210 
0.462778 0.970413 0.462022 
0.057405 0.015107 0.491768 
0.030065 0.005017 0.017454 0.019813 0.061181 
0.032674 0.016339 0.020451 0.025634 0.035891 
0.009279 0.015828 0.013213 0.015412 0.020243 
0.024050 0.022662 0.030905 0.015258 0.568632 
0.087130 0.033470 0.046870 0.049530 0.039770 
0.088610 0.033620 0.036890 0.080480 0.085360 
0.014750 0.040430 0.050680 0.038260 0.040900 
0.069580 0.058540 0.064720 0.010490 0.029920 
71
0.479817 0.014481 0.046210 
0.462778 0.970413 0.462022 
0.057405 0.020185 0.486431 
0.263939 0.009801 0.031334 0.035151 0.020815 
0.051193 0.012932 0.028558 0.033035 0.044675 
0.012956 0.026518 0.021610 0.024026 0.027039 
0.238180 0.044475 0.046780 0.007018 0.019965 
0.087129 0.033470 0.046870 0.049530 0.039770 
0.088609 0.033620 0.036899 0.080479 0.085359 
0.014750 0.040430 0.050680 0.038260 0.040900 
0.069579 0.058539 0.064719 0.010490 0.029920 
72
0.479817 0.014481 0.045709 
0.462778 0.965335 0.467861 
0.057405 0.015107 0.491768 
0.042357 0.011983 0.006610 0.005936 0.033454 
0.012529 0.005775 0.286425 0.009130 0.087253 
0.016240 0.006146 0.010611 0.005905 0.008161 
0.013878 0.025895 0.387831 0.005725 0.018155 
0.087130 0.033470 0.046870 0.049530 0.039770 
0.088610 0.033620 0.036890 0.080480 0.085360 
0.014750 0.040430 0.050680 0.038260 0.040900 
0.069580 0.058540 0.064720 0.010490 0.029920 
73
0.479817 0.014481 0.046210 
0.462778 0.970413 0.462022 
0.057405 0.015107 0.491768 
0.083083 0.005203 0.047907 0.060654 0.026221 
0.040241 0.017340 0.069195 0.197704 0.085362 
0.018986 0.032212 0.030611 0.040911 0.073226 
0.047463 0.037402 0.049630 0.010047 0.026601 
0.087130 0.033470 0.046870 0.049530 0.039770 
0.088610 0.033620 0.036890 0.080480 0.085360 
0.014750 0.040430 0.050680 0.038260 0.040900 
0.069580 0.058540 0.064720 0.010490 0.029920 
74
0.479817 0.014481 0.046210 
0.462778 0.970413 0.462022 
0.057405 0.015107 0.491768 
0.211837 0.006899 0.126609 0.073711 0.021820 
0.056240 0.018160 0.030643 0.058590 0.051106 
0.014443 0.047042 0.027422 0.039850 0.043013 
0.060411 0.041058 0.040140 0.008440 0.022567 
0.087130 0.033470 0.046870 0.049530 0.039770 
0.088610 0.033620 0.036890 0.080480 0.085360 
0.014750 0.040430 0.050680 0.038260 0.040900 
0.069580 0.058540 0.064720 0.010490 0.029920 
75
0.479817 0.014481 0.046210 
0.462778 0.970413 0.462022 
0.057405 0.015107 0.491768 
0.446974 0.011175 0.025433 0.030624 0.024573 
0.048068 0.011781 0.032933 0.029285 0.052093 
0.014803 0.020816 0.018203 0.021767 0.025298 
0.064591 0.041014 0.053279 0.007031 0.020258 
0.087130 0.033470 0.046870 0.049530 0.039770 
0.088610 0.033620 0.036890 0.080480 0.085360 
0.014750 0.040430 0.050680 0.038260 0.040900 
0.069580 0.058540 0.064720 0.010490 0.029920 
76
0.479817 0.014481 0.046210 
0.462778 0.970413 0.462022 
0.057405 0.015107 0.491768 
0.066111 0.012099 0.015583 0.016334 0.124479 
0.027140 0.014890 0.108746 0.016723 0.293293 
0.033101 0.015196 0.014232 0.015363 0.018667 
0.021556 0.029222 0.112385 0.012640 0.032241 
0.087130 0.033470 0.046870 0.049530 0.039770 
0.088610 0.033620 0.036890 0.080480 0.085360 
0.014750 0.040430 0.050680 0.038260 0.040900 
0.069580 0.058540 0.064720 0.010490 0.029920 
77
0.479817 0.014481 0.046210 
0.462778 0.970413 0.462022 
0.057405 0.015107 0.491768 
0.145727 0.004335 0.074923 0.223402 0.017928 
0.040346 0.016134 0.024252 0.066712 0.044033 
0.012220 0.036441 0.022406 0.061764 0.045411 
0.060967 0.036528 0.039648 0.007431 0.019393 
0.087130 0.033470 0.046870 0.049530 0.039770 
0.088610 0.033620 0.036890 0.080480 0.085360 
0.014750 0.040430 0.050680 0.038260 0.040900 
0.069580 0.058540 0.064720 0.010490 0.029920 
78
0.479817 0.014481 0.046210 
0.462778 0.970413 0.462022 
0.057405 0.015107 0.491768 
0.061412 0.004525 0.043886 0.057559 0.016205 
0.036793 0.017798 0.024995 0.064830 0.043294 
0.012861 0.037687 0.024294 0.134067 0.275850 
0.042883 0.039563 0.033075 0.007776 0.020646 
0.087130 0.033470 0.046870 0.049530 0.039770 
0.088610 0.033620 0.036890 0.080480 0.085360 
0.014750 0.040430 0.050680 0.038260 0.040900 
0.069580 0.058540 0.064720 0.010490 0.029920 
79
0.479817 0.014481 0.046210 
0.462778 0.970413 0.462022 
0.057405 0.015107 0.491768 
0.080476 0.007424 0.089280 0.046237 0.021383 
0.077970 0.020579 0.021551 0.043189 0.035264 
0.010694 0.132608 0.034153 0.030313 0.032820 
0.194159 0.060627 0.030003 0.008798 0.022471 
0.087130 0.033470 0.046870 0.049530 0.039770 
0.088610 0.033620 0.036890 0.080480 0.085360 
0.014750 0.040430 0.050680 0.038260 0.040900 
0.069580 0.058540 0.064720 0.010490 0.029920 
80
0.479817 0.014481 0.046210 
0.462778 0.970413 0.462022 
0.057405 0.078960 0.432140 
0.085789 0.005513 0.062431 0.063578 0.021581 
0.090094 0.020148 0.031301 0.106908 0.052186 
0.014606 0.096878 0.030639 0.056027 0.095582 
0.061953 0.036427 0.035076 0.009414 0.023868 
0.087141 0.033466 0.046865 0.049524 0.039766 
0.088692 0.033616 0.036886 0.080471 0.085350 
0.014748 0.040425 0.050674 0.038256 0.040895 
0.069572 0.058533 0.064713 0.010489 0.029917 
81
0.479817 0.014481 0.040607 
0.462778 0.906559 0.527253 
0.057405 0.015107 0.491768 
0.099456 0.013938 0.034147 0.034138 0.057358 
0.066953 0.029164 0.095971 0.036400 0.124086 
0.054544 0.030733 0.021073 0.032057 0.041218 
0.035283 0.043328 0.088167 0.017072 0.044914 
0.087130 0.033470 0.046870 0.049530 0.039770 
0.088610 0.033620 0.036890 0.080480 0.085360 
0.014750 0.040430 0.050680 0.038260 0.040900 
0.069580 0.058540 0.064720 0.010490 0.029920 
82
0.479817 0.014481 0.046210 
0.462778 0.970413 0.462022 
0.057405 0.015107 0.491768 
0.062054 0.011403 0.020424 0.021225 0.177742 
0.036521 0.020348 0.064771 0.017848 0.163382 
0.028144 0.021044 0.015579 0.019310 0.021134 
0.028133 0.030433 0.084792 0.022692 0.133022 
0.087130 0.033470 0.046870 0.049530 0.039770 
0.088610 0.033620 0.036890 0.080480 0.085360 
0.014750 0.040430 0.050680 0.038260 0.040900 
0.069580 0.058540 0.064720 0.010490 0.029920 
83
0.479817 0.014481 0.046210 
0.462778 0.970413 0.462022 
0.057405 0.015107 0.491768 
0.066667 0.004040 0.119978 0.243910 0.017174 
0.056570 0.017913 0.020063 0.062254 0.036954 
0.010734 0.082689 0.023621 0.046966 0.041227 
0.052291 0.043326 0.027285 0.007448 0.018891 
0.087130 0.033470 0.046870 0.049530 0.039770 
0.088610 0.033620 0.036890 0.080480 0.085360 
