{{N1124} {name {N1124} dist 0 subfamily 0 my_cost 0.880133 node_weight 3 sam_hmm {
%  SAM: modelfromalign v3.5 (July 15, 2005) compiled 12/05/20_11:48:22
%  (c) 1992-2001 Regents of the University of California, Santa Cruz
%
%          Sequence Alignment and Modeling Software System
%         http://www.cse.ucsc.edu/research/compbio/sam.html
%
% ----------------- Citations (SAM, SAM-T2K, HMMs) --------------------
% R. Hughey, A. Krogh, Hidden Markov models for sequence analysis:
%  Extension and analysis of the basic method, CABIOS 12:95-107, 1996.
% K. Karplus, et al., What is the value added by human intervention in protein
%  structure prediction, Proteins: Stucture, Function, Genetics 45(S5):86--91, 2001.
% A. Krogh et al., Hidden Markov models in computational biology:
%  Applications to protein modeling, JMB 235:1501-1531, Feb 1994.
% ---------------------------------------------------------------------
%  trimmed-uniq   Host: gauntlet    Thu Feb 11 16:20:40 2021
%  dgpinheiro     Dir:  /data/GitHub/sfFinder/example/output/subfamily/TEST1/flowerpower/fp-workspace/iter3
% ---------------------------------------------------------------------
% Prior File:  Internal (Name: recode3.20comp) 
%   20 priors on 20 characters.
%  Alignment weights from internal calc.  Total (1.56) Max (0.00) Min (0.00)
%  Weights from alignment method 1 (karplus), b=0.500000, e=0.500000
MODEL --  Model from alignment file trimmed-uniq.a2m
alphabet protein
FREQAVE
0.000000 0.000000 0.000000 
0.000000 0.000000 0.000000 
0.000000 0.000000 0.000000 
0.073230 0.015714 0.056926 0.066542 0.049643 
0.061761 0.028615 0.052066 0.058197 0.085110 
0.025957 0.041843 0.045311 0.042474 0.052338 
0.059151 0.053804 0.060954 0.023471 0.046895 
0.073230 0.015714 0.056926 0.066542 0.049643 
0.061761 0.028615 0.052066 0.058197 0.085110 
0.025957 0.041843 0.045311 0.042474 0.052338 
0.059151 0.053804 0.060954 0.023471 0.046895 
Begin
0.000000 0.000000 0.000000 
0.000000 0.000000 0.000000 
0.000000 0.102161 0.806495 
0.000000 0.000000 0.000000 0.000000 0.000000 
0.000000 0.000000 0.000000 0.000000 0.000000 
0.000000 0.000000 0.000000 0.000000 0.000000 
0.000000 0.000000 0.000000 0.000000 0.000000 
0.087137 0.033411 0.046875 0.049460 0.039687 
0.088503 0.033556 0.036842 0.080766 0.085463 
0.014903 0.040444 0.050638 0.038240 0.040937 
0.069510 0.058600 0.064638 0.010468 0.029923 
   1
0.000000 0.014481 0.062791 
0.000000 0.883358 0.130713 
0.041829 0.016477 0.491768 
0.075340 0.011832 0.054103 0.075224 0.032523 
0.050942 0.025334 0.052928 0.081544 0.083054 
0.027541 0.044464 0.043506 0.047402 0.062930 
0.063810 0.059582 0.065088 0.011149 0.031703 
0.087130 0.033470 0.046870 0.049530 0.039770 
0.088610 0.033620 0.036890 0.080480 0.085360 
0.014750 0.040430 0.050680 0.038260 0.040900 
0.069580 0.058540 0.064720 0.010490 0.029920 
   2
0.620965 0.015794 0.046210 
0.337206 0.967728 0.462022 
0.041829 0.016477 0.491768 
0.077559 0.010762 0.062298 0.080942 0.027850 
0.063805 0.025268 0.040384 0.080116 0.065065 
0.019214 0.049204 0.056036 0.047632 0.070817 
0.069337 0.060966 0.053358 0.010126 0.029261 
0.087130 0.033470 0.046870 0.049530 0.039770 
0.088610 0.033620 0.036890 0.080480 0.085360 
0.014750 0.040430 0.050680 0.038260 0.040900 
0.069580 0.058540 0.064720 0.010490 0.029920 
   3
0.619812 0.015794 0.046210 
0.338359 0.967728 0.462022 
0.041877 0.016471 0.491768 
0.076713 0.013244 0.042506 0.060668 0.038622 
0.042290 0.022338 0.076169 0.060179 0.125993 
0.029598 0.036124 0.041540 0.039403 0.051604 
0.055307 0.054861 0.087953 0.012022 0.032868 
0.087130 0.033470 0.046870 0.049530 0.039770 
0.088610 0.033620 0.036890 0.080480 0.085360 
0.014750 0.040430 0.050680 0.038260 0.040900 
0.069580 0.058540 0.064720 0.010490 0.029920 
   4
0.620527 0.015788 0.046210 
0.337596 0.967741 0.462022 
0.041877 0.016471 0.491768 
0.073376 0.011251 0.064238 0.076608 0.031222 
0.066139 0.026792 0.042586 0.071292 0.073232 
0.020173 0.059301 0.047289 0.046403 0.060440 
0.068862 0.061229 0.054836 0.011290 0.033443 
0.087130 0.033470 0.046870 0.049530 0.039770 
0.088610 0.033620 0.036890 0.080480 0.085360 
0.014750 0.040430 0.050680 0.038260 0.040900 
0.069580 0.058540 0.064720 0.010490 0.029920 
   5
0.620527 0.015788 0.046210 
0.337596 0.967741 0.462022 
0.041877 0.016471 0.491768 
0.078451 0.011753 0.058101 0.078040 0.031683 
0.053872 0.024996 0.047800 0.072504 0.082596 
0.022037 0.047812 0.051190 0.046735 0.060897 
0.066346 0.060954 0.061437 0.010810 0.031985 
0.087130 0.033470 0.046870 0.049530 0.039770 
0.088610 0.033620 0.036890 0.080480 0.085360 
0.014750 0.040430 0.050680 0.038260 0.040900 
0.069580 0.058540 0.064720 0.010490 0.029920 
   6
0.460451 0.015788 0.046210 
0.497672 0.967741 0.462022 
0.049858 0.015635 0.491768 
0.058610 0.006523 0.054546 0.087054 0.015936 
0.042024 0.024416 0.024673 0.207689 0.043051 
0.013665 0.046423 0.034807 0.057126 0.117125 
0.057929 0.049419 0.033723 0.006407 0.018853 
0.087130 0.033470 0.046870 0.049530 0.039770 
0.088610 0.033620 0.036890 0.080480 0.085360 
0.014750 0.040430 0.050680 0.038260 0.040900 
0.069580 0.058540 0.064720 0.010490 0.029920 
   7
0.548206 0.014987 0.046210 
0.401936 0.969377 0.462022 
0.049858 0.015635 0.491768 
0.061269 0.005535 0.158108 0.193821 0.012892 
0.049138 0.021901 0.017848 0.076299 0.030981 
0.010169 0.055537 0.037788 0.054872 0.052642 
0.064636 0.048295 0.026916 0.005444 0.015909 
0.087130 0.033470 0.046870 0.049530 0.039770 
0.088610 0.033620 0.036890 0.080480 0.085360 
0.014750 0.040430 0.050680 0.038260 0.040900 
0.069580 0.058540 0.064720 0.010490 0.029920 
   8
0.548206 0.014987 0.046210 
0.401936 0.969377 0.462022 
0.049858 0.015635 0.491768 
0.061951 0.007057 0.062972 0.088134 0.017753 
0.046794 0.025450 0.025875 0.131517 0.044524 
0.014260 0.060094 0.034615 0.055864 0.144643 
0.063234 0.052424 0.035113 0.007169 0.020558 
0.087130 0.033470 0.046870 0.049530 0.039770 
0.088610 0.033620 0.036890 0.080480 0.085360 
0.014750 0.040430 0.050680 0.038260 0.040900 
0.069580 0.058540 0.064720 0.010490 0.029920 
   9
0.548206 0.014987 0.046210 
0.401936 0.969377 0.462022 
0.049858 0.015635 0.491768 
0.047857 0.012923 0.026832 0.033365 0.093904 
0.030821 0.037113 0.043406 0.034515 0.074152 
0.021741 0.030458 0.022681 0.025770 0.034724 
0.040718 0.039031 0.050570 0.041385 0.258036 
0.087130 0.033470 0.046870 0.049530 0.039770 
0.088610 0.033620 0.036890 0.080480 0.085360 
0.014750 0.040430 0.050680 0.038260 0.040900 
0.069580 0.058540 0.064720 0.010490 0.029920 
  10
0.546963 0.014987 0.046210 
0.403179 0.969377 0.462022 
0.049920 0.015630 0.491768 
0.126573 0.010527 0.055013 0.072517 0.029864 
0.048902 0.027049 0.041746 0.067949 0.065883 
0.020963 0.051837 0.036773 0.054036 0.064473 
0.066251 0.061745 0.052040 0.011336 0.034524 
0.087130 0.033470 0.046870 0.049530 0.039770 
0.088610 0.033620 0.036890 0.080480 0.085360 
0.014750 0.040430 0.050680 0.038260 0.040900 
0.069580 0.058540 0.064720 0.010490 0.029920 
  11
0.547644 0.014982 0.046210 
0.402436 0.969387 0.462022 
0.049920 0.015630 0.491768 
0.100755 0.014965 0.035570 0.047980 0.045868 
0.036571 0.030638 0.064948 0.049343 0.108992 
0.040138 0.035224 0.032058 0.037704 0.048985 
0.059167 0.061189 0.081295 0.016566 0.052045 
0.087130 0.033470 0.046870 0.049530 0.039770 
0.088610 0.033620 0.036890 0.080480 0.085360 
0.014750 0.040430 0.050680 0.038260 0.040900 
0.069580 0.058540 0.064720 0.010490 0.029920 
  12
0.418517 0.014982 0.046210 
0.531563 0.969387 0.462022 
0.057322 0.015112 0.491768 
0.044504 0.011221 0.010890 0.018522 0.058899 
0.014679 0.012044 0.106646 0.020266 0.307418 
0.149096 0.013254 0.014996 0.016534 0.020917 
0.022326 0.030360 0.091141 0.010024 0.026262 
0.087130 0.033470 0.046870 0.049530 0.039770 
0.088610 0.033620 0.036890 0.080480 0.085360 
0.014750 0.040430 0.050680 0.038260 0.040900 
0.069580 0.058540 0.064720 0.010490 0.029920 
  13
0.480572 0.014485 0.046210 
0.462106 0.970403 0.462022 
0.057322 0.015112 0.491768 
0.072104 0.012138 0.037204 0.046345 0.019144 
0.036292 0.015738 0.036954 0.043730 0.047777 
0.015470 0.038281 0.028967 0.029566 0.035911 
0.096892 0.307075 0.055402 0.006499 0.018511 
0.087130 0.033470 0.046870 0.049530 0.039770 
0.088610 0.033620 0.036890 0.080480 0.085360 
0.014750 0.040430 0.050680 0.038260 0.040900 
0.069580 0.058540 0.064720 0.010490 0.029920 
  14
0.479840 0.014485 0.046210 
0.462838 0.970403 0.462022 
0.057364 0.015109 0.491768 
0.045820 0.006168 0.036414 0.057799 0.014806 
0.034464 0.022794 0.021866 0.110734 0.039394 
0.012229 0.035945 0.026921 0.046325 0.353809 
0.042795 0.039363 0.028428 0.006355 0.017570 
0.087130 0.033470 0.046870 0.049530 0.039770 
0.088610 0.033620 0.036890 0.080480 0.085360 
0.014750 0.040430 0.050680 0.038260 0.040900 
0.069580 0.058540 0.064720 0.010490 0.029920 
  15
0.480192 0.014483 0.046210 
0.462445 0.970408 0.462022 
0.057364 0.015109 0.491768 
0.054054 0.006523 0.188092 0.078893 0.012009 
0.179871 0.024827 0.011280 0.058263 0.022462 
0.007489 0.075028 0.037395 0.039972 0.043499 
0.073627 0.047109 0.017481 0.005645 0.016481 
0.087130 0.033470 0.046870 0.049530 0.039770 
0.088610 0.033620 0.036890 0.080480 0.085360 
0.014750 0.040430 0.050680 0.038260 0.040900 
0.069580 0.058540 0.064720 0.010490 0.029920 
  16
0.480192 0.014483 0.046210 
0.462445 0.970408 0.462022 
0.057364 0.015109 0.491768 
0.046246 0.011392 0.011333 0.019447 0.055084 
0.014806 0.011638 0.105384 0.021118 0.396151 
0.056744 0.013239 0.015172 0.016783 0.021198 
0.022377 0.033252 0.094329 0.009431 0.024877 
0.087130 0.033470 0.046870 0.049530 0.039770 
0.088610 0.033620 0.036890 0.080480 0.085360 
0.014750 0.040430 0.050680 0.038260 0.040900 
0.069580 0.058540 0.064720 0.010490 0.029920 
  17
0.479472 0.014483 0.046210 
0.463164 0.970408 0.462022 
0.057405 0.015107 0.491768 
0.084420 0.007090 0.132193 0.076984 0.014441 
0.171475 0.027913 0.014120 0.062579 0.027307 
0.009051 0.072388 0.039065 0.042376 0.047684 
0.076373 0.048098 0.021056 0.006580 0.018804 
0.087130 0.033470 0.046870 0.049530 0.039770 
0.088610 0.033620 0.036890 0.080480 0.085360 
0.014750 0.040430 0.050680 0.038260 0.040900 
0.069580 0.058540 0.064720 0.010490 0.029920 
  18
0.479817 0.014481 0.046210 
0.462778 0.970413 0.462022 
0.057405 0.015107 0.491768 
0.025843 0.007149 0.013190 0.016509 0.076793 
0.018522 0.015326 0.027779 0.016326 0.055147 
0.013570 0.013905 0.011975 0.012640 0.019077 
0.020609 0.019672 0.029561 0.516410 0.069998 
0.087130 0.033470 0.046870 0.049530 0.039770 
0.088610 0.033620 0.036890 0.080480 0.085360 
0.014750 0.040430 0.050680 0.038260 0.040900 
0.069580 0.058540 0.064720 0.010490 0.029920 
  19
0.479817 0.014481 0.046210 
0.462778 0.970413 0.462022 
0.057405 0.015107 0.491768 
0.058907 0.004516 0.134398 0.245351 0.010411 
0.041460 0.019452 0.016072 0.079128 0.027801 
0.009162 0.048813 0.032804 0.060538 0.052741 
0.059857 0.056116 0.024924 0.004427 0.013124 
0.087130 0.033470 0.046870 0.049530 0.039770 
0.088610 0.033620 0.036890 0.080480 0.085360 
0.014750 0.040430 0.050680 0.038260 0.040900 
0.069580 0.058540 0.064720 0.010490 0.029920 
  20
0.479817 0.014481 0.046210 
0.462778 0.970413 0.462022 
0.057405 0.015107 0.491768 
0.064609 0.012328 0.041217 0.049424 0.055124 
0.042767 0.026051 0.051516 0.048424 0.079727 
0.024645 0.041414 0.075201 0.036126 0.045391 
0.059964 0.130560 0.062447 0.013542 0.039524 
0.087130 0.033470 0.046870 0.049530 0.039770 
0.088610 0.033620 0.036890 0.080480 0.085360 
0.014750 0.040430 0.050680 0.038260 0.040900 
0.069580 0.058540 0.064720 0.010490 0.029920 
  21
0.479817 0.014481 0.046210 
0.462778 0.970413 0.462022 
0.057405 0.015107 0.491768 
0.063242 0.010299 0.049427 0.053303 0.015950 
0.043822 0.018217 0.023960 0.049326 0.035548 
0.012411 0.048549 0.031164 0.033068 0.038260 
0.199246 0.213895 0.036805 0.006118 0.017391 
0.087130 0.033470 0.046870 0.049530 0.039770 
0.088610 0.033620 0.036890 0.080480 0.085360 
0.014750 0.040430 0.050680 0.038260 0.040900 
0.069580 0.058540 0.064720 0.010490 0.029920 
  22
0.479817 0.014481 0.046210 
0.462778 0.970413 0.462022 
0.057405 0.015107 0.491768 
0.033233 0.010193 0.017650 0.020838 0.116328 
0.021199 0.031475 0.036049 0.021988 0.065706 
0.016666 0.020158 0.015371 0.015744 0.022387 
0.026656 0.024786 0.038712 0.034198 0.410662 
0.087130 0.033470 0.046870 0.049530 0.039770 
0.088610 0.033620 0.036890 0.080480 0.085360 
0.014750 0.040430 0.050680 0.038260 0.040900 
0.069580 0.058540 0.064720 0.010490 0.029920 
  23
0.479817 0.014481 0.046210 
0.462778 0.970413 0.462022 
0.057405 0.015107 0.491768 
0.074787 0.006479 0.061008 0.117215 0.016894 
0.036420 0.021650 0.027008 0.086978 0.044926 
0.014794 0.042511 0.032367 0.173926 0.066429 
0.058012 0.051213 0.042193 0.006650 0.018539 
0.087130 0.033470 0.046870 0.049530 0.039770 
0.088610 0.033620 0.036890 0.080480 0.085360 
0.014750 0.040430 0.050680 0.038260 0.040900 
0.069580 0.058540 0.064720 0.010490 0.029920 
  24
0.479817 0.014481 0.046210 
0.462778 0.970413 0.462022 
0.057405 0.015107 0.491768 
0.063600 0.006882 0.095366 0.083036 0.016300 
0.057965 0.025710 0.019851 0.093290 0.035319 
0.011298 0.059575 0.130868 0.047649 0.054612 
0.084480 0.059385 0.028219 0.006942 0.019653 
0.087130 0.033470 0.046870 0.049530 0.039770 
0.088610 0.033620 0.036890 0.080480 0.085360 
0.014750 0.040430 0.050680 0.038260 0.040900 
0.069580 0.058540 0.064720 0.010490 0.029920 
  25
0.479817 0.014481 0.046210 
0.462778 0.970413 0.462022 
0.057405 0.015107 0.491768 
0.063678 0.011772 0.034569 0.059388 0.037487 
0.033349 0.030546 0.054047 0.084650 0.084742 
0.099009 0.034468 0.030795 0.041377 0.077972 
0.051127 0.054099 0.066423 0.013626 0.036875 
0.087130 0.033470 0.046870 0.049530 0.039770 
0.088610 0.033620 0.036890 0.080480 0.085360 
0.014750 0.040430 0.050680 0.038260 0.040900 
0.069580 0.058540 0.064720 0.010490 0.029920 
  26
0.479817 0.014481 0.046210 
0.462778 0.970413 0.462022 
0.057405 0.015107 0.491768 
0.059106 0.004859 0.178156 0.165280 0.010508 
0.049661 0.021768 0.014128 0.105143 0.025770 
0.008535 0.057208 0.034930 0.054847 0.054421 
0.067585 0.046979 0.022424 0.004709 0.013981 
0.087130 0.033470 0.046870 0.049530 0.039770 
0.088610 0.033620 0.036890 0.080480 0.085360 
0.014750 0.040430 0.050680 0.038260 0.040900 
0.069580 0.058540 0.064720 0.010490 0.029920 
  27
0.479817 0.014481 0.046210 
0.462778 0.970413 0.462022 
0.057405 0.015107 0.491768 
0.067502 0.005100 0.132963 0.133472 0.011472 
0.048500 0.022144 0.016812 0.149851 0.029799 
0.009779 0.054385 0.035080 0.058800 0.060539 
0.066111 0.051440 0.026492 0.005005 0.014754 
0.087130 0.033470 0.046870 0.049530 0.039770 
0.088610 0.033620 0.036890 0.080480 0.085360 
0.014750 0.040430 0.050680 0.038260 0.040900 
0.069580 0.058540 0.064720 0.010490 0.029920 
  28
0.479817 0.014481 0.046210 
0.462778 0.970413 0.462022 
0.057405 0.015107 0.491768 
0.111314 0.019519 0.012608 0.023011 0.033080 
0.017656 0.011820 0.154335 0.022654 0.122845 
0.027612 0.014225 0.018659 0.017320 0.021942 
0.027504 0.050587 0.263373 0.008003 0.021935 
0.087130 0.033470 0.046870 0.049530 0.039770 
0.088610 0.033620 0.036890 0.080480 0.085360 
0.014750 0.040430 0.050680 0.038260 0.040900 
0.069580 0.058540 0.064720 0.010490 0.029920 
  29
0.479817 0.014481 0.046210 
0.462778 0.970413 0.462022 
0.057405 0.015107 0.491768 
0.038944 0.012144 0.016653 0.022692 0.285207 
0.020917 0.035358 0.045088 0.024396 0.081227 
0.021522 0.021610 0.016540 0.018349 0.025696 
0.029798 0.030584 0.048614 0.033172 0.171487 
0.087130 0.033470 0.046870 0.049530 0.039770 
0.088610 0.033620 0.036890 0.080480 0.085360 
0.014750 0.040430 0.050680 0.038260 0.040900 
0.069580 0.058540 0.064720 0.010490 0.029920 
  30
0.479817 0.014481 0.046210 
0.462778 0.970413 0.462022 
0.057405 0.015107 0.491768 
0.049144 0.004829 0.031017 0.036384 0.009834 
0.032543 0.010641 0.016752 0.033389 0.028776 
0.006338 0.020704 0.565013 0.019405 0.024720 
0.042835 0.028774 0.025740 0.003307 0.009855 
0.087130 0.033470 0.046870 0.049530 0.039770 
0.088610 0.033620 0.036890 0.080480 0.085360 
0.014750 0.040430 0.050680 0.038260 0.040900 
0.069580 0.058540 0.064720 0.010490 0.029920 
  31
0.479817 0.087842 0.046210 
0.462778 0.897051 0.462022 
0.043213 0.016303 0.491768 
0.068823 0.009816 0.075192 0.089641 0.027817 
0.056770 0.041895 0.035903 0.077111 0.058888 
0.018732 0.057367 0.043788 0.057534 0.063480 
0.071369 0.058545 0.045989 0.010687 0.030653 
0.087130 0.033470 0.046870 0.049530 0.039770 
0.088610 0.033620 0.036890 0.080480 0.085360 
0.014750 0.040430 0.050680 0.038260 0.040900 
0.069580 0.058540 0.064720 0.010490 0.029920 
  32
0.608420 0.029470 0.046210 
0.348367 0.954228 0.462022 
0.041423 0.016532 0.491768 
0.082161 0.013468 0.057550 0.073994 0.033103 
0.060405 0.024191 0.050797 0.065819 0.077701 
0.021541 0.045476 0.053513 0.042849 0.056323 
0.068515 0.062511 0.065897 0.011345 0.032840 
0.087130 0.033470 0.046870 0.049530 0.039770 
0.088610 0.033620 0.036890 0.080480 0.085360 
0.014750 0.040430 0.050680 0.038260 0.040900 
0.069580 0.058540 0.064720 0.010490 0.029920 
  33
0.387663 0.016367 0.046210 
0.570914 0.967101 0.462022 
0.054179 0.015310 0.491768 
0.050357 0.013806 0.021225 0.030269 0.113187 
0.026104 0.033407 0.052545 0.032086 0.095541 
0.027750 0.026867 0.022073 0.025856 0.033988 
0.038452 0.041734 0.060274 0.026625 0.227856 
0.087130 0.033470 0.046870 0.049530 0.039770 
0.088610 0.033620 0.036890 0.080480 0.085360 
0.014750 0.040430 0.050680 0.038260 0.040900 
0.069580 0.058540 0.064720 0.010490 0.029920 
  34
0.454859 0.014676 0.046210 
0.490963 0.970014 0.462022 
0.057283 0.015114 0.491768 
0.067722 0.005778 0.155963 0.169909 0.014916 
0.041004 0.020757 0.026499 0.080455 0.039454 
0.014310 0.046975 0.033071 0.055389 0.055776 
0.062068 0.051962 0.035012 0.005974 0.017004 
0.087130 0.033470 0.046870 0.049530 0.039770 
0.088610 0.033620 0.036890 0.080480 0.085360 
0.014750 0.040430 0.050680 0.038260 0.040900 
0.069580 0.058540 0.064720 0.010490 0.029920 
  35
0.478797 0.014488 0.046210 
0.463919 0.970398 0.462022 
0.057405 0.015107 0.491768 
0.067239 0.006180 0.077054 0.121615 0.015077 
0.053137 0.029226 0.021424 0.120475 0.037005 
0.012013 0.055416 0.034673 0.061861 0.103063 
0.069501 0.059547 0.031071 0.006328 0.018093 
0.087130 0.033470 0.046870 0.049530 0.039770 
0.088610 0.033620 0.036890 0.080480 0.085360 
0.014750 0.040430 0.050680 0.038260 0.040900 
0.069580 0.058540 0.064720 0.010490 0.029920 
  36
0.479817 0.014481 0.046210 
0.462778 0.970413 0.462022 
0.057405 0.015107 0.491768 
0.044548 0.012678 0.018183 0.025689 0.217530 
0.022658 0.036054 0.042417 0.026973 0.074191 
0.021723 0.023373 0.018275 0.020542 0.028969 
0.033774 0.034593 0.048875 0.029725 0.219232 
0.087130 0.033470 0.046870 0.049530 0.039770 
0.088610 0.033620 0.036890 0.080480 0.085360 
0.014750 0.040430 0.050680 0.038260 0.040900 
0.069580 0.058540 0.064720 0.010490 0.029920 
  37
0.479817 0.014481 0.046210 
0.462778 0.970413 0.462022 
0.057405 0.015107 0.491768 
0.058282 0.005170 0.097463 0.295306 0.013150 
0.038764 0.019336 0.019033 0.075906 0.032583 
0.011191 0.042769 0.033915 0.057013 0.052873 
0.054292 0.044317 0.028802 0.005051 0.014784 
0.087130 0.033470 0.046870 0.049530 0.039770 
0.088610 0.033620 0.036890 0.080480 0.085360 
0.014750 0.040430 0.050680 0.038260 0.040900 
0.069580 0.058540 0.064720 0.010490 0.029920 
  38
0.479817 0.014481 0.046210 
0.462778 0.970413 0.462022 
0.057405 0.015107 0.491768 
0.050448 0.005451 0.036213 0.025748 0.007228 
0.636772 0.010840 0.007484 0.025278 0.013567 
0.004598 0.034790 0.019152 0.015725 0.020211 
0.041215 0.020389 0.012673 0.003382 0.008835 
0.087130 0.033470 0.046870 0.049530 0.039770 
0.088610 0.033620 0.036890 0.080480 0.085360 
0.014750 0.040430 0.050680 0.038260 0.040900 
0.069580 0.058540 0.064720 0.010490 0.029920 
  39
0.479817 0.014481 0.046210 
0.462778 0.970413 0.462022 
0.057405 0.015107 0.491768 
0.045714 0.011677 0.008924 0.014559 0.041708 
0.011557 0.007958 0.364468 0.015918 0.155390 
0.029490 0.009623 0.013586 0.011577 0.015375 
0.017775 0.030090 0.167272 0.007235 0.020105 
0.087130 0.033470 0.046870 0.049530 0.039770 
0.088610 0.033620 0.036890 0.080480 0.085360 
0.014750 0.040430 0.050680 0.038260 0.040900 
0.069580 0.058540 0.064720 0.010490 0.029920 
  40
0.479817 0.014481 0.046210 
0.462778 0.970413 0.462022 
0.057405 0.015107 0.491768 
0.056771 0.006595 0.049668 0.083788 0.015898 
0.035912 0.023524 0.026566 0.247528 0.043155 
0.013605 0.042165 0.035245 0.054026 0.100670 
0.054344 0.047750 0.038393 0.006209 0.018186 
0.087130 0.033470 0.046870 0.049530 0.039770 
0.088610 0.033620 0.036890 0.080480 0.085360 
0.014750 0.040430 0.050680 0.038260 0.040900 
0.069580 0.058540 0.064720 0.010490 0.029920 
  41
0.479817 0.014481 0.046210 
0.462778 0.970413 0.462022 
0.057405 0.015107 0.491768 
0.069382 0.016403 0.012454 0.022002 0.042680 
0.017529 0.011982 0.274813 0.022629 0.158481 
0.036351 0.014174 0.018076 0.017258 0.022272 
0.026352 0.043824 0.140350 0.008872 0.024114 
0.087130 0.033470 0.046870 0.049530 0.039770 
0.088610 0.033620 0.036890 0.080480 0.085360 
0.014750 0.040430 0.050680 0.038260 0.040900 
0.069580 0.058540 0.064720 0.010490 0.029920 
  42
0.479817 0.014481 0.046210 
0.462778 0.970413 0.462022 
0.057405 0.015107 0.491768 
0.060309 0.009594 0.057637 0.069346 0.026906 
0.050424 0.112704 0.033621 0.064388 0.055049 
0.017714 0.052030 0.035557 0.043206 0.054544 
0.066802 0.107698 0.042785 0.010339 0.029347 
0.087130 0.033470 0.046870 0.049530 0.039770 
0.088610 0.033620 0.036890 0.080480 0.085360 
0.014750 0.040430 0.050680 0.038260 0.040900 
0.069580 0.058540 0.064720 0.010490 0.029920 
  43
0.479817 0.014481 0.046210 
0.462778 0.970413 0.462022 
0.057405 0.015107 0.491768 
0.049617 0.005455 0.321803 0.116035 0.010169 
0.053985 0.020140 0.012562 0.056424 0.021758 
0.007165 0.072265 0.034077 0.040917 0.037557 
0.061910 0.041634 0.018266 0.004490 0.013770 
0.087130 0.033470 0.046870 0.049530 0.039770 
0.088610 0.033620 0.036890 0.080480 0.085360 
0.014750 0.040430 0.050680 0.038260 0.040900 
0.069580 0.058540 0.064720 0.010490 0.029920 
  44
0.479817 0.014481 0.046210 
0.462778 0.970413 0.462022 
0.057405 0.015107 0.491768 
0.020479 0.005066 0.010505 0.013196 0.069767 
0.015537 0.012324 0.022251 0.012857 0.046412 
0.011074 0.010870 0.009575 0.009750 0.016263 
0.016559 0.015638 0.023415 0.596216 0.062249 
0.087130 0.033470 0.046870 0.049530 0.039770 
0.088610 0.033620 0.036890 0.080480 0.085360 
0.014750 0.040430 0.050680 0.038260 0.040900 
0.069580 0.058540 0.064720 0.010490 0.029920 
  45
0.479817 0.014481 0.046210 
0.462778 0.970413 0.462022 
0.057405 0.015107 0.491768 
0.053075 0.006192 0.229915 0.102936 0.012244 
0.061634 0.024418 0.013038 0.063188 0.025035 
0.008187 0.077631 0.036808 0.044133 0.045517 
0.106153 0.047790 0.019692 0.005957 0.016457 
0.087130 0.033470 0.046870 0.049530 0.039770 
0.088610 0.033620 0.036890 0.080480 0.085360 
0.014750 0.040430 0.050680 0.038260 0.040900 
0.069580 0.058540 0.064720 0.010490 0.029920 
  46
0.479817 0.014481 0.046210 
0.462778 0.970413 0.462022 
0.057405 0.015107 0.491768 
0.062442 0.005988 0.059575 0.090322 0.014249 
0.050046 0.023256 0.021550 0.226989 0.037715 
0.012120 0.048744 0.033317 0.063503 0.087231 
0.060015 0.049518 0.030413 0.005877 0.017131 
0.087130 0.033470 0.046870 0.049530 0.039770 
0.088610 0.033620 0.036890 0.080480 0.085360 
0.014750 0.040430 0.050680 0.038260 0.040900 
0.069580 0.058540 0.064720 0.010490 0.029920 
  47
0.479817 0.014481 0.046210 
0.462778 0.970413 0.462022 
0.057405 0.015107 0.491768 
0.021298 0.005613 0.009773 0.013031 0.088749 
0.013260 0.014034 0.025244 0.012972 0.051836 
0.012522 0.011024 0.009615 0.009927 0.016342 
0.016967 0.016601 0.026304 0.548024 0.076863 
0.087130 0.033470 0.046870 0.049530 0.039770 
0.088610 0.033620 0.036890 0.080480 0.085360 
0.014750 0.040430 0.050680 0.038260 0.040900 
0.069580 0.058540 0.064720 0.010490 0.029920 
  48
0.479817 0.014481 0.046210 
0.462778 0.970413 0.462022 
0.057405 0.015107 0.491768 
0.062548 0.005376 0.080245 0.246418 0.014527 
0.030967 0.018282 0.025834 0.086631 0.041080 
0.013286 0.038603 0.031588 0.065774 0.059212 
0.054021 0.049247 0.055018 0.005539 0.015802 
0.087130 0.033470 0.046870 0.049530 0.039770 
0.088610 0.033620 0.036890 0.080480 0.085360 
0.014750 0.040430 0.050680 0.038260 0.040900 
0.069580 0.058540 0.064720 0.010490 0.029920 
  49
0.479817 0.014481 0.046210 
0.462778 0.970413 0.462022 
0.057405 0.015107 0.491768 
0.045078 0.005105 0.357423 0.120949 0.009219 
0.051044 0.018781 0.010994 0.051076 0.019760 
0.006522 0.069668 0.032297 0.038805 0.034153 
0.058138 0.037559 0.016646 0.004116 0.012667 
0.087130 0.033470 0.046870 0.049530 0.039770 
0.088610 0.033620 0.036890 0.080480 0.085360 
0.014750 0.040430 0.050680 0.038260 0.040900 
0.069580 0.058540 0.064720 0.010490 0.029920 
  50
0.479817 0.014481 0.046210 
0.462778 0.970413 0.462022 
0.057405 0.015107 0.491768 
0.049092 0.004999 0.030336 0.035454 0.010542 
0.032282 0.010911 0.017040 0.032155 0.029222 
0.006340 0.020130 0.569416 0.018863 0.023656 
0.041800 0.028300 0.026000 0.003417 0.010044 
0.087130 0.033470 0.046870 0.049530 0.039770 
0.088610 0.033620 0.036890 0.080480 0.085360 
0.014750 0.040430 0.050680 0.038260 0.040900 
0.069580 0.058540 0.064720 0.010490 0.029920 
  51
0.479817 0.014481 0.046210 
0.462778 0.970413 0.462022 
0.057405 0.015107 0.491768 
0.031014 0.009301 0.010945 0.014839 0.401869 
0.014488 0.019228 0.054750 0.015361 0.110134 
0.023848 0.013171 0.013056 0.012181 0.016465 
0.020422 0.021327 0.051389 0.034132 0.112080 
0.087130 0.033470 0.046870 0.049530 0.039770 
0.088610 0.033620 0.036890 0.080480 0.085360 
0.014750 0.040430 0.050680 0.038260 0.040900 
0.069580 0.058540 0.064720 0.010490 0.029920 
  52
0.479817 0.014481 0.046210 
0.462778 0.970413 0.462022 
0.057405 0.015107 0.491768 
0.047281 0.006135 0.038114 0.061567 0.014434 
0.035136 0.023383 0.021986 0.125038 0.040103 
0.012595 0.037952 0.027924 0.049698 0.321916 
0.044567 0.040002 0.028681 0.005945 0.017544 
0.087130 0.033470 0.046870 0.049530 0.039770 
0.088610 0.033620 0.036890 0.080480 0.085360 
0.014750 0.040430 0.050680 0.038260 0.040900 
0.069580 0.058540 0.064720 0.010490 0.029920 
  53
0.479817 0.014481 0.046210 
0.462778 0.970413 0.462022 
0.057405 0.015107 0.491768 
0.045809 0.011317 0.011569 0.019929 0.054523 
0.015035 0.012114 0.104597 0.021705 0.391937 
0.061748 0.013640 0.015463 0.018102 0.021919 
0.022904 0.031842 0.091572 0.009454 0.024821 
0.087130 0.033470 0.046870 0.049530 0.039770 
0.088610 0.033620 0.036890 0.080480 0.085360 
0.014750 0.040430 0.050680 0.038260 0.040900 
0.069580 0.058540 0.064720 0.010490 0.029920 
  54
0.479817 0.014481 0.046210 
0.462778 0.970413 0.462022 
0.057405 0.015107 0.491768 
0.064662 0.011805 0.038497 0.044302 0.017399 
0.036584 0.015357 0.032668 0.041855 0.042099 
0.013431 0.039731 0.028866 0.028137 0.034217 
0.104338 0.332927 0.049699 0.006096 0.017330 
0.087130 0.033470 0.046870 0.049530 0.039770 
0.088610 0.033620 0.036890 0.080480 0.085360 
0.014750 0.040430 0.050680 0.038260 0.040900 
0.069580 0.058540 0.064720 0.010490 0.029920 
  55
0.479817 0.014481 0.046210 
0.462778 0.970413 0.462022 
0.057405 0.015107 0.491768 
0.052334 0.011672 0.017355 0.027766 0.059228 
0.021553 0.016263 0.084590 0.028842 0.163799 
0.222662 0.018816 0.019138 0.023590 0.029164 
0.031144 0.035998 0.082345 0.013502 0.040240 
0.087130 0.033470 0.046870 0.049530 0.039770 
0.088610 0.033620 0.036890 0.080480 0.085360 
0.014750 0.040430 0.050680 0.038260 0.040900 
0.069580 0.058540 0.064720 0.010490 0.029920 
  56
0.479817 0.014481 0.046210 
0.462778 0.970413 0.462022 
0.057405 0.015107 0.491768 
0.049228 0.005363 0.313759 0.120487 0.010242 
0.053735 0.020279 0.012172 0.056597 0.021936 
0.007200 0.067849 0.039276 0.041951 0.040292 
0.061948 0.040941 0.018409 0.004550 0.013788 
0.087130 0.033470 0.046870 0.049530 0.039770 
0.088610 0.033620 0.036890 0.080480 0.085360 
0.014750 0.040430 0.050680 0.038260 0.040900 
0.069580 0.058540 0.064720 0.010490 0.029920 
  57
0.479817 0.014481 0.046210 
0.462778 0.970413 0.462022 
0.057405 0.015107 0.491768 
0.250348 0.013151 0.046645 0.065744 0.019662 
0.056075 0.018859 0.030104 0.053432 0.046364 
0.015251 0.039727 0.034729 0.036703 0.041964 
0.091463 0.065292 0.047169 0.007191 0.020128 
0.087130 0.033470 0.046870 0.049530 0.039770 
0.088610 0.033620 0.036890 0.080480 0.085360 
0.014750 0.040430 0.050680 0.038260 0.040900 
0.069580 0.058540 0.064720 0.010490 0.029920 
  58
0.479817 0.014481 0.046210 
0.462778 0.970413 0.462022 
0.057405 0.015107 0.491768 
0.029010 0.008903 0.016097 0.018576 0.101632 
0.018974 0.028192 0.030264 0.019356 0.056565 
0.014389 0.018040 0.013311 0.013957 0.019826 
0.023444 0.021584 0.033207 0.030439 0.484231 
0.087130 0.033470 0.046870 0.049530 0.039770 
0.088610 0.033620 0.036890 0.080480 0.085360 
0.014750 0.040430 0.050680 0.038260 0.040900 
0.069580 0.058540 0.064720 0.010490 0.029920 
  59
0.479817 0.014481 0.046210 
0.462778 0.970413 0.462022 
0.057405 0.015107 0.491768 
0.029955 0.007302 0.014109 0.018506 0.080363 
0.018618 0.016047 0.034066 0.018450 0.064406 
0.015961 0.015034 0.013867 0.014311 0.020900 
0.023064 0.022848 0.042863 0.459351 0.069978 
0.087130 0.033470 0.046870 0.049530 0.039770 
0.088610 0.033620 0.036890 0.080480 0.085360 
0.014750 0.040430 0.050680 0.038260 0.040900 
0.069580 0.058540 0.064720 0.010490 0.029920 
  60
0.479817 0.014481 0.046210 
0.462778 0.970413 0.462022 
0.057405 0.015107 0.491768 
0.053852 0.005679 0.050673 0.082168 0.013244 
0.038165 0.023002 0.021002 0.281896 0.037374 
0.012188 0.042337 0.031833 0.054148 0.102683 
0.053595 0.045098 0.029377 0.005334 0.016352 
0.087130 0.033470 0.046870 0.049530 0.039770 
0.088610 0.033620 0.036890 0.080480 0.085360 
0.014750 0.040430 0.050680 0.038260 0.040900 
0.069580 0.058540 0.064720 0.010490 0.029920 
  61
0.479817 0.014481 0.046210 
0.462778 0.970413 0.462022 
0.057405 0.015107 0.491768 
0.039659 0.012408 0.017821 0.024011 0.127415 
0.021929 0.037473 0.042532 0.025832 0.069086 
0.019764 0.023915 0.017264 0.019153 0.027044 
0.031437 0.031837 0.047273 0.030857 0.333290 
0.087130 0.033470 0.046870 0.049530 0.039770 
0.088610 0.033620 0.036890 0.080480 0.085360 
0.014750 0.040430 0.050680 0.038260 0.040900 
0.069580 0.058540 0.064720 0.010490 0.029920 
  62
0.479817 0.014481 0.046210 
0.462778 0.970413 0.462022 
0.057405 0.015107 0.491768 
0.050557 0.006348 0.051798 0.081737 0.014930 
0.036359 0.023682 0.020793 0.070598 0.038434 
0.013032 0.036891 0.027936 0.329742 0.058255 
0.046451 0.040264 0.029346 0.006005 0.016843 
0.087130 0.033470 0.046870 0.049530 0.039770 
0.088610 0.033620 0.036890 0.080480 0.085360 
0.014750 0.040430 0.050680 0.038260 0.040900 
0.069580 0.058540 0.064720 0.010490 0.029920 
  63
0.479817 0.014481 0.046210 
0.462778 0.970413 0.462022 
0.057405 0.015107 0.491768 
0.206274 0.013496 0.049280 0.051010 0.017097 
0.169991 0.020022 0.020760 0.046191 0.036107 
0.012435 0.044351 0.034460 0.031754 0.040891 
0.096898 0.047314 0.036323 0.006643 0.018703 
0.087130 0.033470 0.046870 0.049530 0.039770 
0.088610 0.033620 0.036890 0.080480 0.085360 
0.014750 0.040430 0.050680 0.038260 0.040900 
0.069580 0.058540 0.064720 0.010490 0.029920 
  64
0.479817 0.014481 0.046210 
0.462778 0.970413 0.462022 
0.057405 0.015107 0.491768 
0.057538 0.004831 0.104867 0.310670 0.011088 
0.038960 0.018102 0.017524 0.074028 0.029822 
0.009917 0.042021 0.034139 0.055258 0.050404 
0.052670 0.043257 0.026848 0.004606 0.013450 
0.087130 0.033470 0.046870 0.049530 0.039770 
0.088610 0.033620 0.036890 0.080480 0.085360 
0.014750 0.040430 0.050680 0.038260 0.040900 
0.069580 0.058540 0.064720 0.010490 0.029920 
  65
0.479817 0.014481 0.046210 
0.462778 0.970413 0.462022 
0.057405 0.015107 0.491768 
0.047333 0.005161 0.045053 0.070949 0.011724 
0.035985 0.019309 0.018811 0.368727 0.033424 
0.010363 0.037125 0.028881 0.046956 0.090562 
0.045163 0.039188 0.026148 0.004726 0.014413 
0.087130 0.033470 0.046870 0.049530 0.039770 
0.088610 0.033620 0.036890 0.080480 0.085360 
0.014750 0.040430 0.050680 0.038260 0.040900 
0.069580 0.058540 0.064720 0.010490 0.029920 
  66
0.479817 0.014481 0.046210 
0.462778 0.970413 0.462022 
0.057405 0.015107 0.491768 
0.055320 0.004351 0.112287 0.326339 0.010195 
0.037131 0.017294 0.016212 0.072343 0.027597 
0.009180 0.041840 0.032889 0.053857 0.048371 
0.051630 0.041549 0.024940 0.004184 0.012491 
0.087130 0.033470 0.046870 0.049530 0.039770 
0.088610 0.033620 0.036890 0.080480 0.085360 
0.014750 0.040430 0.050680 0.038260 0.040900 
0.069580 0.058540 0.064720 0.010490 0.029920 
  67
0.479817 0.014481 0.046210 
0.462778 0.970413 0.462022 
0.057405 0.015107 0.491768 
0.054443 0.005310 0.046491 0.080460 0.012032 
0.033989 0.022545 0.020517 0.237113 0.036954 
0.011687 0.041227 0.028124 0.055784 0.169846 
0.051053 0.044045 0.028444 0.004917 0.015018 
0.087130 0.033470 0.046870 0.049530 0.039770 
0.088610 0.033620 0.036890 0.080480 0.085360 
0.014750 0.040430 0.050680 0.038260 0.040900 
0.069580 0.058540 0.064720 0.010490 0.029920 
  68
0.479817 0.014481 0.046210 
0.462778 0.970413 0.462022 
0.057405 0.015107 0.491768 
0.054545 0.005921 0.053293 0.080148 0.013345 
0.047791 0.022352 0.020636 0.275578 0.036649 
0.011568 0.044313 0.033797 0.052190 0.097185 
0.054226 0.045621 0.028967 0.005427 0.016449 
0.087130 0.033470 0.046870 0.049530 0.039770 
0.088610 0.033620 0.036890 0.080480 0.085360 
0.014750 0.040430 0.050680 0.038260 0.040900 
0.069580 0.058540 0.064720 0.010490 0.029920 
  69
0.479817 0.014481 0.046210 
0.462778 0.970413 0.462022 
0.057405 0.015107 0.491768 
0.049399 0.011397 0.011245 0.018487 0.060053 
0.014960 0.010777 0.099467 0.020152 0.420618 
0.044088 0.012641 0.016461 0.015531 0.019925 
0.021537 0.028866 0.088765 0.009736 0.025895 
0.087130 0.033470 0.046870 0.049530 0.039770 
0.088610 0.033620 0.036890 0.080480 0.085360 
0.014750 0.040430 0.050680 0.038260 0.040900 
0.069580 0.058540 0.064720 0.010490 0.029920 
  70
0.479817 0.014481 0.046210 
0.462778 0.970413 0.462022 
0.057405 0.015107 0.491768 
0.039579 0.011661 0.022863 0.026740 0.098899 
0.028103 0.035605 0.033290 0.028714 0.059083 
0.016669 0.025578 0.018596 0.019950 0.028146 
0.033006 0.030289 0.039541 0.033589 0.370100 
0.087130 0.033470 0.046870 0.049530 0.039770 
0.088610 0.033620 0.036890 0.080480 0.085360 
0.014750 0.040430 0.050680 0.038260 0.040900 
0.069580 0.058540 0.064720 0.010490 0.029920 
  71
0.479817 0.014481 0.046210 
0.462778 0.970413 0.462022 
0.057405 0.020185 0.486431 
0.380639 0.018501 0.029712 0.039628 0.016873 
0.070816 0.012382 0.031459 0.033987 0.043803 
0.013850 0.023802 0.031196 0.023605 0.027382 
0.077329 0.046556 0.057741 0.005273 0.015467 
0.087129 0.033470 0.046870 0.049530 0.039770 
0.088609 0.033620 0.036899 0.080479 0.085359 
0.014750 0.040430 0.050680 0.038260 0.040900 
0.069579 0.058539 0.064719 0.010490 0.029920 
  72
0.479817 0.014481 0.045709 
0.462778 0.965335 0.467861 
0.057405 0.015107 0.491768 
0.049954 0.012901 0.007652 0.013077 0.035224 
0.010632 0.007496 0.308118 0.014084 0.141383 
0.027177 0.008815 0.011964 0.010675 0.013777 
0.016695 0.032021 0.254811 0.006167 0.017376 
0.087130 0.033470 0.046870 0.049530 0.039770 
0.088610 0.033620 0.036890 0.080480 0.085360 
0.014750 0.040430 0.050680 0.038260 0.040900 
0.069580 0.058540 0.064720 0.010490 0.029920 
  73
0.479817 0.014481 0.046210 
0.462778 0.970413 0.462022 
0.057405 0.015107 0.491768 
0.065332 0.014623 0.030242 0.037220 0.089525 
0.028711 0.025016 0.138159 0.041242 0.120454 
0.033746 0.027132 0.028257 0.031958 0.042608 
0.045503 0.054335 0.084795 0.016749 0.044394 
0.087130 0.033470 0.046870 0.049530 0.039770 
0.088610 0.033620 0.036890 0.080480 0.085360 
0.014750 0.040430 0.050680 0.038260 0.040900 
0.069580 0.058540 0.064720 0.010490 0.029920 
  74
0.479817 0.014481 0.046210 
0.462778 0.970413 0.462022 
0.057405 0.015107 0.491768 
0.054884 0.005180 0.264414 0.145014 0.010440 
0.052160 0.021146 0.012424 0.062402 0.022838 
0.007587 0.063324 0.035291 0.046270 0.042706 
0.073398 0.042742 0.019129 0.004687 0.013966 
0.087130 0.033470 0.046870 0.049530 0.039770 
0.088610 0.033620 0.036890 0.080480 0.085360 
0.014750 0.040430 0.050680 0.038260 0.040900 
0.069580 0.058540 0.064720 0.010490 0.029920 
  75
0.479817 0.014481 0.046210 
0.462778 0.970413 0.462022 
0.057405 0.015107 0.491768 
0.296304 0.016918 0.032168 0.040720 0.036630 
0.057162 0.017386 0.042547 0.037135 0.060457 
0.018442 0.029297 0.031097 0.027000 0.032502 
0.076428 0.049915 0.064979 0.008573 0.024340 
0.087130 0.033470 0.046870 0.049530 0.039770 
0.088610 0.033620 0.036890 0.080480 0.085360 
0.014750 0.040430 0.050680 0.038260 0.040900 
0.069580 0.058540 0.064720 0.010490 0.029920 
  76
0.479817 0.014481 0.046210 
0.462778 0.970413 0.462022 
0.057405 0.015107 0.491768 
0.050215 0.012759 0.018300 0.027012 0.228918 
0.022982 0.026625 0.071037 0.028780 0.129431 
0.031471 0.022122 0.020846 0.022694 0.030317 
0.034131 0.038740 0.083168 0.020104 0.080348 
0.087130 0.033470 0.046870 0.049530 0.039770 
0.088610 0.033620 0.036890 0.080480 0.085360 
0.014750 0.040430 0.050680 0.038260 0.040900 
0.069580 0.058540 0.064720 0.010490 0.029920 
  77
0.479817 0.014481 0.046210 
0.462778 0.970413 0.462022 
0.057405 0.015107 0.491768 
0.135512 0.008541 0.058404 0.084551 0.022060 
0.046640 0.023771 0.031397 0.072319 0.050878 
0.016377 0.054409 0.034262 0.073578 0.055440 
0.081137 0.075857 0.042759 0.008578 0.023530 
0.087130 0.033470 0.046870 0.049530 0.039770 
0.088610 0.033620 0.036890 0.080480 0.085360 
0.014750 0.040430 0.050680 0.038260 0.040900 
0.069580 0.058540 0.064720 0.010490 0.029920 
  78
0.479817 0.014481 0.046210 
0.462778 0.970413 0.462022 
0.057405 0.015107 0.491768 
0.057347 0.006629 0.061783 0.094574 0.015955 
0.042663 0.025068 0.022566 0.085519 0.040566 
0.013875 0.055797 0.031412 0.209992 0.072824 
0.057611 0.048459 0.032059 0.006613 0.018685 
0.087130 0.033470 0.046870 0.049530 0.039770 
0.088610 0.033620 0.036890 0.080480 0.085360 
0.014750 0.040430 0.050680 0.038260 0.040900 
0.069580 0.058540 0.064720 0.010490 0.029920 
  79
0.479817 0.014481 0.046210 
0.462778 0.970413 0.462022 
0.057405 0.015107 0.491768 
0.050530 0.007397 0.103349 0.063029 0.013974 
0.074074 0.023527 0.015257 0.056597 0.027127 
0.008887 0.264875 0.033636 0.036244 0.043637 
0.079079 0.052322 0.022072 0.005991 0.018395 
0.087130 0.033470 0.046870 0.049530 0.039770 
0.088610 0.033620 0.036890 0.080480 0.085360 
0.014750 0.040430 0.050680 0.038260 0.040900 
0.069580 0.058540 0.064720 0.010490 0.029920 
  80
0.479817 0.014481 0.046210 
0.462778 0.970413 0.462022 
0.057405 0.078960 0.432140 
0.053615 0.007244 0.091867 0.069841 0.015020 
0.086374 0.026787 0.015677 0.064703 0.029184 
0.009608 0.224734 0.036973 0.043267 0.051097 
0.075071 0.050445 0.022400 0.006630 0.019461 
0.087141 0.033466 0.046865 0.049524 0.039766 
0.088692 0.033616 0.036886 0.080471 0.085350 
0.014748 0.040425 0.050674 0.038256 0.040895 
0.069572 0.058533 0.064713 0.010489 0.029917 
  81
0.479817 0.014481 0.040607 
0.462778 0.906559 0.527253 
0.057405 0.015107 0.491768 
0.062575 0.011199 0.050483 0.056460 0.050526 
0.075420 0.058035 0.043881 0.054750 0.070196 
0.023301 0.049163 0.034681 0.092865 0.049609 
0.063120 0.054150 0.052292 0.012767 0.034529 
0.087130 0.033470 0.046870 0.049530 0.039770 
0.088610 0.033620 0.036890 0.080480 0.085360 
0.014750 0.040430 0.050680 0.038260 0.040900 
0.069580 0.058540 0.064720 0.010490 0.029920 
  82
0.479817 0.014481 0.046210 
0.462778 0.970413 0.462022 
0.057405 0.015107 0.491768 
0.063683 0.014282 0.023345 0.037263 0.065298 
0.029202 0.047481 0.070765 0.039268 0.185849 
0.047752 0.027726 0.027856 0.035987 0.042510 
0.045405 0.053607 0.079587 0.016891 0.046242 
0.087130 0.033470 0.046870 0.049530 0.039770 
0.088610 0.033620 0.036890 0.080480 0.085360 
0.014750 0.040430 0.050680 0.038260 0.040900 
0.069580 0.058540 0.064720 0.010490 0.029920 
  83
0.479817 0.014481 0.046210 
0.462778 0.970413 0.462022 
0.057405 0.015107 0.491768 
0.058723 0.007397 0.082237 0.078987 0.016318 
