%  SAM: modelfromalign v3.5 (July 15, 2005) compiled 12/05/20_11:48:22
%  (c) 1992-2001 Regents of the University of California, Santa Cruz
%
%          Sequence Alignment and Modeling Software System
%         http://www.cse.ucsc.edu/research/compbio/sam.html
%
% ----------------- Citations (SAM, SAM-T2K, HMMs) --------------------
% R. Hughey, A. Krogh, Hidden Markov models for sequence analysis:
%  Extension and analysis of the basic method, CABIOS 12:95-107, 1996.
% K. Karplus, et al., What is the value added by human intervention in protein
%  structure prediction, Proteins: Stucture, Function, Genetics 45(S5):86--91, 2001.
% A. Krogh et al., Hidden Markov models in computational biology:
%  Applications to protein modeling, JMB 235:1501-1531, Feb 1994.
% ---------------------------------------------------------------------
%  trimmed-uniq   Host: gauntlet    Thu Feb 11 16:20:40 2021
%  dgpinheiro     Dir:  /data/GitHub/sfFinder/example/output/subfamily/TEST1/flowerpower/fp-workspace/iter3
% ---------------------------------------------------------------------
% Prior File:  Internal (Name: recode3.20comp) 
%   20 priors on 20 characters.
%  Alignment weights from internal calc.  Total (1.56) Max (0.00) Min (0.00)
%  Weights from alignment method 1 (karplus), b=0.500000, e=0.500000
MODEL --  Model from alignment file trimmed-uniq.a2m
alphabet protein
FREQAVE
0.000000 0.000000 0.000000 
0.000000 0.000000 0.000000 
0.000000 0.000000 0.000000 
0.073230 0.015714 0.056926 0.066542 0.049643 
0.061761 0.028615 0.052066 0.058197 0.085110 
0.025957 0.041843 0.045311 0.042474 0.052338 
0.059151 0.053804 0.060954 0.023471 0.046895 
0.073230 0.015714 0.056926 0.066542 0.049643 
0.061761 0.028615 0.052066 0.058197 0.085110 
0.025957 0.041843 0.045311 0.042474 0.052338 
0.059151 0.053804 0.060954 0.023471 0.046895 
Begin
0.000000 0.000000 0.000000 
0.000000 0.000000 0.000000 
0.000000 0.102161 0.806495 
0.000000 0.000000 0.000000 0.000000 0.000000 
0.000000 0.000000 0.000000 0.000000 0.000000 
0.000000 0.000000 0.000000 0.000000 0.000000 
0.000000 0.000000 0.000000 0.000000 0.000000 
0.087137 0.033411 0.046875 0.049460 0.039687 
0.088503 0.033556 0.036842 0.080766 0.085463 
0.014903 0.040444 0.050638 0.038240 0.040937 
0.069510 0.058600 0.064638 0.010468 0.029923 
1
0.000000 0.014481 0.062791 
0.000000 0.883358 0.130713 
0.041829 0.016477 0.491768 
0.075340 0.011832 0.054103 0.075224 0.032523 
0.050942 0.025334 0.052928 0.081544 0.083054 
0.027541 0.044464 0.043506 0.047402 0.062930 
0.063810 0.059582 0.065088 0.011149 0.031703 
0.087130 0.033470 0.046870 0.049530 0.039770 
0.088610 0.033620 0.036890 0.080480 0.085360 
0.014750 0.040430 0.050680 0.038260 0.040900 
0.069580 0.058540 0.064720 0.010490 0.029920 
2
0.620965 0.015794 0.046210 
0.337206 0.967728 0.462022 
0.041829 0.016477 0.491768 
0.077559 0.010762 0.062298 0.080942 0.027850 
0.063805 0.025268 0.040384 0.080116 0.065065 
0.019214 0.049204 0.056036 0.047632 0.070817 
0.069337 0.060966 0.053358 0.010126 0.029261 
0.087130 0.033470 0.046870 0.049530 0.039770 
0.088610 0.033620 0.036890 0.080480 0.085360 
0.014750 0.040430 0.050680 0.038260 0.040900 
0.069580 0.058540 0.064720 0.010490 0.029920 
3
0.619812 0.015794 0.046210 
0.338359 0.967728 0.462022 
0.041877 0.016471 0.491768 
0.076713 0.013244 0.042506 0.060668 0.038622 
0.042290 0.022338 0.076169 0.060179 0.125993 
0.029598 0.036124 0.041540 0.039403 0.051604 
0.055307 0.054861 0.087953 0.012022 0.032868 
0.087130 0.033470 0.046870 0.049530 0.039770 
0.088610 0.033620 0.036890 0.080480 0.085360 
0.014750 0.040430 0.050680 0.038260 0.040900 
0.069580 0.058540 0.064720 0.010490 0.029920 
4
0.620527 0.015788 0.046210 
0.337596 0.967741 0.462022 
0.041877 0.016471 0.491768 
0.073376 0.011251 0.064238 0.076608 0.031222 
0.066139 0.026792 0.042586 0.071292 0.073232 
0.020173 0.059301 0.047289 0.046403 0.060440 
0.068862 0.061229 0.054836 0.011290 0.033443 
0.087130 0.033470 0.046870 0.049530 0.039770 
0.088610 0.033620 0.036890 0.080480 0.085360 
0.014750 0.040430 0.050680 0.038260 0.040900 
0.069580 0.058540 0.064720 0.010490 0.029920 
5
0.620527 0.015788 0.046210 
0.337596 0.967741 0.462022 
0.041877 0.016471 0.491768 
0.078451 0.011753 0.058101 0.078040 0.031683 
0.053872 0.024996 0.047800 0.072504 0.082596 
0.022037 0.047812 0.051190 0.046735 0.060897 
0.066346 0.060954 0.061437 0.010810 0.031985 
0.087130 0.033470 0.046870 0.049530 0.039770 
0.088610 0.033620 0.036890 0.080480 0.085360 
0.014750 0.040430 0.050680 0.038260 0.040900 
0.069580 0.058540 0.064720 0.010490 0.029920 
6
0.460451 0.015788 0.046210 
0.497672 0.967741 0.462022 
0.049858 0.015635 0.491768 
0.058610 0.006523 0.054546 0.087054 0.015936 
0.042024 0.024416 0.024673 0.207689 0.043051 
0.013665 0.046423 0.034807 0.057126 0.117125 
0.057929 0.049419 0.033723 0.006407 0.018853 
0.087130 0.033470 0.046870 0.049530 0.039770 
0.088610 0.033620 0.036890 0.080480 0.085360 
0.014750 0.040430 0.050680 0.038260 0.040900 
0.069580 0.058540 0.064720 0.010490 0.029920 
7
0.548206 0.014987 0.046210 
0.401936 0.969377 0.462022 
0.049858 0.015635 0.491768 
0.061269 0.005535 0.158108 0.193821 0.012892 
0.049138 0.021901 0.017848 0.076299 0.030981 
0.010169 0.055537 0.037788 0.054872 0.052642 
0.064636 0.048295 0.026916 0.005444 0.015909 
0.087130 0.033470 0.046870 0.049530 0.039770 
0.088610 0.033620 0.036890 0.080480 0.085360 
0.014750 0.040430 0.050680 0.038260 0.040900 
0.069580 0.058540 0.064720 0.010490 0.029920 
8
0.548206 0.014987 0.046210 
0.401936 0.969377 0.462022 
0.049858 0.015635 0.491768 
0.061951 0.007057 0.062972 0.088134 0.017753 
0.046794 0.025450 0.025875 0.131517 0.044524 
0.014260 0.060094 0.034615 0.055864 0.144643 
0.063234 0.052424 0.035113 0.007169 0.020558 
0.087130 0.033470 0.046870 0.049530 0.039770 
0.088610 0.033620 0.036890 0.080480 0.085360 
0.014750 0.040430 0.050680 0.038260 0.040900 
0.069580 0.058540 0.064720 0.010490 0.029920 
9
0.548206 0.014987 0.046210 
0.401936 0.969377 0.462022 
0.049858 0.015635 0.491768 
0.047857 0.012923 0.026832 0.033365 0.093904 
0.030821 0.037113 0.043406 0.034515 0.074152 
0.021741 0.030458 0.022681 0.025770 0.034724 
0.040718 0.039031 0.050570 0.041385 0.258036 
0.087130 0.033470 0.046870 0.049530 0.039770 
0.088610 0.033620 0.036890 0.080480 0.085360 
0.014750 0.040430 0.050680 0.038260 0.040900 
0.069580 0.058540 0.064720 0.010490 0.029920 
10
0.546963 0.014987 0.046210 
0.403179 0.969377 0.462022 
0.049920 0.015630 0.491768 
0.126573 0.010527 0.055013 0.072517 0.029864 
0.048902 0.027049 0.041746 0.067949 0.065883 
0.020963 0.051837 0.036773 0.054036 0.064473 
0.066251 0.061745 0.052040 0.011336 0.034524 
0.087130 0.033470 0.046870 0.049530 0.039770 
0.088610 0.033620 0.036890 0.080480 0.085360 
0.014750 0.040430 0.050680 0.038260 0.040900 
0.069580 0.058540 0.064720 0.010490 0.029920 
11
0.547644 0.014982 0.046210 
0.402436 0.969387 0.462022 
0.049920 0.015630 0.491768 
0.100755 0.014965 0.035570 0.047980 0.045868 
0.036571 0.030638 0.064948 0.049343 0.108992 
0.040138 0.035224 0.032058 0.037704 0.048985 
0.059167 0.061189 0.081295 0.016566 0.052045 
0.087130 0.033470 0.046870 0.049530 0.039770 
0.088610 0.033620 0.036890 0.080480 0.085360 
0.014750 0.040430 0.050680 0.038260 0.040900 
0.069580 0.058540 0.064720 0.010490 0.029920 
12
0.418517 0.014982 0.046210 
0.531563 0.969387 0.462022 
0.057322 0.015112 0.491768 
0.063219 0.011439 0.014128 0.015928 0.046882 
0.023349 0.011067 0.099531 0.017167 0.392698 
0.058154 0.013522 0.013131 0.014780 0.018424 
0.020084 0.039825 0.089331 0.010785 0.026556 
0.087130 0.033470 0.046870 0.049530 0.039770 
0.088610 0.033620 0.036890 0.080480 0.085360 
0.014750 0.040430 0.050680 0.038260 0.040900 
0.069580 0.058540 0.064720 0.010490 0.029920 
13
0.480572 0.014485 0.046210 
0.462106 0.970403 0.462022 
0.057322 0.015112 0.491768 
0.093746 0.007208 0.035560 0.038402 0.019376 
0.037934 0.014053 0.029886 0.037986 0.040625 
0.011974 0.033047 0.023999 0.027903 0.029738 
0.089218 0.358652 0.043782 0.006820 0.020093 
0.087130 0.033470 0.046870 0.049530 0.039770 
0.088610 0.033620 0.036890 0.080480 0.085360 
0.014750 0.040430 0.050680 0.038260 0.040900 
0.069580 0.058540 0.064720 0.010490 0.029920 
14
0.479840 0.014485 0.046210 
0.462838 0.970403 0.462022 
0.057364 0.015109 0.491768 
0.050459 0.004925 0.037922 0.045100 0.015925 
0.038627 0.015947 0.022851 0.049938 0.039627 
0.011234 0.030269 0.023874 0.031852 0.450369 
0.037838 0.035803 0.031469 0.007143 0.018829 
0.087130 0.033470 0.046870 0.049530 0.039770 
0.088610 0.033620 0.036890 0.080480 0.085360 
0.014750 0.040430 0.050680 0.038260 0.040900 
0.069580 0.058540 0.064720 0.010490 0.029920 
15
0.480192 0.014483 0.046210 
0.462445 0.970408 0.462022 
0.057364 0.015109 0.491768 
0.062469 0.005018 0.102602 0.030971 0.013973 
0.447094 0.012723 0.018496 0.032451 0.026364 
0.009891 0.046470 0.022906 0.020699 0.024307 
0.048483 0.032172 0.020116 0.006268 0.016527 
0.087130 0.033470 0.046870 0.049530 0.039770 
0.088610 0.033620 0.036890 0.080480 0.085360 
0.014750 0.040430 0.050680 0.038260 0.040900 
0.069580 0.058540 0.064720 0.010490 0.029920 
16
0.480192 0.014483 0.046210 
0.462445 0.970408 0.462022 
0.057364 0.015109 0.491768 
0.044118 0.008909 0.009346 0.011336 0.034882 
0.015272 0.007193 0.066966 0.012065 0.557945 
0.030058 0.009489 0.010274 0.010552 0.012102 
0.014736 0.032284 0.085206 0.008026 0.019240 
0.087130 0.033470 0.046870 0.049530 0.039770 
0.088610 0.033620 0.036890 0.080480 0.085360 
0.014750 0.040430 0.050680 0.038260 0.040900 
0.069580 0.058540 0.064720 0.010490 0.029920 
17
0.479472 0.014483 0.046210 
0.463164 0.970408 0.462022 
0.057405 0.015107 0.491768 
0.093552 0.006230 0.067471 0.033286 0.018397 
0.383286 0.016498 0.024334 0.034531 0.033038 
0.012543 0.058021 0.025859 0.022511 0.026048 
0.057197 0.033837 0.025026 0.007968 0.020367 
0.087130 0.033470 0.046870 0.049530 0.039770 
0.088610 0.033620 0.036890 0.080480 0.085360 
0.014750 0.040430 0.050680 0.038260 0.040900 
0.069580 0.058540 0.064720 0.010490 0.029920 
18
0.479817 0.014481 0.046210 
0.462778 0.970413 0.462022 
0.057405 0.015107 0.491768 
0.019041 0.005008 0.009593 0.011451 0.035153 
0.018553 0.006426 0.018550 0.009773 0.044658 
0.010661 0.007788 0.008625 0.006509 0.013830 
0.012389 0.011075 0.024044 0.696835 0.030035 
0.087130 0.033470 0.046870 0.049530 0.039770 
0.088610 0.033620 0.036890 0.080480 0.085360 
0.014750 0.040430 0.050680 0.038260 0.040900 
0.069580 0.058540 0.064720 0.010490 0.029920 
19
0.479817 0.014481 0.046210 
0.462778 0.970413 0.462022 
0.057405 0.015107 0.491768 
0.075403 0.003418 0.256289 0.175481 0.015044 
0.042260 0.014823 0.017824 0.052707 0.032518 
0.009675 0.052131 0.022014 0.047921 0.033859 
0.058340 0.043462 0.025197 0.005783 0.015848 
0.087130 0.033470 0.046870 0.049530 0.039770 
0.088610 0.033620 0.036890 0.080480 0.085360 
0.014750 0.040430 0.050680 0.038260 0.040900 
0.069580 0.058540 0.064720 0.010490 0.029920 
20
0.479817 0.014481 0.046210 
0.462778 0.970413 0.462022 
0.057405 0.015107 0.491768 
0.065526 0.008979 0.036846 0.036925 0.040377 
0.046501 0.016132 0.044716 0.035444 0.073904 
0.016114 0.034522 0.051115 0.027024 0.029100 
0.078716 0.263698 0.058438 0.009358 0.026565 
0.087130 0.033470 0.046870 0.049530 0.039770 
0.088610 0.033620 0.036890 0.080480 0.085360 
0.014750 0.040430 0.050680 0.038260 0.040900 
0.069580 0.058540 0.064720 0.010490 0.029920 
21
0.479817 0.014481 0.046210 
0.462778 0.970413 0.462022 
0.057405 0.015107 0.491768 
0.055006 0.007318 0.038851 0.037282 0.018476 
0.046770 0.013702 0.027356 0.034186 0.030868 
0.009976 0.038962 0.026162 0.026688 0.025393 
0.199646 0.293522 0.043002 0.006506 0.020328 
0.087130 0.033470 0.046870 0.049530 0.039770 
0.088610 0.033620 0.036890 0.080480 0.085360 
0.014750 0.040430 0.050680 0.038260 0.040900 
0.069580 0.058540 0.064720 0.010490 0.029920 
22
0.479817 0.014481 0.046210 
0.462778 0.970413 0.462022 
0.057405 0.015107 0.491768 
0.033056 0.005847 0.017764 0.018962 0.059941 
0.026948 0.015579 0.027780 0.019156 0.045896 
0.011205 0.015655 0.014214 0.014573 0.019110 
0.024036 0.023226 0.036679 0.014867 0.555505 
0.087130 0.033470 0.046870 0.049530 0.039770 
0.088610 0.033620 0.036890 0.080480 0.085360 
0.014750 0.040430 0.050680 0.038260 0.040900 
0.069580 0.058540 0.064720 0.010490 0.029920 
23
0.479817 0.014481 0.046210 
0.462778 0.970413 0.462022 
0.057405 0.015107 0.491768 
0.067580 0.005336 0.052661 0.096659 0.019046 
0.039907 0.018601 0.027285 0.062836 0.046706 
0.013690 0.035828 0.025900 0.243673 0.056249 
0.047243 0.042883 0.067335 0.008326 0.022255 
0.087130 0.033470 0.046870 0.049530 0.039770 
0.088610 0.033620 0.036890 0.080480 0.085360 
0.014750 0.040430 0.050680 0.038260 0.040900 
0.069580 0.058540 0.064720 0.010490 0.029920 
24
0.479817 0.014481 0.046210 
0.462778 0.970413 0.462022 
0.057405 0.015107 0.491768 
0.062011 0.005730 0.129125 0.050441 0.022421 
0.058858 0.017634 0.027911 0.055954 0.044865 
0.010331 0.052734 0.190624 0.031297 0.039655 
0.079999 0.051038 0.038153 0.008694 0.022524 
0.087130 0.033470 0.046870 0.049530 0.039770 
0.088610 0.033620 0.036890 0.080480 0.085360 
0.014750 0.040430 0.050680 0.038260 0.040900 
0.069580 0.058540 0.064720 0.010490 0.029920 
25
0.479817 0.014481 0.046210 
0.462778 0.970413 0.462022 
0.057405 0.015107 0.491768 
0.076208 0.008257 0.044251 0.070099 0.030445 
0.054044 0.022293 0.047356 0.061824 0.071182 
0.165674 0.036116 0.028610 0.037135 0.057035 
0.044944 0.044617 0.054984 0.012549 0.032376 
0.087130 0.033470 0.046870 0.049530 0.039770 
0.088610 0.033620 0.036890 0.080480 0.085360 
0.014750 0.040430 0.050680 0.038260 0.040900 
0.069580 0.058540 0.064720 0.010490 0.029920 
26
0.479817 0.014481 0.046210 
0.462778 0.970413 0.462022 
0.057405 0.015107 0.491768 
0.062284 0.003462 0.324616 0.122747 0.013461 
0.042081 0.014912 0.017255 0.054869 0.029698 
0.009091 0.063163 0.022164 0.047700 0.032923 
0.058223 0.037176 0.024381 0.005063 0.014731 
0.087130 0.033470 0.046870 0.049530 0.039770 
0.088610 0.033620 0.036890 0.080480 0.085360 
0.014750 0.040430 0.050680 0.038260 0.040900 
0.069580 0.058540 0.064720 0.010490 0.029920 
27
0.479817 0.014481 0.046210 
0.462778 0.970413 0.462022 
0.057405 0.015107 0.491768 
0.072638 0.003797 0.083726 0.132566 0.014428 
0.037425 0.017187 0.022789 0.255255 0.040909 
0.011466 0.036249 0.024975 0.047480 0.053943 
0.046778 0.037810 0.035681 0.006720 0.018179 
0.087130 0.033470 0.046870 0.049530 0.039770 
0.088610 0.033620 0.036890 0.080480 0.085360 
0.014750 0.040430 0.050680 0.038260 0.040900 
0.069580 0.058540 0.064720 0.010490 0.029920 
28
0.479817 0.014481 0.046210 
0.462778 0.970413 0.462022 
0.057405 0.015107 0.491768 
0.069559 0.012787 0.008689 0.008475 0.035980 
0.017578 0.007042 0.201498 0.011259 0.098284 
0.018665 0.008086 0.012183 0.008006 0.010561 
0.017837 0.029189 0.397097 0.006714 0.020513 
0.087130 0.033470 0.046870 0.049530 0.039770 
0.088610 0.033620 0.036890 0.080480 0.085360 
0.014750 0.040430 0.050680 0.038260 0.040900 
0.069580 0.058540 0.064720 0.010490 0.029920 
29
0.479817 0.014481 0.046210 
0.462778 0.970413 0.462022 
0.057405 0.015107 0.491768 
0.036098 0.008024 0.012102 0.015609 0.526654 
0.020413 0.009282 0.044573 0.013744 0.074046 
0.016036 0.010996 0.011979 0.011741 0.011205 
0.019915 0.021902 0.048224 0.021639 0.065817 
0.087130 0.033470 0.046870 0.049530 0.039770 
0.088610 0.033620 0.036890 0.080480 0.085360 
0.014750 0.040430 0.050680 0.038260 0.040900 
0.069580 0.058540 0.064720 0.010490 0.029920 
30
0.479817 0.014481 0.046210 
0.462778 0.970413 0.462022 
0.057405 0.015107 0.491768 
0.053633 0.004348 0.035616 0.035748 0.017430 
0.038442 0.011860 0.024933 0.052142 0.041160 
0.007520 0.028200 0.445353 0.025347 0.036796 
0.043769 0.037391 0.036760 0.006203 0.017350 
0.087130 0.033470 0.046870 0.049530 0.039770 
0.088610 0.033620 0.036890 0.080480 0.085360 
0.014750 0.040430 0.050680 0.038260 0.040900 
0.069580 0.058540 0.064720 0.010490 0.029920 
31
0.479817 0.087842 0.046210 
0.462778 0.897051 0.462022 
0.043213 0.016303 0.491768 
0.068823 0.009816 0.075192 0.089641 0.027817 
0.056770 0.041895 0.035903 0.077111 0.058888 
0.018732 0.057367 0.043788 0.057534 0.063480 
0.071369 0.058545 0.045989 0.010687 0.030653 
0.087130 0.033470 0.046870 0.049530 0.039770 
0.088610 0.033620 0.036890 0.080480 0.085360 
0.014750 0.040430 0.050680 0.038260 0.040900 
0.069580 0.058540 0.064720 0.010490 0.029920 
32
0.608420 0.029470 0.046210 
0.348367 0.954228 0.462022 
0.041423 0.016532 0.491768 
0.082161 0.013468 0.057550 0.073994 0.033103 
0.060405 0.024191 0.050797 0.065819 0.077701 
0.021541 0.045476 0.053513 0.042849 0.056323 
0.068515 0.062511 0.065897 0.011345 0.032840 
0.087130 0.033470 0.046870 0.049530 0.039770 
0.088610 0.033620 0.036890 0.080480 0.085360 
0.014750 0.040430 0.050680 0.038260 0.040900 
0.069580 0.058540 0.064720 0.010490 0.029920 
33
0.387663 0.016367 0.046210 
0.570914 0.967101 0.462022 
0.054179 0.015310 0.491768 
0.048163 0.009011 0.017411 0.020619 0.117334 
0.031616 0.023048 0.044738 0.018595 0.086652 
0.019016 0.019552 0.014690 0.017099 0.022369 
0.030523 0.033236 0.057362 0.030610 0.338356 
0.087130 0.033470 0.046870 0.049530 0.039770 
0.088610 0.033620 0.036890 0.080480 0.085360 
0.014750 0.040430 0.050680 0.038260 0.040900 
0.069580 0.058540 0.064720 0.010490 0.029920 
34
0.454859 0.014676 0.046210 
0.490963 0.970014 0.462022 
0.057283 0.015114 0.491768 
0.063562 0.004194 0.294504 0.099416 0.015623 
0.047172 0.016217 0.021181 0.054328 0.032627 
0.009844 0.070431 0.024857 0.036953 0.032704 
0.073034 0.049896 0.031145 0.005811 0.016500 
0.087130 0.033470 0.046870 0.049530 0.039770 
0.088610 0.033620 0.036890 0.080480 0.085360 
0.014750 0.040430 0.050680 0.038260 0.040900 
0.069580 0.058540 0.064720 0.010490 0.029920 
35
0.478797 0.014488 0.046210 
0.463919 0.970398 0.462022 
0.057405 0.015107 0.491768 
0.076063 0.007446 0.092207 0.051948 0.025337 
0.120875 0.024936 0.027402 0.063651 0.044841 
0.013475 0.146702 0.036013 0.033486 0.041768 
0.076660 0.048816 0.031959 0.010567 0.025849 
0.087130 0.033470 0.046870 0.049530 0.039770 
0.088610 0.033620 0.036890 0.080480 0.085360 
0.014750 0.040430 0.050680 0.038260 0.040900 
0.069580 0.058540 0.064720 0.010490 0.029920 
36
0.479817 0.014481 0.046210 
0.462778 0.970413 0.462022 
0.057405 0.015107 0.491768 
0.051672 0.008592 0.019158 0.025066 0.162372 
0.033700 0.025106 0.036922 0.019104 0.059580 
0.015982 0.021318 0.015139 0.017812 0.023019 
0.036314 0.033161 0.049932 0.028315 0.317738 
0.087130 0.033470 0.046870 0.049530 0.039770 
0.088610 0.033620 0.036890 0.080480 0.085360 
0.014750 0.040430 0.050680 0.038260 0.040900 
0.069580 0.058540 0.064720 0.010490 0.029920 
37
0.479817 0.014481 0.046210 
0.462778 0.970413 0.462022 
0.057405 0.015107 0.491768 
0.057643 0.003448 0.069600 0.402156 0.017082 
0.051325 0.014496 0.016901 0.063584 0.032393 
0.009897 0.029551 0.021107 0.045230 0.038578 
0.043426 0.035728 0.025662 0.006047 0.016146 
0.087130 0.033470 0.046870 0.049530 0.039770 
0.088610 0.033620 0.036890 0.080480 0.085360 
0.014750 0.040430 0.050680 0.038260 0.040900 
0.069580 0.058540 0.064720 0.010490 0.029920 
38
0.479817 0.014481 0.046210 
0.462778 0.970413 0.462022 
0.057405 0.015107 0.491768 
0.050886 0.003340 0.041475 0.019893 0.007980 
0.656734 0.007788 0.010756 0.022324 0.016965 
0.006304 0.025645 0.016415 0.013235 0.020333 
0.033130 0.020477 0.011799 0.003865 0.010658 
0.087130 0.033470 0.046870 0.049530 0.039770 
0.088610 0.033620 0.036890 0.080480 0.085360 
0.014750 0.040430 0.050680 0.038260 0.040900 
0.069580 0.058540 0.064720 0.010490 0.029920 
39
0.479817 0.014481 0.046210 
0.462778 0.970413 0.462022 
0.057405 0.015107 0.491768 
0.045428 0.010615 0.008360 0.009243 0.036368 
0.016010 0.006862 0.441699 0.010913 0.115703 
0.022318 0.008386 0.010971 0.008864 0.010735 
0.015036 0.024579 0.170486 0.007548 0.019876 
0.087130 0.033470 0.046870 0.049530 0.039770 
0.088610 0.033620 0.036890 0.080480 0.085360 
0.014750 0.040430 0.050680 0.038260 0.040900 
0.069580 0.058540 0.064720 0.010490 0.029920 
40
0.479817 0.014481 0.046210 
0.462778 0.970413 0.462022 
0.057405 0.015107 0.491768 
0.077416 0.011182 0.035520 0.039206 0.036057 
0.052829 0.019652 0.168874 0.076053 0.087564 
0.023621 0.028686 0.036674 0.029489 0.045375 
0.038343 0.043634 0.104940 0.012055 0.032830 
0.087130 0.033470 0.046870 0.049530 0.039770 
0.088610 0.033620 0.036890 0.080480 0.085360 
0.014750 0.040430 0.050680 0.038260 0.040900 
0.069580 0.058540 0.064720 0.010490 0.029920 
41
0.479817 0.014481 0.046210 
0.462778 0.970413 0.462022 
0.057405 0.015107 0.491768 
0.064635 0.011219 0.013518 0.015065 0.035762 
0.035151 0.009196 0.390008 0.017372 0.098236 
0.023699 0.012516 0.014016 0.012995 0.016175 
0.021605 0.034914 0.143796 0.008040 0.022082 
0.087130 0.033470 0.046870 0.049530 0.039770 
0.088610 0.033620 0.036890 0.080480 0.085360 
0.014750 0.040430 0.050680 0.038260 0.040900 
0.069580 0.058540 0.064720 0.010490 0.029920 
42
0.479817 0.014481 0.046210 
0.462778 0.970413 0.462022 
0.057405 0.015107 0.491768 
0.063820 0.007083 0.050697 0.091543 0.027875 
0.051211 0.182513 0.031137 0.061851 0.051405 
0.015512 0.043715 0.027975 0.038324 0.045379 
0.052276 0.074563 0.039850 0.012294 0.030975 
0.087130 0.033470 0.046870 0.049530 0.039770 
0.088610 0.033620 0.036890 0.080480 0.085360 
0.014750 0.040430 0.050680 0.038260 0.040900 
0.069580 0.058540 0.064720 0.010490 0.029920 
43
0.479817 0.014481 0.046210 
0.462778 0.970413 0.462022 
0.057405 0.015107 0.491768 
0.062749 0.003611 0.391927 0.079342 0.012215 
0.049708 0.014532 0.017115 0.045848 0.027015 
0.008397 0.076990 0.021503 0.032005 0.030034 
0.048614 0.036710 0.023724 0.004389 0.013570 
0.087130 0.033470 0.046870 0.049530 0.039770 
0.088610 0.033620 0.036890 0.080480 0.085360 
0.014750 0.040430 0.050680 0.038260 0.040900 
0.069580 0.058540 0.064720 0.010490 0.029920 
44
0.479817 0.014481 0.046210 
0.462778 0.970413 0.462022 
0.057405 0.015107 0.491768 
0.020479 0.005066 0.010505 0.013196 0.069767 
0.015537 0.012324 0.022251 0.012857 0.046412 
0.011074 0.010870 0.009575 0.009750 0.016263 
0.016559 0.015638 0.023415 0.596216 0.062249 
0.087130 0.033470 0.046870 0.049530 0.039770 
0.088610 0.033620 0.036890 0.080480 0.085360 
0.014750 0.040430 0.050680 0.038260 0.040900 
0.069580 0.058540 0.064720 0.010490 0.029920 
45
0.479817 0.014481 0.046210 
0.462778 0.970413 0.462022 
0.057405 0.015107 0.491768 
0.059862 0.003412 0.272285 0.180006 0.014922 
0.041627 0.014788 0.017107 0.050640 0.036168 
0.009525 0.053633 0.021844 0.045191 0.033182 
0.062485 0.036070 0.024582 0.006786 0.015882 
0.087130 0.033470 0.046870 0.049530 0.039770 
0.088610 0.033620 0.036890 0.080480 0.085360 
0.014750 0.040430 0.050680 0.038260 0.040900 
0.069580 0.058540 0.064720 0.010490 0.029920 
46
0.479817 0.014481 0.046210 
0.462778 0.970413 0.462022 
0.057405 0.015107 0.491768 
0.095022 0.006193 0.052816 0.042956 0.019958 
0.305824 0.016679 0.028759 0.075808 0.039664 
0.013931 0.050734 0.029997 0.031542 0.034791 
0.055187 0.038565 0.030917 0.008490 0.022168 
0.087130 0.033470 0.046870 0.049530 0.039770 
0.088610 0.033620 0.036890 0.080480 0.085360 
0.014750 0.040430 0.050680 0.038260 0.040900 
0.069580 0.058540 0.064720 0.010490 0.029920 
47
0.479817 0.014481 0.046210 
0.462778 0.970413 0.462022 
0.057405 0.015107 0.491768 
0.019274 0.004925 0.006582 0.011043 0.049342 
0.014036 0.006217 0.021805 0.009379 0.054504 
0.013119 0.006452 0.006445 0.006299 0.015053 
0.011266 0.010390 0.027583 0.665909 0.040377 
0.087130 0.033470 0.046870 0.049530 0.039770 
0.088610 0.033620 0.036890 0.080480 0.085360 
0.014750 0.040430 0.050680 0.038260 0.040900 
0.069580 0.058540 0.064720 0.010490 0.029920 
48
0.479817 0.014481 0.046210 
0.462778 0.970413 0.462022 
0.057405 0.015107 0.491768 
0.059006 0.002940 0.128891 0.382535 0.013237 
0.034100 0.013201 0.015205 0.051506 0.030566 
0.009266 0.027940 0.019826 0.048800 0.034955 
0.044245 0.034024 0.029157 0.005596 0.015005 
0.087130 0.033470 0.046870 0.049530 0.039770 
0.088610 0.033620 0.036890 0.080480 0.085360 
0.014750 0.040430 0.050680 0.038260 0.040900 
0.069580 0.058540 0.064720 0.010490 0.029920 
49
0.479817 0.014481 0.046210 
0.462778 0.970413 0.462022 
0.057405 0.015107 0.491768 
0.045100 0.003280 0.430213 0.119262 0.011379 
0.037694 0.013230 0.014834 0.042153 0.025099 
0.007708 0.054629 0.020143 0.032091 0.028658 
0.042527 0.032885 0.021811 0.004340 0.012961 
0.087130 0.033470 0.046870 0.049530 0.039770 
0.088610 0.033620 0.036890 0.080480 0.085360 
0.014750 0.040430 0.050680 0.038260 0.040900 
0.069580 0.058540 0.064720 0.010490 0.029920 
50
0.479817 0.014481 0.046210 
0.462778 0.970413 0.462022 
0.057405 0.015107 0.491768 
0.049092 0.004999 0.030336 0.035454 0.010542 
0.032282 0.010911 0.017040 0.032155 0.029222 
0.006340 0.020130 0.569416 0.018863 0.023656 
0.041800 0.028300 0.026000 0.003417 0.010044 
0.087130 0.033470 0.046870 0.049530 0.039770 
0.088610 0.033620 0.036890 0.080480 0.085360 
0.014750 0.040430 0.050680 0.038260 0.040900 
0.069580 0.058540 0.064720 0.010490 0.029920 
51
0.479817 0.014481 0.046210 
0.462778 0.970413 0.462022 
0.057405 0.015107 0.491768 
0.034486 0.008165 0.010789 0.015098 0.507582 
0.019410 0.009693 0.041027 0.012451 0.070538 
0.015188 0.010261 0.011228 0.011285 0.009806 
0.020130 0.021466 0.045852 0.026532 0.099013 
0.087130 0.033470 0.046870 0.049530 0.039770 
0.088610 0.033620 0.036890 0.080480 0.085360 
0.014750 0.040430 0.050680 0.038260 0.040900 
0.069580 0.058540 0.064720 0.010490 0.029920 
52
0.479817 0.014481 0.046210 
0.462778 0.970413 0.462022 
0.057405 0.015107 0.491768 
0.057567 0.004560 0.042272 0.054383 0.015686 
0.036812 0.017641 0.023924 0.094979 0.041473 
0.012443 0.034381 0.024730 0.038810 0.357886 
0.042162 0.039963 0.032545 0.007607 0.020174 
0.087130 0.033470 0.046870 0.049530 0.039770 
0.088610 0.033620 0.036890 0.080480 0.085360 
0.014750 0.040430 0.050680 0.038260 0.040900 
0.069580 0.058540 0.064720 0.010490 0.029920 
53
0.479817 0.014481 0.046210 
0.462778 0.970413 0.462022 
0.057405 0.015107 0.491768 
0.043567 0.009161 0.007824 0.009389 0.036152 
0.014173 0.006719 0.083675 0.009917 0.546823 
0.028919 0.008305 0.009644 0.009645 0.010558 
0.013325 0.021690 0.103028 0.008122 0.019363 
0.087130 0.033470 0.046870 0.049530 0.039770 
0.088610 0.033620 0.036890 0.080480 0.085360 
0.014750 0.040430 0.050680 0.038260 0.040900 
0.069580 0.058540 0.064720 0.010490 0.029920 
54
0.479817 0.014481 0.046210 
0.462778 0.970413 0.462022 
0.057405 0.015107 0.491768 
0.049170 0.006286 0.034650 0.035974 0.016834 
0.035479 0.013200 0.025282 0.035376 0.033231 
0.009922 0.032504 0.023165 0.026022 0.027384 
0.108271 0.424731 0.038099 0.006106 0.018317 
0.087130 0.033470 0.046870 0.049530 0.039770 
0.088610 0.033620 0.036890 0.080480 0.085360 
0.014750 0.040430 0.050680 0.038260 0.040900 
0.069580 0.058540 0.064720 0.010490 0.029920 
55
0.479817 0.014481 0.046210 
0.462778 0.970413 0.462022 
0.057405 0.015107 0.491768 
0.072381 0.011618 0.023337 0.026787 0.052369 
0.039000 0.014728 0.074378 0.027373 0.115167 
0.240098 0.021227 0.018033 0.021303 0.026547 
0.031301 0.035903 0.082265 0.013375 0.052808 
0.087130 0.033470 0.046870 0.049530 0.039770 
0.088610 0.033620 0.036890 0.080480 0.085360 
0.014750 0.040430 0.050680 0.038260 0.040900 
0.069580 0.058540 0.064720 0.010490 0.029920 
56
0.479817 0.014481 0.046210 
0.462778 0.970413 0.462022 
0.057405 0.015107 0.491768 
0.045309 0.003765 0.439073 0.059393 0.012136 
0.039159 0.014554 0.016398 0.045056 0.027298 
0.008351 0.054862 0.026181 0.030584 0.057299 
0.042999 0.034700 0.023666 0.004919 0.014296 
0.087130 0.033470 0.046870 0.049530 0.039770 
0.088610 0.033620 0.036890 0.080480 0.085360 
0.014750 0.040430 0.050680 0.038260 0.040900 
0.069580 0.058540 0.064720 0.010490 0.029920 
57
0.479817 0.014481 0.046210 
0.462778 0.970413 0.462022 
0.057405 0.015107 0.491768 
0.351974 0.008188 0.045559 0.073943 0.020287 
0.049133 0.015690 0.029595 0.049671 0.048561 
0.014146 0.033752 0.023051 0.033545 0.038861 
0.051772 0.039779 0.043805 0.007559 0.021128 
0.087130 0.033470 0.046870 0.049530 0.039770 
0.088610 0.033620 0.036890 0.080480 0.085360 
0.014750 0.040430 0.050680 0.038260 0.040900 
0.069580 0.058540 0.064720 0.010490 0.029920 
58
0.479817 0.014481 0.046210 
0.462778 0.970413 0.462022 
0.057405 0.015107 0.491768 
0.029010 0.008903 0.016097 0.018576 0.101632 
0.018974 0.028192 0.030264 0.019356 0.056565 
0.014389 0.018040 0.013311 0.013957 0.019826 
0.023444 0.021584 0.033207 0.030439 0.484231 
0.087130 0.033470 0.046870 0.049530 0.039770 
0.088610 0.033620 0.036890 0.080480 0.085360 
0.014750 0.040430 0.050680 0.038260 0.040900 
0.069580 0.058540 0.064720 0.010490 0.029920 
59
0.479817 0.014481 0.046210 
0.462778 0.970413 0.462022 
0.057405 0.015107 0.491768 
0.023565 0.005406 0.008236 0.012365 0.042249 
0.015473 0.006745 0.026863 0.011127 0.059638 
0.014139 0.007847 0.007693 0.007759 0.015448 
0.012974 0.012869 0.059694 0.615267 0.034644 
0.087130 0.033470 0.046870 0.049530 0.039770 
0.088610 0.033620 0.036890 0.080480 0.085360 
0.014750 0.040430 0.050680 0.038260 0.040900 
0.069580 0.058540 0.064720 0.010490 0.029920 
60
0.479817 0.014481 0.046210 
0.462778 0.970413 0.462022 
0.057405 0.015107 0.491768 
0.060385 0.004272 0.044748 0.058462 0.014516 
0.036369 0.024614 0.022072 0.378516 0.038921 
0.014070 0.035095 0.024964 0.041090 0.060289 
0.045668 0.039673 0.030510 0.006966 0.018802 
0.087130 0.033470 0.046870 0.049530 0.039770 
0.088610 0.033620 0.036890 0.080480 0.085360 
0.014750 0.040430 0.050680 0.038260 0.040900 
0.069580 0.058540 0.064720 0.010490 0.029920 
61
0.479817 0.014481 0.046210 
0.462778 0.970413 0.462022 
0.057405 0.015107 0.491768 
0.051917 0.010372 0.019847 0.021719 0.238046 
0.038957 0.022088 0.059279 0.016736 0.077337 
0.019781 0.025455 0.016766 0.016960 0.019645 
0.031701 0.030907 0.068095 0.029047 0.185345 
0.087130 0.033470 0.046870 0.049530 0.039770 
0.088610 0.033620 0.036890 0.080480 0.085360 
0.014750 0.040430 0.050680 0.038260 0.040900 
0.069580 0.058540 0.064720 0.010490 0.029920 
62
0.479817 0.014481 0.046210 
0.462778 0.970413 0.462022 
0.057405 0.015107 0.491768 
0.066495 0.006235 0.051004 0.064156 0.021304 
0.045225 0.019262 0.030200 0.061760 0.051604 
0.014562 0.037495 0.027914 0.287680 0.047748 
0.049011 0.045575 0.040515 0.008747 0.023509 
0.087130 0.033470 0.046870 0.049530 0.039770 
0.088610 0.033620 0.036890 0.080480 0.085360 
0.014750 0.040430 0.050680 0.038260 0.040900 
0.069580 0.058540 0.064720 0.010490 0.029920 
63
0.479817 0.014481 0.046210 
0.462778 0.970413 0.462022 
0.057405 0.015107 0.491768 
0.166089 0.010472 0.044036 0.043910 0.025863 
0.101852 0.017424 0.032990 0.040779 0.051184 
0.015032 0.040550 0.030399 0.029112 0.043815 
0.167745 0.049525 0.054391 0.009508 0.025325 
0.087130 0.033470 0.046870 0.049530 0.039770 
0.088610 0.033620 0.036890 0.080480 0.085360 
0.014750 0.040430 0.050680 0.038260 0.040900 
0.069580 0.058540 0.064720 0.010490 0.029920 
64
0.479817 0.014481 0.046210 
0.462778 0.970413 0.462022 
0.057405 0.015107 0.491768 
0.054028 0.003292 0.078846 0.437678 0.012815 
0.042799 0.013605 0.015267 0.049716 0.029654 
0.009025 0.027600 0.020353 0.042697 0.035355 
0.041395 0.041255 0.023821 0.005644 0.015155 
0.087130 0.033470 0.046870 0.049530 0.039770 
0.088610 0.033620 0.036890 0.080480 0.085360 
0.014750 0.040430 0.050680 0.038260 0.040900 
0.069580 0.058540 0.064720 0.010490 0.029920 
65
0.479817 0.014481 0.046210 
0.462778 0.970413 0.462022 
0.057405 0.015107 0.491768 
0.047333 0.005161 0.045053 0.070949 0.011724 
0.035985 0.019309 0.018811 0.368727 0.033424 
0.010363 0.037125 0.028881 0.046956 0.090562 
0.045163 0.039188 0.026148 0.004726 0.014413 
0.087130 0.033470 0.046870 0.049530 0.039770 
0.088610 0.033620 0.036890 0.080480 0.085360 
0.014750 0.040430 0.050680 0.038260 0.040900 
0.069580 0.058540 0.064720 0.010490 0.029920 
66
0.479817 0.014481 0.046210 
0.462778 0.970413 0.462022 
0.057405 0.015107 0.491768 
0.052480 0.003090 0.100669 0.450286 0.012366 
0.033964 0.012906 0.014184 0.047140 0.028121 
0.008518 0.026205 0.019794 0.042296 0.033149 
0.040280 0.032207 0.022510 0.005375 0.014461 
0.087130 0.033470 0.046870 0.049530 0.039770 
0.088610 0.033620 0.036890 0.080480 0.085360 
0.014750 0.040430 0.050680 0.038260 0.040900 
0.069580 0.058540 0.064720 0.010490 0.029920 
67
0.479817 0.014481 0.046210 
0.462778 0.970413 0.462022 
0.057405 0.015107 0.491768 
0.088638 0.004118 0.056766 0.067063 0.016501 
0.038650 0.017638 0.028692 0.214804 0.049349 
0.013773 0.035425 0.025822 0.045151 0.136552 
0.053588 0.044006 0.034842 0.007794 0.020828 
0.087130 0.033470 0.046870 0.049530 0.039770 
0.088610 0.033620 0.036890 0.080480 0.085360 
0.014750 0.040430 0.050680 0.038260 0.040900 
0.069580 0.058540 0.064720 0.010490 0.029920 
68
0.479817 0.014481 0.046210 
0.462778 0.970413 0.462022 
0.057405 0.015107 0.491768 
0.062108 0.004166 0.045696 0.059396 0.014186 
0.062486 0.017184 0.021641 0.345415 0.038096 
0.011200 0.035118 0.025526 0.041171 0.062037 
0.052760 0.046911 0.029732 0.006793 0.018378 
0.087130 0.033470 0.046870 0.049530 0.039770 
0.088610 0.033620 0.036890 0.080480 0.085360 
0.014750 0.040430 0.050680 0.038260 0.040900 
0.069580 0.058540 0.064720 0.010490 0.029920 
69
0.479817 0.014481 0.046210 
0.462778 0.970413 0.462022 
0.057405 0.015107 0.491768 
0.052255 0.009357 0.008393 0.009915 0.043180 
0.015153 0.007089 0.083355 0.010464 0.522625 
0.024774 0.008738 0.009930 0.009733 0.011159 
0.014127 0.027557 0.104107 0.008228 0.019860 
0.087130 0.033470 0.046870 0.049530 0.039770 
0.088610 0.033620 0.036890 0.080480 0.085360 
0.014750 0.040430 0.050680 0.038260 0.040900 
0.069580 0.058540 0.064720 0.010490 0.029920 
70
0.479817 0.014481 0.046210 
0.462778 0.970413 0.462022 
0.057405 0.015107 0.491768 
0.036036 0.005732 0.020471 0.023826 0.065555 
0.036168 0.018051 0.024168 0.030170 0.041720 
0.010922 0.018738 0.015082 0.018378 0.023715 
0.027986 0.026501 0.035506 0.016660 0.504615 
0.087130 0.033470 0.046870 0.049530 0.039770 
0.088610 0.033620 0.036890 0.080480 0.085360 
0.014750 0.040430 0.050680 0.038260 0.040900 
0.069580 0.058540 0.064720 0.010490 0.029920 
71
0.479817 0.014481 0.046210 
0.462778 0.970413 0.462022 
0.057405 0.020185 0.486431 
0.471266 0.010069 0.026388 0.030643 0.021279 
0.047078 0.011887 0.030668 0.029553 0.049032 
0.013728 0.021077 0.018808 0.021479 0.025320 
0.063617 0.033170 0.048713 0.006825 0.019398 
0.087129 0.033470 0.046870 0.049530 0.039770 
0.088609 0.033620 0.036899 0.080479 0.085359 
0.014750 0.040430 0.050680 0.038260 0.040900 
0.069579 0.058539 0.064719 0.010490 0.029920 
72
0.479817 0.014481 0.045709 
0.462778 0.965335 0.467861 
0.057405 0.015107 0.491768 
0.047439 0.012519 0.007901 0.007503 0.035972 
0.015386 0.006640 0.261730 0.010589 0.095135 
0.018390 0.007396 0.011681 0.007275 0.009753 
0.015804 0.027747 0.374663 0.006522 0.019955 
0.087130 0.033470 0.046870 0.049530 0.039770 
0.088610 0.033620 0.036890 0.080480 0.085360 
0.014750 0.040430 0.050680 0.038260 0.040900 
0.069580 0.058540 0.064720 0.010490 0.029920 
73
0.479817 0.014481 0.046210 
0.462778 0.970413 0.462022 
0.057405 0.015107 0.491768 
0.065353 0.012213 0.019464 0.019921 0.046245 
0.033610 0.012770 0.270649 0.028389 0.133589 
0.023412 0.016153 0.017397 0.017056 0.028433 
0.026981 0.034059 0.156947 0.009750 0.027608 
0.087130 0.033470 0.046870 0.049530 0.039770 
0.088610 0.033620 0.036890 0.080480 0.085360 
0.014750 0.040430 0.050680 0.038260 0.040900 
0.069580 0.058540 0.064720 0.010490 0.029920 
74
0.479817 0.014481 0.046210 
0.462778 0.970413 0.462022 
0.057405 0.015107 0.491768 
0.052652 0.003581 0.393741 0.078482 0.012021 
0.042026 0.014614 0.016901 0.045228 0.026489 
0.008274 0.086284 0.021566 0.031346 0.029691 
0.058927 0.037072 0.023524 0.004232 0.013351 
0.087130 0.033470 0.046870 0.049530 0.039770 
0.088610 0.033620 0.036890 0.080480 0.085360 
0.014750 0.040430 0.050680 0.038260 0.040900 
0.069580 0.058540 0.064720 0.010490 0.029920 
75
0.479817 0.014481 0.046210 
0.462778 0.970413 0.462022 
0.057405 0.015107 0.491768 
0.237552 0.011137 0.035151 0.039165 0.025780 
0.057921 0.014340 0.033477 0.035998 0.051295 
0.014879 0.030021 0.024496 0.026521 0.029281 
0.189037 0.059400 0.053631 0.008043 0.022874 
0.087130 0.033470 0.046870 0.049530 0.039770 
0.088610 0.033620 0.036890 0.080480 0.085360 
0.014750 0.040430 0.050680 0.038260 0.040900 
0.069580 0.058540 0.064720 0.010490 0.029920 
76
0.479817 0.014481 0.046210 
0.462778 0.970413 0.462022 
0.057405 0.015107 0.491768 
0.046731 0.010201 0.010755 0.013595 0.387282 
0.022021 0.012748 0.080120 0.011119 0.123721 
0.025246 0.011527 0.011880 0.011432 0.010959 
0.020365 0.024443 0.083674 0.021224 0.060955 
0.087130 0.033470 0.046870 0.049530 0.039770 
0.088610 0.033620 0.036890 0.080480 0.085360 
0.014750 0.040430 0.050680 0.038260 0.040900 
0.069580 0.058540 0.064720 0.010490 0.029920 
77
0.479817 0.014481 0.046210 
0.462778 0.970413 0.462022 
0.057405 0.015107 0.491768 
0.302809 0.011041 0.036391 0.048495 0.026098 
0.053120 0.015867 0.039370 0.043891 0.061481 
0.017571 0.031795 0.023942 0.040307 0.036355 
0.063219 0.041960 0.072694 0.008723 0.024871 
0.087130 0.033470 0.046870 0.049530 0.039770 
0.088610 0.033620 0.036890 0.080480 0.085360 
0.014750 0.040430 0.050680 0.038260 0.040900 
0.069580 0.058540 0.064720 0.010490 0.029920 
78
0.479817 0.014481 0.046210 
0.462778 0.970413 0.462022 
0.057405 0.015107 0.491768 
0.061836 0.004889 0.048356 0.062925 0.016515 
0.039420 0.018566 0.023468 0.064695 0.041256 
0.012334 0.040158 0.025724 0.298035 0.092317 
0.046190 0.042357 0.032717 0.007650 0.020591 
0.087130 0.033470 0.046870 0.049530 0.039770 
0.088610 0.033620 0.036890 0.080480 0.085360 
0.014750 0.040430 0.050680 0.038260 0.040900 
0.069580 0.058540 0.064720 0.010490 0.029920 
79
0.479817 0.014481 0.046210 
0.462778 0.970413 0.462022 
0.057405 0.015107 0.491768 
0.064389 0.006419 0.070670 0.046621 0.018920 
0.064133 0.019523 0.020974 0.047010 0.035916 
0.010893 0.286192 0.029813 0.031651 0.036734 
0.105925 0.045558 0.029529 0.008078 0.021053 
0.087130 0.033470 0.046870 0.049530 0.039770 
0.088610 0.033620 0.036890 0.080480 0.085360 
0.014750 0.040430 0.050680 0.038260 0.040900 
0.069580 0.058540 0.064720 0.010490 0.029920 
80
0.479817 0.014481 0.046210 
0.462778 0.970413 0.462022 
0.057405 0.078960 0.432140 
0.064107 0.006279 0.075033 0.049289 0.019029 
0.084191 0.020436 0.020990 0.057921 0.036326 
0.011210 0.273692 0.030671 0.033769 0.039690 
0.075223 0.043422 0.028906 0.008321 0.021496 
0.087141 0.033466 0.046865 0.049524 0.039766 
0.088692 0.033616 0.036886 0.080471 0.085350 
0.014748 0.040425 0.050674 0.038256 0.040895 
0.069572 0.058533 0.064713 0.010489 0.029917 
81
0.479817 0.014481 0.040607 
0.462778 0.906559 0.527253 
0.057405 0.015107 0.491768 
0.080213 0.009647 0.049016 0.049590 0.038973 
0.074439 0.135585 0.042711 0.044744 0.080190 
0.020188 0.045587 0.028142 0.052609 0.040763 
0.052741 0.049352 0.050104 0.015947 0.039460 
0.087130 0.033470 0.046870 0.049530 0.039770 
0.088610 0.033620 0.036890 0.080480 0.085360 
0.014750 0.040430 0.050680 0.038260 0.040900 
0.069580 0.058540 0.064720 0.010490 0.029920 
82
0.479817 0.014481 0.046210 
0.462778 0.970413 0.462022 
0.057405 0.015107 0.491768 
0.064252 0.011156 0.015919 0.018033 0.059418 
0.024691 0.012393 0.077307 0.019121 0.403657 
0.037323 0.014990 0.013975 0.019611 0.020043 
0.021793 0.028579 0.083206 0.011493 0.043041 
0.087130 0.033470 0.046870 0.049530 0.039770 
0.088610 0.033620 0.036890 0.080480 0.085360 
0.014750 0.040430 0.050680 0.038260 0.040900 
0.069580 0.058540 0.064720 0.010490 0.029920 
83
0.479817 0.014481 0.046210 
0.462778 0.970413 0.462022 
0.057405 0.015107 0.491768 
0.067879 0.007078 0.062122 0.052175 0.023450 
0.292561 0.020103 0.027975 0.040957 0.038989 
0.013899 0.089494 0.030980 0.027557 0.031840 
0.064879 0.043036 0.030024 0.010123 0.024877 
0.087130 0.033470 0.046870 0.049530 0.039770 
0.088610 0.033620 0.036890 0.080480 0.085360 
