%  SAM: modelfromalign v3.5 (July 15, 2005) compiled 12/05/20_11:48:22
%  (c) 1992-2001 Regents of the University of California, Santa Cruz
%
%          Sequence Alignment and Modeling Software System
%         http://www.cse.ucsc.edu/research/compbio/sam.html
%
% ----------------- Citations (SAM, SAM-T2K, HMMs) --------------------
% R. Hughey, A. Krogh, Hidden Markov models for sequence analysis:
%  Extension and analysis of the basic method, CABIOS 12:95-107, 1996.
% K. Karplus, et al., What is the value added by human intervention in protein
%  structure prediction, Proteins: Stucture, Function, Genetics 45(S5):86--91, 2001.
% A. Krogh et al., Hidden Markov models in computational biology:
%  Applications to protein modeling, JMB 235:1501-1531, Feb 1994.
% ---------------------------------------------------------------------
%  trimmed-uniq   Host: gauntlet    Thu Feb 11 16:20:40 2021
%  dgpinheiro     Dir:  /data/GitHub/sfFinder/example/output/subfamily/TEST1/flowerpower/fp-workspace/iter3
% ---------------------------------------------------------------------
% Prior File:  Internal (Name: recode3.20comp) 
%   20 priors on 20 characters.
%  Alignment weights from internal calc.  Total (1.56) Max (0.00) Min (0.00)
%  Weights from alignment method 1 (karplus), b=0.500000, e=0.500000
MODEL --  Model from alignment file trimmed-uniq.a2m
alphabet protein
FREQAVE
0.000000 0.000000 0.000000 
0.000000 0.000000 0.000000 
0.000000 0.000000 0.000000 
0.073230 0.015714 0.056926 0.066542 0.049643 
0.061761 0.028615 0.052066 0.058197 0.085110 
0.025957 0.041843 0.045311 0.042474 0.052338 
0.059151 0.053804 0.060954 0.023471 0.046895 
0.073230 0.015714 0.056926 0.066542 0.049643 
0.061761 0.028615 0.052066 0.058197 0.085110 
0.025957 0.041843 0.045311 0.042474 0.052338 
0.059151 0.053804 0.060954 0.023471 0.046895 
Begin
0.000000 0.000000 0.000000 
0.000000 0.000000 0.000000 
0.000000 0.102161 0.806495 
0.000000 0.000000 0.000000 0.000000 0.000000 
0.000000 0.000000 0.000000 0.000000 0.000000 
0.000000 0.000000 0.000000 0.000000 0.000000 
0.000000 0.000000 0.000000 0.000000 0.000000 
0.087137 0.033411 0.046875 0.049460 0.039687 
0.088503 0.033556 0.036842 0.080766 0.085463 
0.014903 0.040444 0.050638 0.038240 0.040937 
0.069510 0.058600 0.064638 0.010468 0.029923 
1
0.000000 0.014481 0.062791 
0.000000 0.883358 0.130713 
0.041829 0.016477 0.491768 
0.075340 0.011832 0.054103 0.075224 0.032523 
0.050942 0.025334 0.052928 0.081544 0.083054 
0.027541 0.044464 0.043506 0.047402 0.062930 
0.063810 0.059582 0.065088 0.011149 0.031703 
0.087130 0.033470 0.046870 0.049530 0.039770 
0.088610 0.033620 0.036890 0.080480 0.085360 
0.014750 0.040430 0.050680 0.038260 0.040900 
0.069580 0.058540 0.064720 0.010490 0.029920 
2
0.620965 0.015794 0.046210 
0.337206 0.967728 0.462022 
0.041829 0.016477 0.491768 
0.077559 0.010762 0.062298 0.080942 0.027850 
0.063805 0.025268 0.040384 0.080116 0.065065 
0.019214 0.049204 0.056036 0.047632 0.070817 
0.069337 0.060966 0.053358 0.010126 0.029261 
0.087130 0.033470 0.046870 0.049530 0.039770 
0.088610 0.033620 0.036890 0.080480 0.085360 
0.014750 0.040430 0.050680 0.038260 0.040900 
0.069580 0.058540 0.064720 0.010490 0.029920 
3
0.619812 0.015794 0.046210 
0.338359 0.967728 0.462022 
0.041877 0.016471 0.491768 
0.076713 0.013244 0.042506 0.060668 0.038622 
0.042290 0.022338 0.076169 0.060179 0.125993 
0.029598 0.036124 0.041540 0.039403 0.051604 
0.055307 0.054861 0.087953 0.012022 0.032868 
0.087130 0.033470 0.046870 0.049530 0.039770 
0.088610 0.033620 0.036890 0.080480 0.085360 
0.014750 0.040430 0.050680 0.038260 0.040900 
0.069580 0.058540 0.064720 0.010490 0.029920 
4
0.620527 0.015788 0.046210 
0.337596 0.967741 0.462022 
0.041877 0.016471 0.491768 
0.073376 0.011251 0.064238 0.076608 0.031222 
0.066139 0.026792 0.042586 0.071292 0.073232 
0.020173 0.059301 0.047289 0.046403 0.060440 
0.068862 0.061229 0.054836 0.011290 0.033443 
0.087130 0.033470 0.046870 0.049530 0.039770 
0.088610 0.033620 0.036890 0.080480 0.085360 
0.014750 0.040430 0.050680 0.038260 0.040900 
0.069580 0.058540 0.064720 0.010490 0.029920 
5
0.620527 0.015788 0.046210 
0.337596 0.967741 0.462022 
0.041877 0.016471 0.491768 
0.078451 0.011753 0.058101 0.078040 0.031683 
0.053872 0.024996 0.047800 0.072504 0.082596 
0.022037 0.047812 0.051190 0.046735 0.060897 
0.066346 0.060954 0.061437 0.010810 0.031985 
0.087130 0.033470 0.046870 0.049530 0.039770 
0.088610 0.033620 0.036890 0.080480 0.085360 
0.014750 0.040430 0.050680 0.038260 0.040900 
0.069580 0.058540 0.064720 0.010490 0.029920 
6
0.460451 0.015788 0.046210 
0.497672 0.967741 0.462022 
0.049858 0.015635 0.491768 
0.058610 0.006523 0.054546 0.087054 0.015936 
0.042024 0.024416 0.024673 0.207689 0.043051 
0.013665 0.046423 0.034807 0.057126 0.117125 
0.057929 0.049419 0.033723 0.006407 0.018853 
0.087130 0.033470 0.046870 0.049530 0.039770 
0.088610 0.033620 0.036890 0.080480 0.085360 
0.014750 0.040430 0.050680 0.038260 0.040900 
0.069580 0.058540 0.064720 0.010490 0.029920 
7
0.548206 0.014987 0.046210 
0.401936 0.969377 0.462022 
0.049858 0.015635 0.491768 
0.061269 0.005535 0.158108 0.193821 0.012892 
0.049138 0.021901 0.017848 0.076299 0.030981 
0.010169 0.055537 0.037788 0.054872 0.052642 
0.064636 0.048295 0.026916 0.005444 0.015909 
0.087130 0.033470 0.046870 0.049530 0.039770 
0.088610 0.033620 0.036890 0.080480 0.085360 
0.014750 0.040430 0.050680 0.038260 0.040900 
0.069580 0.058540 0.064720 0.010490 0.029920 
8
0.548206 0.014987 0.046210 
0.401936 0.969377 0.462022 
0.049858 0.015635 0.491768 
0.061951 0.007057 0.062972 0.088134 0.017753 
0.046794 0.025450 0.025875 0.131517 0.044524 
0.014260 0.060094 0.034615 0.055864 0.144643 
0.063234 0.052424 0.035113 0.007169 0.020558 
0.087130 0.033470 0.046870 0.049530 0.039770 
0.088610 0.033620 0.036890 0.080480 0.085360 
0.014750 0.040430 0.050680 0.038260 0.040900 
0.069580 0.058540 0.064720 0.010490 0.029920 
9
0.548206 0.014987 0.046210 
0.401936 0.969377 0.462022 
0.049858 0.015635 0.491768 
0.047857 0.012923 0.026832 0.033365 0.093904 
0.030821 0.037113 0.043406 0.034515 0.074152 
0.021741 0.030458 0.022681 0.025770 0.034724 
0.040718 0.039031 0.050570 0.041385 0.258036 
0.087130 0.033470 0.046870 0.049530 0.039770 
0.088610 0.033620 0.036890 0.080480 0.085360 
0.014750 0.040430 0.050680 0.038260 0.040900 
0.069580 0.058540 0.064720 0.010490 0.029920 
10
0.546963 0.014987 0.046210 
0.403179 0.969377 0.462022 
0.049920 0.015630 0.491768 
0.126573 0.010527 0.055013 0.072517 0.029864 
0.048902 0.027049 0.041746 0.067949 0.065883 
0.020963 0.051837 0.036773 0.054036 0.064473 
0.066251 0.061745 0.052040 0.011336 0.034524 
0.087130 0.033470 0.046870 0.049530 0.039770 
0.088610 0.033620 0.036890 0.080480 0.085360 
0.014750 0.040430 0.050680 0.038260 0.040900 
0.069580 0.058540 0.064720 0.010490 0.029920 
11
0.547644 0.014982 0.046210 
0.402436 0.969387 0.462022 
0.049920 0.015630 0.491768 
0.100755 0.014965 0.035570 0.047980 0.045868 
0.036571 0.030638 0.064948 0.049343 0.108992 
0.040138 0.035224 0.032058 0.037704 0.048985 
0.059167 0.061189 0.081295 0.016566 0.052045 
0.087130 0.033470 0.046870 0.049530 0.039770 
0.088610 0.033620 0.036890 0.080480 0.085360 
0.014750 0.040430 0.050680 0.038260 0.040900 
0.069580 0.058540 0.064720 0.010490 0.029920 
12
0.418517 0.014982 0.046210 
0.531563 0.969387 0.462022 
0.057322 0.015112 0.491768 
0.065725 0.011564 0.015400 0.017221 0.046563 
0.027089 0.011927 0.095863 0.018547 0.254280 
0.184093 0.014591 0.013249 0.015765 0.019986 
0.021257 0.041064 0.087155 0.011122 0.027540 
0.087130 0.033470 0.046870 0.049530 0.039770 
0.088610 0.033620 0.036890 0.080480 0.085360 
0.014750 0.040430 0.050680 0.038260 0.040900 
0.069580 0.058540 0.064720 0.010490 0.029920 
13
0.480572 0.014485 0.046210 
0.462106 0.970403 0.462022 
0.057322 0.015112 0.491768 
0.093435 0.007176 0.035469 0.038314 0.019288 
0.037767 0.014012 0.029753 0.037914 0.040450 
0.011924 0.032979 0.023918 0.027844 0.029670 
0.089144 0.360534 0.043603 0.006792 0.020014 
0.087130 0.033470 0.046870 0.049530 0.039770 
0.088610 0.033620 0.036890 0.080480 0.085360 
0.014750 0.040430 0.050680 0.038260 0.040900 
0.069580 0.058540 0.064720 0.010490 0.029920 
14
0.479840 0.014485 0.046210 
0.462838 0.970403 0.462022 
0.057364 0.015109 0.491768 
0.050232 0.004909 0.037793 0.044913 0.015858 
0.038533 0.015893 0.022731 0.049721 0.039434 
0.011178 0.030162 0.023806 0.031719 0.452552 
0.037703 0.035674 0.031328 0.007111 0.018749 
0.087130 0.033470 0.046870 0.049530 0.039770 
0.088610 0.033620 0.036890 0.080480 0.085360 
0.014750 0.040430 0.050680 0.038260 0.040900 
0.069580 0.058540 0.064720 0.010490 0.029920 
15
0.480192 0.014483 0.046210 
0.462445 0.970408 0.462022 
0.057364 0.015109 0.491768 
0.046865 0.004294 0.366739 0.057128 0.013461 
0.124002 0.014964 0.016550 0.040048 0.026643 
0.008168 0.073413 0.023220 0.027447 0.027885 
0.049267 0.036937 0.023064 0.005142 0.014765 
0.087130 0.033470 0.046870 0.049530 0.039770 
0.088610 0.033620 0.036890 0.080480 0.085360 
0.014750 0.040430 0.050680 0.038260 0.040900 
0.069580 0.058540 0.064720 0.010490 0.029920 
16
0.480192 0.014483 0.046210 
0.462445 0.970408 0.462022 
0.057364 0.015109 0.491768 
0.043923 0.008881 0.009293 0.011274 0.034788 
0.015193 0.007158 0.066799 0.011999 0.559459 
0.030000 0.009443 0.010233 0.010501 0.012035 
0.014664 0.032185 0.085003 0.007999 0.019170 
0.087130 0.033470 0.046870 0.049530 0.039770 
0.088610 0.033620 0.036890 0.080480 0.085360 
0.014750 0.040430 0.050680 0.038260 0.040900 
0.069580 0.058540 0.064720 0.010490 0.029920 
17
0.479472 0.014483 0.046210 
0.463164 0.970408 0.462022 
0.057405 0.015107 0.491768 
0.141099 0.007654 0.067407 0.039297 0.022400 
0.283408 0.018323 0.028980 0.038122 0.042900 
0.014242 0.053879 0.027475 0.025958 0.029737 
0.056536 0.036305 0.034006 0.009100 0.023172 
0.087130 0.033470 0.046870 0.049530 0.039770 
0.088610 0.033620 0.036890 0.080480 0.085360 
0.014750 0.040430 0.050680 0.038260 0.040900 
0.069580 0.058540 0.064720 0.010490 0.029920 
18
0.479817 0.014481 0.046210 
0.462778 0.970413 0.462022 
0.057405 0.015107 0.491768 
0.018997 0.005008 0.009330 0.011426 0.035693 
0.018069 0.006387 0.018743 0.009781 0.045274 
0.010821 0.007673 0.008413 0.006514 0.013923 
0.012263 0.011003 0.024232 0.695985 0.030464 
0.087130 0.033470 0.046870 0.049530 0.039770 
0.088610 0.033620 0.036890 0.080480 0.085360 
0.014750 0.040430 0.050680 0.038260 0.040900 
0.069580 0.058540 0.064720 0.010490 0.029920 
19
0.479817 0.014481 0.046210 
0.462778 0.970413 0.462022 
0.057405 0.015107 0.491768 
0.083425 0.002889 0.134128 0.310429 0.014443 
0.036414 0.013662 0.016441 0.056992 0.033166 
0.009792 0.030347 0.020158 0.056490 0.036851 
0.055182 0.042916 0.024645 0.005923 0.015708 
0.087130 0.033470 0.046870 0.049530 0.039770 
0.088610 0.033620 0.036890 0.080480 0.085360 
0.014750 0.040430 0.050680 0.038260 0.040900 
0.069580 0.058540 0.064720 0.010490 0.029920 
20
0.479817 0.014481 0.046210 
0.462778 0.970413 0.462022 
0.057405 0.015107 0.491768 
0.070052 0.008197 0.045651 0.037440 0.036612 
0.061825 0.017780 0.039600 0.039218 0.062123 
0.012962 0.044139 0.166205 0.025729 0.029854 
0.109022 0.101148 0.053216 0.010883 0.028344 
0.087130 0.033470 0.046870 0.049530 0.039770 
0.088610 0.033620 0.036890 0.080480 0.085360 
0.014750 0.040430 0.050680 0.038260 0.040900 
0.069580 0.058540 0.064720 0.010490 0.029920 
21
0.479817 0.014481 0.046210 
0.462778 0.970413 0.462022 
0.057405 0.015107 0.491768 
0.058869 0.007380 0.042278 0.039928 0.018822 
0.056424 0.014977 0.025490 0.037470 0.032919 
0.010331 0.042375 0.027329 0.027837 0.028311 
0.301105 0.160441 0.040105 0.006991 0.020620 
0.087130 0.033470 0.046870 0.049530 0.039770 
0.088610 0.033620 0.036890 0.080480 0.085360 
0.014750 0.040430 0.050680 0.038260 0.040900 
0.069580 0.058540 0.064720 0.010490 0.029920 
22
0.479817 0.014481 0.046210 
0.462778 0.970413 0.462022 
0.057405 0.015107 0.491768 
0.032831 0.005817 0.017665 0.018835 0.059807 
0.026833 0.015534 0.027610 0.019026 0.045621 
0.011136 0.015565 0.014146 0.014480 0.019003 
0.023909 0.023095 0.036479 0.014826 0.557782 
0.087130 0.033470 0.046870 0.049530 0.039770 
0.088610 0.033620 0.036890 0.080480 0.085360 
0.014750 0.040430 0.050680 0.038260 0.040900 
0.069580 0.058540 0.064720 0.010490 0.029920 
23
0.479817 0.014481 0.046210 
0.462778 0.970413 0.462022 
0.057405 0.015107 0.491768 
0.067345 0.005315 0.052536 0.096590 0.018946 
0.039775 0.018558 0.027128 0.062743 0.046478 
0.013630 0.035760 0.025834 0.245605 0.056177 
0.047141 0.042804 0.067187 0.008289 0.022161 
0.087130 0.033470 0.046870 0.049530 0.039770 
0.088610 0.033620 0.036890 0.080480 0.085360 
0.014750 0.040430 0.050680 0.038260 0.040900 
0.069580 0.058540 0.064720 0.010490 0.029920 
24
0.479817 0.014481 0.046210 
0.462778 0.970413 0.462022 
0.057405 0.015107 0.491768 
0.074167 0.005605 0.071037 0.060602 0.022929 
0.051978 0.020239 0.034653 0.076087 0.056037 
0.015873 0.042116 0.069756 0.040485 0.160953 
0.070530 0.049104 0.041339 0.010323 0.026187 
0.087130 0.033470 0.046870 0.049530 0.039770 
0.088610 0.033620 0.036890 0.080480 0.085360 
0.014750 0.040430 0.050680 0.038260 0.040900 
0.069580 0.058540 0.064720 0.010490 0.029920 
25
0.479817 0.014481 0.046210 
0.462778 0.970413 0.462022 
0.057405 0.015107 0.491768 
0.077209 0.010997 0.046844 0.053328 0.053826 
0.070985 0.054819 0.057690 0.042106 0.086998 
0.032965 0.045715 0.029455 0.031324 0.047816 
0.049566 0.041953 0.061168 0.022300 0.082935 
0.087130 0.033470 0.046870 0.049530 0.039770 
0.088610 0.033620 0.036890 0.080480 0.085360 
0.014750 0.040430 0.050680 0.038260 0.040900 
0.069580 0.058540 0.064720 0.010490 0.029920 
26
0.479817 0.014481 0.046210 
0.462778 0.970413 0.462022 
0.057405 0.015107 0.491768 
0.077316 0.002732 0.175365 0.261833 0.014600 
0.037890 0.013769 0.016469 0.064182 0.033417 
0.009702 0.034856 0.020268 0.064429 0.036884 
0.056680 0.034212 0.024069 0.005829 0.015500 
0.087130 0.033470 0.046870 0.049530 0.039770 
0.088610 0.033620 0.036890 0.080480 0.085360 
0.014750 0.040430 0.050680 0.038260 0.040900 
0.069580 0.058540 0.064720 0.010490 0.029920 
27
0.479817 0.014481 0.046210 
0.462778 0.970413 0.462022 
0.057405 0.015107 0.491768 
0.064309 0.003530 0.247613 0.149230 0.014388 
0.041397 0.015675 0.019171 0.099019 0.034297 
0.010047 0.051668 0.023592 0.045574 0.040079 
0.050819 0.037043 0.030543 0.005817 0.016188 
0.087130 0.033470 0.046870 0.049530 0.039770 
0.088610 0.033620 0.036890 0.080480 0.085360 
0.014750 0.040430 0.050680 0.038260 0.040900 
0.069580 0.058540 0.064720 0.010490 0.029920 
28
0.479817 0.014481 0.046210 
0.462778 0.970413 0.462022 
0.057405 0.015107 0.491768 
0.064907 0.012983 0.008428 0.007883 0.036204 
0.017125 0.007051 0.276585 0.011197 0.097406 
0.018224 0.007746 0.012065 0.007646 0.010438 
0.016779 0.029394 0.330797 0.006566 0.020574 
0.087130 0.033470 0.046870 0.049530 0.039770 
0.088610 0.033620 0.036890 0.080480 0.085360 
0.014750 0.040430 0.050680 0.038260 0.040900 
0.069580 0.058540 0.064720 0.010490 0.029920 
29
0.479817 0.014481 0.046210 
0.462778 0.970413 0.462022 
0.057405 0.015107 0.491768 
0.035826 0.007988 0.011997 0.015496 0.529232 
0.020272 0.009212 0.044333 0.013628 0.073692 
0.015944 0.010892 0.011906 0.011650 0.011084 
0.019782 0.021760 0.047930 0.021640 0.065736 
0.087130 0.033470 0.046870 0.049530 0.039770 
0.088610 0.033620 0.036890 0.080480 0.085360 
0.014750 0.040430 0.050680 0.038260 0.040900 
0.069580 0.058540 0.064720 0.010490 0.029920 
30
0.479817 0.014481 0.046210 
0.462778 0.970413 0.462022 
0.057405 0.015107 0.491768 
0.053421 0.004331 0.035486 0.035619 0.017356 
0.038298 0.011817 0.024823 0.051977 0.040994 
0.007487 0.028085 0.447461 0.025255 0.036682 
0.043600 0.037242 0.036608 0.006177 0.017280 
0.087130 0.033470 0.046870 0.049530 0.039770 
0.088610 0.033620 0.036890 0.080480 0.085360 
0.014750 0.040430 0.050680 0.038260 0.040900 
0.069580 0.058540 0.064720 0.010490 0.029920 
31
0.479817 0.087842 0.046210 
0.462778 0.897051 0.462022 
0.043213 0.016303 0.491768 
0.083278 0.005223 0.060963 0.111779 0.019247 
0.043523 0.027033 0.026307 0.068336 0.046067 
0.013442 0.038317 0.026789 0.219412 0.050412 
0.050511 0.043315 0.035036 0.008407 0.022601 
0.087130 0.033470 0.046870 0.049530 0.039770 
0.088610 0.033620 0.036890 0.080480 0.085360 
0.014750 0.040430 0.050680 0.038260 0.040900 
0.069580 0.058540 0.064720 0.010490 0.029920 
32
0.608420 0.029470 0.046210 
0.348367 0.954228 0.462022 
0.041423 0.016532 0.491768 
0.082161 0.013468 0.057550 0.073994 0.033103 
0.060405 0.024191 0.050797 0.065819 0.077701 
0.021541 0.045476 0.053513 0.042849 0.056323 
0.068515 0.062511 0.065897 0.011345 0.032840 
0.087130 0.033470 0.046870 0.049530 0.039770 
0.088610 0.033620 0.036890 0.080480 0.085360 
0.014750 0.040430 0.050680 0.038260 0.040900 
0.069580 0.058540 0.064720 0.010490 0.029920 
33
0.387663 0.016367 0.046210 
0.570914 0.967101 0.462022 
0.054179 0.015310 0.491768 
0.050357 0.013806 0.021225 0.030269 0.113187 
0.026104 0.033407 0.052545 0.032086 0.095541 
0.027750 0.026867 0.022073 0.025856 0.033988 
0.038452 0.041734 0.060274 0.026625 0.227856 
0.087130 0.033470 0.046870 0.049530 0.039770 
0.088610 0.033620 0.036890 0.080480 0.085360 
0.014750 0.040430 0.050680 0.038260 0.040900 
0.069580 0.058540 0.064720 0.010490 0.029920 
34
0.454859 0.014676 0.046210 
0.490963 0.970014 0.462022 
0.057283 0.015114 0.491768 
0.079881 0.003662 0.149381 0.222687 0.017582 
0.042249 0.015883 0.022239 0.066584 0.039107 
0.011142 0.039626 0.023504 0.051500 0.039922 
0.069670 0.047088 0.032587 0.007192 0.018513 
0.087130 0.033470 0.046870 0.049530 0.039770 
0.088610 0.033620 0.036890 0.080480 0.085360 
0.014750 0.040430 0.050680 0.038260 0.040900 
0.069580 0.058540 0.064720 0.010490 0.029920 
35
0.478797 0.014488 0.046210 
0.463919 0.970398 0.462022 
0.057405 0.015107 0.491768 
0.083663 0.007502 0.060715 0.043837 0.024971 
0.238053 0.021473 0.030027 0.051778 0.043074 
0.014300 0.064718 0.035487 0.029116 0.035831 
0.098828 0.047942 0.032592 0.010408 0.025685 
0.087130 0.033470 0.046870 0.049530 0.039770 
0.088610 0.033620 0.036890 0.080480 0.085360 
0.014750 0.040430 0.050680 0.038260 0.040900 
0.069580 0.058540 0.064720 0.010490 0.029920 
36
0.479817 0.014481 0.046210 
0.462778 0.970413 0.462022 
0.057405 0.015107 0.491768 
0.054317 0.009571 0.018280 0.024919 0.338541 
0.032231 0.017887 0.041971 0.017531 0.067762 
0.016592 0.018895 0.015413 0.016611 0.017090 
0.034101 0.032307 0.050483 0.030431 0.145067 
0.087130 0.033470 0.046870 0.049530 0.039770 
0.088610 0.033620 0.036890 0.080480 0.085360 
0.014750 0.040430 0.050680 0.038260 0.040900 
0.069580 0.058540 0.064720 0.010490 0.029920 
37
0.479817 0.014481 0.046210 
0.462778 0.970413 0.462022 
0.057405 0.015107 0.491768 
0.057448 0.003436 0.069456 0.403846 0.017020 
0.051205 0.014453 0.016831 0.063415 0.032277 
0.009866 0.029456 0.021051 0.045134 0.038462 
0.043305 0.035643 0.025580 0.006025 0.016091 
0.087130 0.033470 0.046870 0.049530 0.039770 
0.088610 0.033620 0.036890 0.080480 0.085360 
0.014750 0.040430 0.050680 0.038260 0.040900 
0.069580 0.058540 0.064720 0.010490 0.029920 
38
0.479817 0.014481 0.046210 
0.462778 0.970413 0.462022 
0.057405 0.015107 0.491768 
0.050766 0.003332 0.041440 0.019836 0.007954 
0.657602 0.007767 0.010711 0.022256 0.016910 
0.006281 0.025580 0.016383 0.013192 0.020280 
0.033052 0.020419 0.011756 0.003854 0.010628 
0.087130 0.033470 0.046870 0.049530 0.039770 
0.088610 0.033620 0.036890 0.080480 0.085360 
0.014750 0.040430 0.050680 0.038260 0.040900 
0.069580 0.058540 0.064720 0.010490 0.029920 
39
0.479817 0.014481 0.046210 
0.462778 0.970413 0.462022 
0.057405 0.015107 0.491768 
0.045281 0.010588 0.008322 0.009203 0.036293 
0.015926 0.006836 0.443085 0.010864 0.115549 
0.022279 0.008353 0.010934 0.008832 0.010689 
0.014976 0.024501 0.170140 0.007530 0.019820 
0.087130 0.033470 0.046870 0.049530 0.039770 
0.088610 0.033620 0.036890 0.080480 0.085360 
0.014750 0.040430 0.050680 0.038260 0.040900 
0.069580 0.058540 0.064720 0.010490 0.029920 
40
0.479817 0.014481 0.046210 
0.462778 0.970413 0.462022 
0.057405 0.015107 0.491768 
0.064421 0.005492 0.046053 0.059286 0.015720 
0.038502 0.021141 0.029667 0.341450 0.042843 
0.012387 0.035808 0.041424 0.041613 0.057673 
0.045417 0.040467 0.033400 0.007366 0.019870 
0.087130 0.033470 0.046870 0.049530 0.039770 
0.088610 0.033620 0.036890 0.080480 0.085360 
0.014750 0.040430 0.050680 0.038260 0.040900 
0.069580 0.058540 0.064720 0.010490 0.029920 
41
0.479817 0.014481 0.046210 
0.462778 0.970413 0.462022 
0.057405 0.015107 0.491768 
0.064409 0.011199 0.013452 0.014996 0.035676 
0.034911 0.009153 0.391449 0.017303 0.098050 
0.023633 0.012458 0.013961 0.012939 0.016096 
0.021520 0.034821 0.143967 0.008007 0.022001 
0.087130 0.033470 0.046870 0.049530 0.039770 
0.088610 0.033620 0.036890 0.080480 0.085360 
0.014750 0.040430 0.050680 0.038260 0.040900 
0.069580 0.058540 0.064720 0.010490 0.029920 
42
0.479817 0.014481 0.046210 
0.462778 0.970413 0.462022 
0.057405 0.015107 0.491768 
0.062416 0.006883 0.049128 0.085005 0.023300 
0.048404 0.043807 0.031874 0.058590 0.046051 
0.014192 0.041319 0.029861 0.036396 0.041448 
0.068941 0.234543 0.042439 0.009482 0.025921 
0.087130 0.033470 0.046870 0.049530 0.039770 
0.088610 0.033620 0.036890 0.080480 0.085360 
0.014750 0.040430 0.050680 0.038260 0.040900 
0.069580 0.058540 0.064720 0.010490 0.029920 
43
0.479817 0.014481 0.046210 
0.462778 0.970413 0.462022 
0.057405 0.015107 0.491768 
0.062569 0.003599 0.393462 0.079104 0.012161 
0.049582 0.014494 0.017068 0.045738 0.026921 
0.008371 0.076966 0.021440 0.031901 0.029958 
0.048475 0.036641 0.023666 0.004365 0.013517 
0.087130 0.033470 0.046870 0.049530 0.039770 
0.088610 0.033620 0.036890 0.080480 0.085360 
0.014750 0.040430 0.050680 0.038260 0.040900 
0.069580 0.058540 0.064720 0.010490 0.029920 
44
0.479817 0.014481 0.046210 
0.462778 0.970413 0.462022 
0.057405 0.015107 0.491768 
0.020479 0.005066 0.010505 0.013196 0.069767 
0.015537 0.012324 0.022251 0.012857 0.046412 
0.011074 0.010870 0.009575 0.009750 0.016263 
0.016559 0.015638 0.023415 0.596216 0.062249 
0.087130 0.033470 0.046870 0.049530 0.039770 
0.088610 0.033620 0.036890 0.080480 0.085360 
0.014750 0.040430 0.050680 0.038260 0.040900 
0.069580 0.058540 0.064720 0.010490 0.029920 
45
0.479817 0.014481 0.046210 
0.462778 0.970413 0.462022 
0.057405 0.015107 0.491768 
0.057986 0.005006 0.250564 0.095155 0.017829 
0.054436 0.017838 0.019976 0.048821 0.038700 
0.010273 0.068796 0.027446 0.037450 0.034124 
0.117742 0.043321 0.027458 0.008160 0.018918 
0.087130 0.033470 0.046870 0.049530 0.039770 
0.088610 0.033620 0.036890 0.080480 0.085360 
0.014750 0.040430 0.050680 0.038260 0.040900 
0.069580 0.058540 0.064720 0.010490 0.029920 
46
0.479817 0.014481 0.046210 
0.462778 0.970413 0.462022 
0.057405 0.015107 0.491768 
0.108900 0.004240 0.064313 0.078496 0.016418 
0.055487 0.017743 0.026179 0.148887 0.046176 
0.012514 0.041614 0.025301 0.153152 0.055232 
0.049063 0.037783 0.032037 0.007134 0.019332 
0.087130 0.033470 0.046870 0.049530 0.039770 
0.088610 0.033620 0.036890 0.080480 0.085360 
0.014750 0.040430 0.050680 0.038260 0.040900 
0.069580 0.058540 0.064720 0.010490 0.029920 
47
0.479817 0.014481 0.046210 
0.462778 0.970413 0.462022 
0.057405 0.015107 0.491768 
0.019115 0.004901 0.006518 0.010965 0.049200 
0.013960 0.006181 0.021652 0.009298 0.054264 
0.013063 0.006393 0.006398 0.006238 0.014988 
0.011182 0.010298 0.027411 0.667704 0.040270 
0.087130 0.033470 0.046870 0.049530 0.039770 
0.088610 0.033620 0.036890 0.080480 0.085360 
0.014750 0.040430 0.050680 0.038260 0.040900 
0.069580 0.058540 0.064720 0.010490 0.029920 
48
0.479817 0.014481 0.046210 
0.462778 0.970413 0.462022 
0.057405 0.015107 0.491768 
0.058863 0.002925 0.128864 0.384032 0.013189 
0.034000 0.013148 0.015128 0.051338 0.030450 
0.009235 0.027817 0.019764 0.048765 0.034823 
0.044149 0.033934 0.029056 0.005573 0.014948 
0.087130 0.033470 0.046870 0.049530 0.039770 
0.088610 0.033620 0.036890 0.080480 0.085360 
0.014750 0.040430 0.050680 0.038260 0.040900 
0.069580 0.058540 0.064720 0.010490 0.029920 
49
0.479817 0.014481 0.046210 
0.462778 0.970413 0.462022 
0.057405 0.015107 0.491768 
0.044920 0.003271 0.431951 0.118905 0.011333 
0.037609 0.013193 0.014786 0.042007 0.024997 
0.007677 0.054600 0.020090 0.031940 0.028558 
0.042394 0.032792 0.021742 0.004319 0.012913 
0.087130 0.033470 0.046870 0.049530 0.039770 
0.088610 0.033620 0.036890 0.080480 0.085360 
0.014750 0.040430 0.050680 0.038260 0.040900 
0.069580 0.058540 0.064720 0.010490 0.029920 
50
0.479817 0.014481 0.046210 
0.462778 0.970413 0.462022 
0.057405 0.015107 0.491768 
0.049092 0.004999 0.030336 0.035454 0.010542 
0.032282 0.010911 0.017040 0.032155 0.029222 
0.006340 0.020130 0.569416 0.018863 0.023656 
0.041800 0.028300 0.026000 0.003417 0.010044 
0.087130 0.033470 0.046870 0.049530 0.039770 
0.088610 0.033620 0.036890 0.080480 0.085360 
0.014750 0.040430 0.050680 0.038260 0.040900 
0.069580 0.058540 0.064720 0.010490 0.029920 
51
0.479817 0.014481 0.046210 
0.462778 0.970413 0.462022 
0.057405 0.015107 0.491768 
0.034256 0.008133 0.010697 0.014999 0.509927 
0.019272 0.009621 0.040844 0.012357 0.070289 
0.015118 0.010167 0.011164 0.011207 0.009705 
0.020005 0.021343 0.045622 0.026497 0.098777 
0.087130 0.033470 0.046870 0.049530 0.039770 
0.088610 0.033620 0.036890 0.080480 0.085360 
0.014750 0.040430 0.050680 0.038260 0.040900 
0.069580 0.058540 0.064720 0.010490 0.029920 
52
0.479817 0.014481 0.046210 
0.462778 0.970413 0.462022 
0.057405 0.015107 0.491768 
0.057363 0.004548 0.042166 0.054239 0.015628 
0.036714 0.017602 0.023813 0.094828 0.041300 
0.012395 0.034308 0.024669 0.038717 0.359652 
0.042065 0.039881 0.032427 0.007579 0.020104 
0.087130 0.033470 0.046870 0.049530 0.039770 
0.088610 0.033620 0.036890 0.080480 0.085360 
0.014750 0.040430 0.050680 0.038260 0.040900 
0.069580 0.058540 0.064720 0.010490 0.029920 
53
0.479817 0.014481 0.046210 
0.462778 0.970413 0.462022 
0.057405 0.015107 0.491768 
0.043374 0.009131 0.007774 0.009335 0.036053 
0.014097 0.006684 0.083490 0.009860 0.548327 
0.028861 0.008260 0.009606 0.009595 0.010500 
0.013258 0.021607 0.102801 0.008094 0.019291 
0.087130 0.033470 0.046870 0.049530 0.039770 
0.088610 0.033620 0.036890 0.080480 0.085360 
0.014750 0.040430 0.050680 0.038260 0.040900 
0.069580 0.058540 0.064720 0.010490 0.029920 
54
0.479817 0.014481 0.046210 
0.462778 0.970413 0.462022 
0.057405 0.015107 0.491768 
0.048969 0.006262 0.034533 0.035848 0.016760 
0.035356 0.013155 0.025168 0.035258 0.033090 
0.009878 0.032397 0.023088 0.025932 0.027291 
0.108094 0.426655 0.037944 0.006081 0.018242 
0.087130 0.033470 0.046870 0.049530 0.039770 
0.088610 0.033620 0.036890 0.080480 0.085360 
0.014750 0.040430 0.050680 0.038260 0.040900 
0.069580 0.058540 0.064720 0.010490 0.029920 
55
0.479817 0.014481 0.046210 
0.462778 0.970413 0.462022 
0.057405 0.015107 0.491768 
0.072095 0.011581 0.023239 0.026708 0.052220 
0.038720 0.014648 0.074195 0.027313 0.115022 
0.242477 0.021137 0.017975 0.021249 0.026446 
0.031182 0.035798 0.082056 0.013295 0.052645 
0.087130 0.033470 0.046870 0.049530 0.039770 
0.088610 0.033620 0.036890 0.080480 0.085360 
0.014750 0.040430 0.050680 0.038260 0.040900 
0.069580 0.058540 0.064720 0.010490 0.029920 
56
0.479817 0.014481 0.046210 
0.462778 0.970413 0.462022 
0.057405 0.015107 0.491768 
0.045148 0.003751 0.440772 0.059234 0.012085 
0.039035 0.014507 0.016335 0.044912 0.027189 
0.008319 0.054760 0.026124 0.030485 0.057169 
0.042858 0.034598 0.023586 0.004896 0.014239 
0.087130 0.033470 0.046870 0.049530 0.039770 
0.088610 0.033620 0.036890 0.080480 0.085360 
0.014750 0.040430 0.050680 0.038260 0.040900 
0.069580 0.058540 0.064720 0.010490 0.029920 
57
0.479817 0.014481 0.046210 
0.462778 0.970413 0.462022 
0.057405 0.015107 0.491768 
0.156894 0.006669 0.075755 0.079630 0.022418 
0.062987 0.020554 0.027302 0.054899 0.046183 
0.013418 0.154035 0.029130 0.036556 0.041566 
0.060920 0.042818 0.035202 0.009379 0.023684 
0.087130 0.033470 0.046870 0.049530 0.039770 
0.088610 0.033620 0.036890 0.080480 0.085360 
0.014750 0.040430 0.050680 0.038260 0.040900 
0.069580 0.058540 0.064720 0.010490 0.029920 
58
0.479817 0.014481 0.046210 
0.462778 0.970413 0.462022 
0.057405 0.015107 0.491768 
0.029010 0.008903 0.016097 0.018576 0.101632 
0.018974 0.028192 0.030264 0.019356 0.056565 
0.014389 0.018040 0.013311 0.013957 0.019826 
0.023444 0.021584 0.033207 0.030439 0.484231 
0.087130 0.033470 0.046870 0.049530 0.039770 
0.088610 0.033620 0.036890 0.080480 0.085360 
0.014750 0.040430 0.050680 0.038260 0.040900 
0.069580 0.058540 0.064720 0.010490 0.029920 
59
0.479817 0.014481 0.046210 
0.462778 0.970413 0.462022 
0.057405 0.015107 0.491768 
0.023329 0.005372 0.008150 0.012269 0.042138 
0.015370 0.006697 0.026625 0.011026 0.059304 
0.014062 0.007766 0.007627 0.007678 0.015376 
0.012859 0.012737 0.059189 0.617847 0.034580 
0.087130 0.033470 0.046870 0.049530 0.039770 
0.088610 0.033620 0.036890 0.080480 0.085360 
0.014750 0.040430 0.050680 0.038260 0.040900 
0.069580 0.058540 0.064720 0.010490 0.029920 
60
0.479817 0.014481 0.046210 
0.462778 0.970413 0.462022 
0.057405 0.015107 0.491768 
0.060162 0.004263 0.044613 0.058285 0.014475 
0.036254 0.024587 0.021997 0.380167 0.038798 
0.014037 0.035018 0.024900 0.040983 0.060167 
0.045554 0.039604 0.030429 0.006950 0.018756 
0.087130 0.033470 0.046870 0.049530 0.039770 
0.088610 0.033620 0.036890 0.080480 0.085360 
0.014750 0.040430 0.050680 0.038260 0.040900 
0.069580 0.058540 0.064720 0.010490 0.029920 
61
0.479817 0.014481 0.046210 
0.462778 0.970413 0.462022 
0.057405 0.015107 0.491768 
0.051610 0.010342 0.019666 0.021585 0.240579 
0.038586 0.021971 0.059005 0.016615 0.077118 
0.019690 0.025276 0.016634 0.016869 0.019465 
0.031539 0.030758 0.067791 0.029117 0.185783 
0.087130 0.033470 0.046870 0.049530 0.039770 
0.088610 0.033620 0.036890 0.080480 0.085360 
0.014750 0.040430 0.050680 0.038260 0.040900 
0.069580 0.058540 0.064720 0.010490 0.029920 
62
0.479817 0.014481 0.046210 
0.462778 0.970413 0.462022 
0.057405 0.015107 0.491768 
0.055147 0.005248 0.043327 0.054388 0.017241 
0.038780 0.016844 0.024466 0.054131 0.042700 
0.012101 0.032648 0.024519 0.394261 0.041998 
0.041982 0.039613 0.033814 0.007280 0.019511 
0.087130 0.033470 0.046870 0.049530 0.039770 
0.088610 0.033620 0.036890 0.080480 0.085360 
0.014750 0.040430 0.050680 0.038260 0.040900 
0.069580 0.058540 0.064720 0.010490 0.029920 
63
0.479817 0.014481 0.046210 
0.462778 0.970413 0.462022 
0.057405 0.015107 0.491768 
0.302549 0.012240 0.033101 0.039477 0.026386 
0.089728 0.014790 0.038794 0.038611 0.060140 
0.017445 0.026458 0.023137 0.027445 0.043909 
0.065999 0.039579 0.066803 0.008677 0.024731 
0.087130 0.033470 0.046870 0.049530 0.039770 
0.088610 0.033620 0.036890 0.080480 0.085360 
0.014750 0.040430 0.050680 0.038260 0.040900 
0.069580 0.058540 0.064720 0.010490 0.029920 
64
0.479817 0.014481 0.046210 
0.462778 0.970413 0.462022 
0.057405 0.015107 0.491768 
0.053844 0.003282 0.078665 0.439359 0.012770 
0.042699 0.013563 0.015206 0.049553 0.029548 
0.008994 0.027507 0.020299 0.042580 0.035241 
0.041269 0.041151 0.023742 0.005624 0.015105 
0.087130 0.033470 0.046870 0.049530 0.039770 
0.088610 0.033620 0.036890 0.080480 0.085360 
0.014750 0.040430 0.050680 0.038260 0.040900 
0.069580 0.058540 0.064720 0.010490 0.029920 
65
0.479817 0.014481 0.046210 
0.462778 0.970413 0.462022 
0.057405 0.015107 0.491768 
0.047333 0.005161 0.045053 0.070949 0.011724 
0.035985 0.019309 0.018811 0.368727 0.033424 
0.010363 0.037125 0.028881 0.046956 0.090562 
0.045163 0.039188 0.026148 0.004726 0.014413 
0.087130 0.033470 0.046870 0.049530 0.039770 
0.088610 0.033620 0.036890 0.080480 0.085360 
0.014750 0.040430 0.050680 0.038260 0.040900 
0.069580 0.058540 0.064720 0.010490 0.029920 
66
0.479817 0.014481 0.046210 
0.462778 0.970413 0.462022 
0.057405 0.015107 0.491768 
0.052317 0.003079 0.100516 0.451861 0.012323 
0.033876 0.012864 0.014124 0.046982 0.028016 
0.008488 0.026113 0.019739 0.042190 0.033037 
0.040163 0.032110 0.022432 0.005356 0.014413 
0.087130 0.033470 0.046870 0.049530 0.039770 
0.088610 0.033620 0.036890 0.080480 0.085360 
0.014750 0.040430 0.050680 0.038260 0.040900 
0.069580 0.058540 0.064720 0.010490 0.029920 
67
0.479817 0.014481 0.046210 
0.462778 0.970413 0.462022 
0.057405 0.015107 0.491768 
0.080823 0.004565 0.052970 0.059141 0.017303 
0.038702 0.018027 0.028371 0.099550 0.048074 
0.014143 0.035107 0.025420 0.041045 0.270447 
0.052966 0.047145 0.035831 0.008341 0.022029 
0.087130 0.033470 0.046870 0.049530 0.039770 
0.088610 0.033620 0.036890 0.080480 0.085360 
0.014750 0.040430 0.050680 0.038260 0.040900 
0.069580 0.058540 0.064720 0.010490 0.029920 
68
0.479817 0.014481 0.046210 
0.462778 0.970413 0.462022 
0.057405 0.015107 0.491768 
0.061919 0.004155 0.045580 0.059266 0.014136 
0.062323 0.017155 0.021545 0.347071 0.037952 
0.011162 0.035044 0.025437 0.041095 0.061933 
0.052658 0.046839 0.029632 0.006773 0.018325 
0.087130 0.033470 0.046870 0.049530 0.039770 
0.088610 0.033620 0.036890 0.080480 0.085360 
0.014750 0.040430 0.050680 0.038260 0.040900 
0.069580 0.058540 0.064720 0.010490 0.029920 
69
0.479817 0.014481 0.046210 
0.462778 0.970413 0.462022 
0.057405 0.015107 0.491768 
0.052035 0.009327 0.008341 0.009860 0.043078 
0.015070 0.007053 0.083170 0.010405 0.524204 
0.024712 0.008692 0.009888 0.009684 0.011098 
0.014055 0.027466 0.103875 0.008201 0.019786 
0.087130 0.033470 0.046870 0.049530 0.039770 
0.088610 0.033620 0.036890 0.080480 0.085360 
0.014750 0.040430 0.050680 0.038260 0.040900 
0.069580 0.058540 0.064720 0.010490 0.029920 
70
0.479817 0.014481 0.046210 
0.462778 0.970413 0.462022 
0.057405 0.015107 0.491768 
0.035805 0.005702 0.020365 0.023688 0.065377 
0.036031 0.017980 0.024013 0.030032 0.041485 
0.010855 0.018628 0.015015 0.018276 0.023594 
0.027835 0.026356 0.035317 0.016597 0.507047 
0.087130 0.033470 0.046870 0.049530 0.039770 
0.088610 0.033620 0.036890 0.080480 0.085360 
0.014750 0.040430 0.050680 0.038260 0.040900 
0.069580 0.058540 0.064720 0.010490 0.029920 
71
0.479817 0.014481 0.046210 
0.462778 0.970413 0.462022 
0.057405 0.020185 0.486431 
0.472965 0.010040 0.026300 0.030524 0.021205 
0.046941 0.011852 0.030548 0.029441 0.048852 
0.013678 0.021013 0.018754 0.021401 0.025233 
0.063504 0.033067 0.048548 0.006802 0.019334 
0.087129 0.033470 0.046870 0.049530 0.039770 
0.088609 0.033620 0.036899 0.080479 0.085359 
0.014750 0.040430 0.050680 0.038260 0.040900 
0.069579 0.058539 0.064719 0.010490 0.029920 
72
0.479817 0.014481 0.045709 
0.462778 0.965335 0.467861 
0.057405 0.015107 0.491768 
0.045938 0.011842 0.007852 0.007755 0.035687 
0.015445 0.006603 0.348227 0.010443 0.097292 
0.019267 0.007504 0.011293 0.007538 0.009824 
0.015198 0.026481 0.289416 0.006717 0.019678 
0.087130 0.033470 0.046870 0.049530 0.039770 
0.088610 0.033620 0.036890 0.080480 0.085360 
0.014750 0.040430 0.050680 0.038260 0.040900 
0.069580 0.058540 0.064720 0.010490 0.029920 
73
0.479817 0.014481 0.046210 
0.462778 0.970413 0.462022 
0.057405 0.015107 0.491768 
0.075946 0.012750 0.028019 0.027003 0.128917 
0.050942 0.021319 0.129296 0.029857 0.126486 
0.027211 0.025819 0.022588 0.022343 0.032754 
0.035371 0.037918 0.101748 0.016638 0.047076 
0.087130 0.033470 0.046870 0.049530 0.039770 
0.088610 0.033620 0.036890 0.080480 0.085360 
0.014750 0.040430 0.050680 0.038260 0.040900 
0.069580 0.058540 0.064720 0.010490 0.029920 
74
0.479817 0.014481 0.046210 
0.462778 0.970413 0.462022 
0.057405 0.015107 0.491768 
0.052500 0.003569 0.395049 0.078278 0.011971 
0.041918 0.014579 0.016863 0.045129 0.026401 
0.008250 0.086352 0.021507 0.031247 0.029608 
0.058803 0.037005 0.023468 0.004206 0.013297 
0.087130 0.033470 0.046870 0.049530 0.039770 
0.088610 0.033620 0.036890 0.080480 0.085360 
0.014750 0.040430 0.050680 0.038260 0.040900 
0.069580 0.058540 0.064720 0.010490 0.029920 
75
0.479817 0.014481 0.046210 
0.462778 0.970413 0.462022 
0.057405 0.015107 0.491768 
0.411792 0.011583 0.027578 0.033279 0.026039 
0.050952 0.012614 0.035248 0.031860 0.055532 
0.015730 0.022358 0.019529 0.023504 0.027278 
0.066837 0.043221 0.056007 0.007495 0.021564 
0.087130 0.033470 0.046870 0.049530 0.039770 
0.088610 0.033620 0.036890 0.080480 0.085360 
0.014750 0.040430 0.050680 0.038260 0.040900 
0.069580 0.058540 0.064720 0.010490 0.029920 
76
0.479817 0.014481 0.046210 
0.462778 0.970413 0.462022 
0.057405 0.015107 0.491768 
0.068383 0.013611 0.015339 0.015171 0.097618 
0.032385 0.013977 0.145780 0.016645 0.132649 
0.028092 0.014564 0.016656 0.013850 0.017864 
0.023866 0.033061 0.256504 0.011491 0.032494 
0.087130 0.033470 0.046870 0.049530 0.039770 
0.088610 0.033620 0.036890 0.080480 0.085360 
0.014750 0.040430 0.050680 0.038260 0.040900 
0.069580 0.058540 0.064720 0.010490 0.029920 
77
0.479817 0.014481 0.046210 
0.462778 0.970413 0.462022 
0.057405 0.015107 0.491768 
0.163250 0.009312 0.047312 0.054263 0.025236 
0.059578 0.017951 0.033129 0.045678 0.050996 
0.014753 0.044648 0.031088 0.041956 0.035751 
0.172880 0.059312 0.058318 0.009363 0.025227 
0.087130 0.033470 0.046870 0.049530 0.039770 
0.088610 0.033620 0.036890 0.080480 0.085360 
0.014750 0.040430 0.050680 0.038260 0.040900 
0.069580 0.058540 0.064720 0.010490 0.029920 
78
0.479817 0.014481 0.046210 
0.462778 0.970413 0.462022 
0.057405 0.015107 0.491768 
0.061619 0.004873 0.048227 0.062775 0.016445 
0.039289 0.018521 0.023364 0.064549 0.041091 
0.012289 0.040072 0.025661 0.299883 0.092252 
0.046075 0.042272 0.032605 0.007622 0.020517 
0.087130 0.033470 0.046870 0.049530 0.039770 
0.088610 0.033620 0.036890 0.080480 0.085360 
0.014750 0.040430 0.050680 0.038260 0.040900 
0.069580 0.058540 0.064720 0.010490 0.029920 
79
0.479817 0.014481 0.046210 
0.462778 0.970413 0.462022 
0.057405 0.015107 0.491768 
0.064223 0.006403 0.070521 0.046512 0.018848 
0.064001 0.019478 0.020886 0.046927 0.035791 
0.010857 0.287827 0.029741 0.031587 0.036668 
0.105840 0.045435 0.029424 0.008049 0.020983 
0.087130 0.033470 0.046870 0.049530 0.039770 
0.088610 0.033620 0.036890 0.080480 0.085360 
0.014750 0.040430 0.050680 0.038260 0.040900 
0.069580 0.058540 0.064720 0.010490 0.029920 
80
0.479817 0.014481 0.046210 
0.462778 0.970413 0.462022 
0.057405 0.078960 0.432140 
0.063966 0.006259 0.074804 0.049209 0.018936 
0.083972 0.020383 0.020896 0.057907 0.036198 
0.011173 0.275369 0.030602 0.033736 0.039659 
0.075112 0.043316 0.028808 0.008283 0.021413 
0.087141 0.033466 0.046865 0.049524 0.039766 
0.088692 0.033616 0.036886 0.080471 0.085350 
0.014748 0.040425 0.050674 0.038256 0.040895 
0.069572 0.058533 0.064713 0.010489 0.029917 
81
0.479817 0.014481 0.040607 
0.462778 0.906559 0.527253 
0.057405 0.015107 0.491768 
0.087952 0.007183 0.052752 0.064428 0.026712 
0.060128 0.038312 0.036809 0.062115 0.074236 
0.017387 0.039076 0.027085 0.174810 0.048398 
0.050174 0.049338 0.044409 0.010566 0.028132 
0.087130 0.033470 0.046870 0.049530 0.039770 
0.088610 0.033620 0.036890 0.080480 0.085360 
0.014750 0.040430 0.050680 0.038260 0.040900 
0.069580 0.058540 0.064720 0.010490 0.029920 
82
0.479817 0.014481 0.046210 
0.462778 0.970413 0.462022 
0.057405 0.015107 0.491768 
0.073597 0.011907 0.019524 0.021408 0.057465 
0.031691 0.015298 0.078995 0.023101 0.249987 
0.141688 0.017928 0.014256 0.022333 0.025103 
0.024233 0.031209 0.083709 0.012711 0.043860 
0.087130 0.033470 0.046870 0.049530 0.039770 
0.088610 0.033620 0.036890 0.080480 0.085360 
0.014750 0.040430 0.050680 0.038260 0.040900 
0.069580 0.058540 0.064720 0.010490 0.029920 
83
0.479817 0.014481 0.046210 
0.462778 0.970413 0.462022 
0.057405 0.015107 0.491768 
0.064580 0.005714 0.093824 0.083545 0.019499 
0.082109 0.021089 0.024022 0.108934 0.040908 
0.011990 0.158589 0.032053 0.038501 0.043739 
0.064158 0.046708 0.030090 0.008366 0.021584 
0.087130 0.033470 0.046870 0.049530 0.039770 
0.088610 0.033620 0.036890 0.080480 0.085360 
