{{N2} {name {N2} dist 0 subfamily 1 my_cost 0.00179656 node_weight 1.00069 sam_hmm {
%  SAM: modelfromalign v3.5 (July 15, 2005) compiled 12/05/20_11:48:22
%  (c) 1992-2001 Regents of the University of California, Santa Cruz
%
%          Sequence Alignment and Modeling Software System
%         http://www.cse.ucsc.edu/research/compbio/sam.html
%
% ----------------- Citations (SAM, SAM-T2K, HMMs) --------------------
% R. Hughey, A. Krogh, Hidden Markov models for sequence analysis:
%  Extension and analysis of the basic method, CABIOS 12:95-107, 1996.
% K. Karplus, et al., What is the value added by human intervention in protein
%  structure prediction, Proteins: Stucture, Function, Genetics 45(S5):86--91, 2001.
% A. Krogh et al., Hidden Markov models in computational biology:
%  Applications to protein modeling, JMB 235:1501-1531, Feb 1994.
% ---------------------------------------------------------------------
%  trimmed-uniq   Host: gauntlet    Thu Feb 11 16:19:33 2021
%  dgpinheiro     Dir:  /data/GitHub/sfFinder/example/output/subfamily/TEST1/flowerpower/fp-workspace/iter1
% ---------------------------------------------------------------------
% Prior File:  Internal (Name: recode3.20comp) 
%   20 priors on 20 characters.
%  Alignment weights from internal calc.  Total (0.87) Max (0.44) Min (0.44)
%  Weights from alignment method 1 (karplus), b=0.500000, e=0.500000
MODEL --  Model from alignment file trimmed-uniq.a2m
alphabet protein
FREQAVE
0.000000 0.000000 0.000000 
0.000000 0.000000 0.000000 
0.000000 0.000000 0.000000 
0.082587 0.014329 0.059975 0.064030 0.044910 
0.068678 0.025473 0.056569 0.053965 0.087678 
0.024490 0.041242 0.047519 0.038793 0.051127 
0.058228 0.054241 0.062174 0.023175 0.040820 
0.082587 0.014329 0.059975 0.064030 0.044910 
0.068678 0.025473 0.056569 0.053965 0.087678 
0.024490 0.041242 0.047519 0.038793 0.051127 
0.058228 0.054241 0.062174 0.023175 0.040820 
Begin
0.000000 0.000000 0.000000 
0.000000 0.000000 0.000000 
0.000000 0.015722 0.491768 
0.000000 0.000000 0.000000 0.000000 0.000000 
0.000000 0.000000 0.000000 0.000000 0.000000 
0.000000 0.000000 0.000000 0.000000 0.000000 
0.000000 0.000000 0.000000 0.000000 0.000000 
0.087130 0.033470 0.046870 0.049530 0.039770 
0.088610 0.033620 0.036890 0.080480 0.085360 
0.014750 0.040430 0.050680 0.038260 0.040900 
0.069580 0.058540 0.064720 0.010490 0.029920 
   1
0.000000 0.015070 0.046210 
0.000000 0.969208 0.462022 
0.057405 0.015722 0.491768 
0.060197 0.012655 0.022264 0.034833 0.052092 
0.026690 0.016809 0.086642 0.035160 0.158766 
0.179659 0.021876 0.022517 0.026842 0.033649 
0.036553 0.041130 0.086977 0.012344 0.032345 
0.087130 0.033470 0.046870 0.049530 0.039770 
0.088610 0.033620 0.036890 0.080480 0.085360 
0.014750 0.040430 0.050680 0.038260 0.040900 
0.069580 0.058540 0.064720 0.010490 0.029920 
   2
0.479817 0.015070 0.046210 
0.462778 0.969208 0.462022 
0.057405 0.015722 0.491768 
0.272189 0.016583 0.038647 0.051713 0.023362 
0.066725 0.016064 0.043440 0.044637 0.061340 
0.017342 0.030545 0.037778 0.030568 0.036388 
0.066163 0.051179 0.067326 0.007345 0.020667 
0.087130 0.033470 0.046870 0.049530 0.039770 
0.088610 0.033620 0.036890 0.080480 0.085360 
0.014750 0.040430 0.050680 0.038260 0.040900 
0.069580 0.058540 0.064720 0.010490 0.029920 
   3
0.479817 0.015070 0.046210 
0.462778 0.969208 0.462022 
0.057405 0.015722 0.491768 
0.052624 0.011890 0.017740 0.027397 0.057349 
0.021062 0.013650 0.103162 0.028869 0.335280 
0.038218 0.017550 0.022447 0.020946 0.027528 
0.028539 0.034466 0.098737 0.011973 0.030572 
0.087130 0.033470 0.046870 0.049530 0.039770 
0.088610 0.033620 0.036890 0.080480 0.085360 
0.014750 0.040430 0.050680 0.038260 0.040900 
0.069580 0.058540 0.064720 0.010490 0.029920 
   4
0.479817 0.015070 0.046210 
0.462778 0.969208 0.462022 
0.057405 0.015722 0.491768 
0.052624 0.011890 0.017740 0.027397 0.057349 
0.021062 0.013650 0.103162 0.028869 0.335280 
0.038218 0.017550 0.022447 0.020946 0.027528 
0.028539 0.034466 0.098737 0.011973 0.030572 
0.087130 0.033470 0.046870 0.049530 0.039770 
0.088610 0.033620 0.036890 0.080480 0.085360 
0.014750 0.040430 0.050680 0.038260 0.040900 
0.069580 0.058540 0.064720 0.010490 0.029920 
   5
0.479817 0.015070 0.046210 
0.462778 0.969208 0.462022 
0.057405 0.015722 0.491768 
0.060582 0.006205 0.089487 0.268037 0.015085 
0.044357 0.020295 0.022185 0.074444 0.037341 
0.012064 0.045044 0.038144 0.053645 0.053518 
0.057074 0.046913 0.032172 0.006090 0.017319 
0.087130 0.033470 0.046870 0.049530 0.039770 
0.088610 0.033620 0.036890 0.080480 0.085360 
0.014750 0.040430 0.050680 0.038260 0.040900 
0.069580 0.058540 0.064720 0.010490 0.029920 
   6
0.479817 0.015070 0.046210 
0.462778 0.969208 0.462022 
0.057405 0.015722 0.491768 
0.054785 0.007529 0.045949 0.068737 0.019562 
0.042881 0.024459 0.027827 0.099037 0.047729 
0.014765 0.041503 0.033385 0.048826 0.258898 
0.052016 0.045935 0.036106 0.008170 0.021901 
0.087130 0.033470 0.046870 0.049530 0.039770 
0.088610 0.033620 0.036890 0.080480 0.085360 
0.014750 0.040430 0.050680 0.038260 0.040900 
0.069580 0.058540 0.064720 0.010490 0.029920 
   7
0.479817 0.015070 0.046210 
0.462778 0.969208 0.462022 
0.057405 0.015722 0.491768 
0.272189 0.016583 0.038647 0.051713 0.023362 
0.066725 0.016064 0.043440 0.044637 0.061340 
0.017342 0.030545 0.037778 0.030568 0.036388 
0.066163 0.051179 0.067326 0.007345 0.020667 
0.087130 0.033470 0.046870 0.049530 0.039770 
0.088610 0.033620 0.036890 0.080480 0.085360 
0.014750 0.040430 0.050680 0.038260 0.040900 
0.069580 0.058540 0.064720 0.010490 0.029920 
   8
0.479817 0.015070 0.046210 
0.462778 0.969208 0.462022 
0.057405 0.015722 0.491768 
0.272189 0.016583 0.038647 0.051713 0.023362 
0.066725 0.016064 0.043440 0.044637 0.061340 
0.017342 0.030545 0.037778 0.030568 0.036388 
0.066163 0.051179 0.067326 0.007345 0.020667 
0.087130 0.033470 0.046870 0.049530 0.039770 
0.088610 0.033620 0.036890 0.080480 0.085360 
0.014750 0.040430 0.050680 0.038260 0.040900 
0.069580 0.058540 0.064720 0.010490 0.029920 
   9
0.479817 0.015070 0.046210 
0.462778 0.969208 0.462022 
0.057405 0.015722 0.491768 
0.039736 0.009252 0.022006 0.027225 0.082091 
0.028458 0.020731 0.040915 0.026904 0.074754 
0.019443 0.022460 0.019524 0.020508 0.028609 
0.032413 0.031239 0.044553 0.334293 0.074886 
0.087130 0.033470 0.046870 0.049530 0.039770 
0.088610 0.033620 0.036890 0.080480 0.085360 
0.014750 0.040430 0.050680 0.038260 0.040900 
0.069580 0.058540 0.064720 0.010490 0.029920 
  10
0.479817 0.015070 0.046210 
0.462778 0.969208 0.462022 
0.057405 0.015722 0.491768 
0.045710 0.011333 0.027116 0.031880 0.096335 
0.030808 0.030728 0.045057 0.032374 0.078204 
0.020697 0.027772 0.022669 0.023464 0.031875 
0.037577 0.035289 0.050240 0.030579 0.290292 
0.087130 0.033470 0.046870 0.049530 0.039770 
0.088610 0.033620 0.036890 0.080480 0.085360 
0.014750 0.040430 0.050680 0.038260 0.040900 
0.069580 0.058540 0.064720 0.010490 0.029920 
  11
0.479817 0.015070 0.046210 
0.462778 0.969208 0.462022 
0.057405 0.015722 0.491768 
0.050766 0.006327 0.306471 0.100461 0.012761 
0.058697 0.021129 0.015769 0.056610 0.027109 
0.008691 0.067748 0.036548 0.040475 0.040182 
0.062526 0.043333 0.022773 0.005416 0.016207 
0.087130 0.033470 0.046870 0.049530 0.039770 
0.088610 0.033620 0.036890 0.080480 0.085360 
0.014750 0.040430 0.050680 0.038260 0.040900 
0.069580 0.058540 0.064720 0.010490 0.029920 
  12
0.479817 0.015070 0.046210 
0.462778 0.969208 0.462022 
0.057405 0.015722 0.491768 
0.056040 0.013340 0.015279 0.024387 0.047183 
0.018114 0.012181 0.270818 0.025326 0.157156 
0.032219 0.015213 0.020402 0.018079 0.023995 
0.026777 0.038736 0.148492 0.009800 0.026465 
0.087130 0.033470 0.046870 0.049530 0.039770 
0.088610 0.033620 0.036890 0.080480 0.085360 
0.014750 0.040430 0.050680 0.038260 0.040900 
0.069580 0.058540 0.064720 0.010490 0.029920 
  13
0.479817 0.015070 0.046210 
0.462778 0.969208 0.462022 
0.057405 0.015722 0.491768 
0.272189 0.016583 0.038647 0.051713 0.023362 
0.066725 0.016064 0.043440 0.044637 0.061340 
0.017342 0.030545 0.037778 0.030568 0.036388 
0.066163 0.051179 0.067326 0.007345 0.020667 
0.087130 0.033470 0.046870 0.049530 0.039770 
0.088610 0.033620 0.036890 0.080480 0.085360 
0.014750 0.040430 0.050680 0.038260 0.040900 
0.069580 0.058540 0.064720 0.010490 0.029920 
  14
0.479817 0.015070 0.046210 
0.462778 0.969208 0.462022 
0.057405 0.015722 0.491768 
0.054785 0.007529 0.045949 0.068737 0.019562 
0.042881 0.024459 0.027827 0.099037 0.047729 
0.014765 0.041503 0.033385 0.048826 0.258898 
0.052016 0.045935 0.036106 0.008170 0.021901 
0.087130 0.033470 0.046870 0.049530 0.039770 
0.088610 0.033620 0.036890 0.080480 0.085360 
0.014750 0.040430 0.050680 0.038260 0.040900 
0.069580 0.058540 0.064720 0.010490 0.029920 
  15
0.479817 0.015070 0.046210 
0.462778 0.969208 0.462022 
0.057405 0.015722 0.491768 
0.072240 0.012632 0.045666 0.055548 0.022956 
0.043056 0.018997 0.042033 0.051596 0.056010 
0.016606 0.041920 0.034719 0.034471 0.042426 
0.083931 0.235244 0.059672 0.008037 0.022239 
0.087130 0.033470 0.046870 0.049530 0.039770 
0.088610 0.033620 0.036890 0.080480 0.085360 
0.014750 0.040430 0.050680 0.038260 0.040900 
0.069580 0.058540 0.064720 0.010490 0.029920 
  16
0.479817 0.015070 0.046210 
0.462778 0.969208 0.462022 
0.057405 0.015722 0.491768 
0.072240 0.012632 0.045666 0.055548 0.022956 
0.043056 0.018997 0.042033 0.051596 0.056010 
0.016606 0.041920 0.034719 0.034471 0.042426 
0.083931 0.235244 0.059672 0.008037 0.022239 
0.087130 0.033470 0.046870 0.049530 0.039770 
0.088610 0.033620 0.036890 0.080480 0.085360 
0.014750 0.040430 0.050680 0.038260 0.040900 
0.069580 0.058540 0.064720 0.010490 0.029920 
  17
0.479817 0.015070 0.046210 
0.462778 0.969208 0.462022 
0.057405 0.015722 0.491768 
0.053067 0.008218 0.089279 0.066282 0.017902 
0.072975 0.027192 0.020757 0.059960 0.035675 
0.011234 0.234932 0.034803 0.038754 0.048068 
0.070249 0.053005 0.028409 0.007224 0.022015 
0.087130 0.033470 0.046870 0.049530 0.039770 
0.088610 0.033620 0.036890 0.080480 0.085360 
0.014750 0.040430 0.050680 0.038260 0.040900 
0.069580 0.058540 0.064720 0.010490 0.029920 
  18
0.479817 0.015070 0.046210 
0.462778 0.969208 0.462022 
0.057405 0.015722 0.491768 
0.039736 0.009252 0.022006 0.027225 0.082091 
0.028458 0.020731 0.040915 0.026904 0.074754 
0.019443 0.022460 0.019524 0.020508 0.028609 
0.032413 0.031239 0.044553 0.334293 0.074886 
0.087130 0.033470 0.046870 0.049530 0.039770 
0.088610 0.033620 0.036890 0.080480 0.085360 
0.014750 0.040430 0.050680 0.038260 0.040900 
0.069580 0.058540 0.064720 0.010490 0.029920 
  19
0.479817 0.015070 0.046210 
0.462778 0.969208 0.462022 
0.057405 0.015722 0.491768 
0.072240 0.012632 0.045666 0.055548 0.022956 
0.043056 0.018997 0.042033 0.051596 0.056010 
0.016606 0.041920 0.034719 0.034471 0.042426 
0.083931 0.235244 0.059672 0.008037 0.022239 
0.087130 0.033470 0.046870 0.049530 0.039770 
0.088610 0.033620 0.036890 0.080480 0.085360 
0.014750 0.040430 0.050680 0.038260 0.040900 
0.069580 0.058540 0.064720 0.010490 0.029920 
  20
0.479817 0.015070 0.046210 
0.462778 0.969208 0.462022 
0.057405 0.015722 0.491768 
0.061753 0.007808 0.046239 0.053504 0.017627 
0.046311 0.017293 0.026165 0.047169 0.042787 
0.011184 0.034078 0.364767 0.029709 0.036801 
0.055090 0.041410 0.036809 0.006159 0.017337 
0.087130 0.033470 0.046870 0.049530 0.039770 
0.088610 0.033620 0.036890 0.080480 0.085360 
0.014750 0.040430 0.050680 0.038260 0.040900 
0.069580 0.058540 0.064720 0.010490 0.029920 
  21
0.479817 0.015070 0.046210 
0.462778 0.969208 0.462022 
0.057405 0.015722 0.491768 
0.084607 0.011895 0.059116 0.060177 0.019637 
0.066627 0.020901 0.025854 0.053615 0.041275 
0.013276 0.050192 0.041937 0.035639 0.042754 
0.228445 0.075990 0.039324 0.007496 0.021245 
0.087130 0.033470 0.046870 0.049530 0.039770 
0.088610 0.033620 0.036890 0.080480 0.085360 
0.014750 0.040430 0.050680 0.038260 0.040900 
0.069580 0.058540 0.064720 0.010490 0.029920 
  22
0.479817 0.015070 0.046210 
0.462778 0.969208 0.462022 
0.057405 0.015722 0.491768 
0.045710 0.011333 0.027116 0.031880 0.096335 
0.030808 0.030728 0.045057 0.032374 0.078204 
0.020697 0.027772 0.022669 0.023464 0.031875 
0.037577 0.035289 0.050240 0.030579 0.290292 
0.087130 0.033470 0.046870 0.049530 0.039770 
0.088610 0.033620 0.036890 0.080480 0.085360 
0.014750 0.040430 0.050680 0.038260 0.040900 
0.069580 0.058540 0.064720 0.010490 0.029920 
  23
0.479817 0.015070 0.046210 
0.462778 0.969208 0.462022 
0.057405 0.015722 0.491768 
0.073082 0.015835 0.018622 0.029768 0.038685 
0.024117 0.012638 0.123703 0.028883 0.124358 
0.027002 0.017540 0.024291 0.020615 0.026041 
0.034368 0.045783 0.281092 0.008908 0.024672 
0.087130 0.033470 0.046870 0.049530 0.039770 
0.088610 0.033620 0.036890 0.080480 0.085360 
0.014750 0.040430 0.050680 0.038260 0.040900 
0.069580 0.058540 0.064720 0.010490 0.029920 
  24
0.479817 0.015070 0.046210 
0.462778 0.969208 0.462022 
0.057405 0.015722 0.491768 
0.072240 0.012632 0.045666 0.055548 0.022956 
0.043056 0.018997 0.042033 0.051596 0.056010 
0.016606 0.041920 0.034719 0.034471 0.042426 
0.083931 0.235244 0.059672 0.008037 0.022239 
0.087130 0.033470 0.046870 0.049530 0.039770 
0.088610 0.033620 0.036890 0.080480 0.085360 
0.014750 0.040430 0.050680 0.038260 0.040900 
0.069580 0.058540 0.064720 0.010490 0.029920 
  25
0.479817 0.015070 0.046210 
0.462778 0.969208 0.462022 
0.057405 0.015722 0.491768 
0.060582 0.006205 0.089487 0.268037 0.015085 
0.044357 0.020295 0.022185 0.074444 0.037341 
0.012064 0.045044 0.038144 0.053645 0.053518 
0.057074 0.046913 0.032172 0.006090 0.017319 
0.087130 0.033470 0.046870 0.049530 0.039770 
0.088610 0.033620 0.036890 0.080480 0.085360 
0.014750 0.040430 0.050680 0.038260 0.040900 
0.069580 0.058540 0.064720 0.010490 0.029920 
  26
0.479817 0.015070 0.046210 
0.462778 0.969208 0.462022 
0.057405 0.015722 0.491768 
0.084607 0.011895 0.059116 0.060177 0.019637 
0.066627 0.020901 0.025854 0.053615 0.041275 
0.013276 0.050192 0.041937 0.035639 0.042754 
0.228445 0.075990 0.039324 0.007496 0.021245 
0.087130 0.033470 0.046870 0.049530 0.039770 
0.088610 0.033620 0.036890 0.080480 0.085360 
0.014750 0.040430 0.050680 0.038260 0.040900 
0.069580 0.058540 0.064720 0.010490 0.029920 
  27
0.479817 0.015070 0.046210 
0.462778 0.969208 0.462022 
0.057405 0.015722 0.491768 
0.060582 0.006205 0.089487 0.268037 0.015085 
0.044357 0.020295 0.022185 0.074444 0.037341 
0.012064 0.045044 0.038144 0.053645 0.053518 
0.057074 0.046913 0.032172 0.006090 0.017319 
0.087130 0.033470 0.046870 0.049530 0.039770 
0.088610 0.033620 0.036890 0.080480 0.085360 
0.014750 0.040430 0.050680 0.038260 0.040900 
0.069580 0.058540 0.064720 0.010490 0.029920 
  28
0.479817 0.015070 0.046210 
0.462778 0.969208 0.462022 
0.057405 0.015722 0.491768 
0.052624 0.011890 0.017740 0.027397 0.057349 
0.021062 0.013650 0.103162 0.028869 0.335280 
0.038218 0.017550 0.022447 0.020946 0.027528 
0.028539 0.034466 0.098737 0.011973 0.030572 
0.087130 0.033470 0.046870 0.049530 0.039770 
0.088610 0.033620 0.036890 0.080480 0.085360 
0.014750 0.040430 0.050680 0.038260 0.040900 
0.069580 0.058540 0.064720 0.010490 0.029920 
  29
0.479817 0.015070 0.046210 
0.462778 0.969208 0.462022 
0.057405 0.015722 0.491768 
0.044122 0.011237 0.018093 0.023607 0.288588 
0.023046 0.020728 0.069087 0.023784 0.128080 
0.028478 0.019262 0.019666 0.018306 0.024203 
0.029592 0.031087 0.067747 0.028808 0.082478 
0.087130 0.033470 0.046870 0.049530 0.039770 
0.088610 0.033620 0.036890 0.080480 0.085360 
0.014750 0.040430 0.050680 0.038260 0.040900 
0.069580 0.058540 0.064720 0.010490 0.029920 
  30
0.479817 0.015070 0.046210 
0.462778 0.969208 0.462022 
0.057405 0.015722 0.491768 
0.061753 0.007808 0.046239 0.053504 0.017627 
0.046311 0.017293 0.026165 0.047169 0.042787 
0.011184 0.034078 0.364767 0.029709 0.036801 
0.055090 0.041410 0.036809 0.006159 0.017337 
0.087130 0.033470 0.046870 0.049530 0.039770 
0.088610 0.033620 0.036890 0.080480 0.085360 
0.014750 0.040430 0.050680 0.038260 0.040900 
0.069580 0.058540 0.064720 0.010490 0.029920 
  31
0.479817 0.015070 0.046210 
0.462778 0.969208 0.462022 
0.057405 0.015722 0.491768 
0.050766 0.006327 0.306471 0.100461 0.012761 
0.058697 0.021129 0.015769 0.056610 0.027109 
0.008691 0.067748 0.036548 0.040475 0.040182 
0.062526 0.043333 0.022773 0.005416 0.016207 
0.087130 0.033470 0.046870 0.049530 0.039770 
0.088610 0.033620 0.036890 0.080480 0.085360 
0.014750 0.040430 0.050680 0.038260 0.040900 
0.069580 0.058540 0.064720 0.010490 0.029920 
  32
0.479817 0.015070 0.046210 
0.462778 0.969208 0.462022 
0.057405 0.015722 0.491768 
0.056040 0.013340 0.015279 0.024387 0.047183 
0.018114 0.012181 0.270818 0.025326 0.157156 
0.032219 0.015213 0.020402 0.018079 0.023995 
0.026777 0.038736 0.148492 0.009800 0.026465 
0.087130 0.033470 0.046870 0.049530 0.039770 
0.088610 0.033620 0.036890 0.080480 0.085360 
0.014750 0.040430 0.050680 0.038260 0.040900 
0.069580 0.058540 0.064720 0.010490 0.029920 
  33
0.479817 0.015070 0.046210 
0.462778 0.969208 0.462022 
0.057405 0.015722 0.491768 
0.060197 0.012655 0.022264 0.034833 0.052092 
0.026690 0.016809 0.086642 0.035160 0.158766 
0.179659 0.021876 0.022517 0.026842 0.033649 
0.036553 0.041130 0.086977 0.012344 0.032345 
0.087130 0.033470 0.046870 0.049530 0.039770 
0.088610 0.033620 0.036890 0.080480 0.085360 
0.014750 0.040430 0.050680 0.038260 0.040900 
0.069580 0.058540 0.064720 0.010490 0.029920 
  34
0.479817 0.015070 0.046210 
0.462778 0.969208 0.462022 
0.057405 0.015722 0.491768 
0.072240 0.012632 0.045666 0.055548 0.022956 
0.043056 0.018997 0.042033 0.051596 0.056010 
0.016606 0.041920 0.034719 0.034471 0.042426 
0.083931 0.235244 0.059672 0.008037 0.022239 
0.087130 0.033470 0.046870 0.049530 0.039770 
0.088610 0.033620 0.036890 0.080480 0.085360 
0.014750 0.040430 0.050680 0.038260 0.040900 
0.069580 0.058540 0.064720 0.010490 0.029920 
  35
0.479817 0.015070 0.046210 
0.462778 0.969208 0.462022 
0.057405 0.015722 0.491768 
0.072725 0.008790 0.047493 0.039987 0.013286 
0.448963 0.016151 0.015496 0.037646 0.026681 
0.008543 0.044158 0.030112 0.024273 0.030286 
0.056768 0.033509 0.024297 0.005726 0.015112 
0.087130 0.033470 0.046870 0.049530 0.039770 
0.088610 0.033620 0.036890 0.080480 0.085360 
0.014750 0.040430 0.050680 0.038260 0.040900 
0.069580 0.058540 0.064720 0.010490 0.029920 
  36
0.479817 0.015070 0.046210 
0.462778 0.969208 0.462022 
0.057405 0.015722 0.491768 
0.272189 0.016583 0.038647 0.051713 0.023362 
0.066725 0.016064 0.043440 0.044637 0.061340 
0.017342 0.030545 0.037778 0.030568 0.036388 
0.066163 0.051179 0.067326 0.007345 0.020667 
0.087130 0.033470 0.046870 0.049530 0.039770 
0.088610 0.033620 0.036890 0.080480 0.085360 
0.014750 0.040430 0.050680 0.038260 0.040900 
0.069580 0.058540 0.064720 0.010490 0.029920 
  37
0.479817 0.015070 0.046210 
0.462778 0.969208 0.462022 
0.057405 0.015722 0.491768 
0.061612 0.007894 0.062204 0.092428 0.019699 
0.045852 0.026043 0.028122 0.080792 0.048936 
0.015768 0.045044 0.035957 0.188652 0.065833 
0.057989 0.049967 0.038091 0.007648 0.021472 
0.087130 0.033470 0.046870 0.049530 0.039770 
0.088610 0.033620 0.036890 0.080480 0.085360 
0.014750 0.040430 0.050680 0.038260 0.040900 
0.069580 0.058540 0.064720 0.010490 0.029920 
  38
0.479817 0.015070 0.046210 
0.462778 0.969208 0.462022 
0.057405 0.015722 0.491768 
0.072725 0.008790 0.047493 0.039987 0.013286 
0.448963 0.016151 0.015496 0.037646 0.026681 
0.008543 0.044158 0.030112 0.024273 0.030286 
0.056768 0.033509 0.024297 0.005726 0.015112 
0.087130 0.033470 0.046870 0.049530 0.039770 
0.088610 0.033620 0.036890 0.080480 0.085360 
0.014750 0.040430 0.050680 0.038260 0.040900 
0.069580 0.058540 0.064720 0.010490 0.029920 
  39
0.479817 0.015070 0.046210 
0.462778 0.969208 0.462022 
0.057405 0.015722 0.491768 
0.073082 0.015835 0.018622 0.029768 0.038685 
0.024117 0.012638 0.123703 0.028883 0.124358 
0.027002 0.017540 0.024291 0.020615 0.026041 
0.034368 0.045783 0.281092 0.008908 0.024672 
0.087130 0.033470 0.046870 0.049530 0.039770 
0.088610 0.033620 0.036890 0.080480 0.085360 
0.014750 0.040430 0.050680 0.038260 0.040900 
0.069580 0.058540 0.064720 0.010490 0.029920 
  40
0.479817 0.015070 0.046210 
0.462778 0.969208 0.462022 
0.057405 0.015722 0.491768 
0.061753 0.007808 0.046239 0.053504 0.017627 
0.046311 0.017293 0.026165 0.047169 0.042787 
0.011184 0.034078 0.364767 0.029709 0.036801 
0.055090 0.041410 0.036809 0.006159 0.017337 
0.087130 0.033470 0.046870 0.049530 0.039770 
0.088610 0.033620 0.036890 0.080480 0.085360 
0.014750 0.040430 0.050680 0.038260 0.040900 
0.069580 0.058540 0.064720 0.010490 0.029920 
  41
0.479817 0.015070 0.046210 
0.462778 0.969208 0.462022 
0.057405 0.015722 0.491768 
0.060197 0.012655 0.022264 0.034833 0.052092 
0.026690 0.016809 0.086642 0.035160 0.158766 
0.179659 0.021876 0.022517 0.026842 0.033649 
0.036553 0.041130 0.086977 0.012344 0.032345 
0.087130 0.033470 0.046870 0.049530 0.039770 
0.088610 0.033620 0.036890 0.080480 0.085360 
0.014750 0.040430 0.050680 0.038260 0.040900 
0.069580 0.058540 0.064720 0.010490 0.029920 
  42
0.479817 0.015070 0.046210 
0.462778 0.969208 0.462022 
0.057405 0.015722 0.491768 
0.060582 0.006205 0.089487 0.268037 0.015085 
0.044357 0.020295 0.022185 0.074444 0.037341 
0.012064 0.045044 0.038144 0.053645 0.053518 
0.057074 0.046913 0.032172 0.006090 0.017319 
0.087130 0.033470 0.046870 0.049530 0.039770 
0.088610 0.033620 0.036890 0.080480 0.085360 
0.014750 0.040430 0.050680 0.038260 0.040900 
0.069580 0.058540 0.064720 0.010490 0.029920 
  43
0.479817 0.015070 0.046210 
0.462778 0.969208 0.462022 
0.057405 0.015722 0.491768 
0.072240 0.012632 0.045666 0.055548 0.022956 
0.043056 0.018997 0.042033 0.051596 0.056010 
0.016606 0.041920 0.034719 0.034471 0.042426 
0.083931 0.235244 0.059672 0.008037 0.022239 
0.087130 0.033470 0.046870 0.049530 0.039770 
0.088610 0.033620 0.036890 0.080480 0.085360 
0.014750 0.040430 0.050680 0.038260 0.040900 
0.069580 0.058540 0.064720 0.010490 0.029920 
  44
0.479817 0.015070 0.046210 
0.462778 0.969208 0.462022 
0.057405 0.015722 0.491768 
0.039736 0.009252 0.022006 0.027225 0.082091 
0.028458 0.020731 0.040915 0.026904 0.074754 
0.019443 0.022460 0.019524 0.020508 0.028609 
0.032413 0.031239 0.044553 0.334293 0.074886 
0.087130 0.033470 0.046870 0.049530 0.039770 
0.088610 0.033620 0.036890 0.080480 0.085360 
0.014750 0.040430 0.050680 0.038260 0.040900 
0.069580 0.058540 0.064720 0.010490 0.029920 
  45
0.479817 0.015070 0.046210 
0.462778 0.969208 0.462022 
0.057405 0.015722 0.491768 
0.060582 0.006205 0.089487 0.268037 0.015085 
0.044357 0.020295 0.022185 0.074444 0.037341 
0.012064 0.045044 0.038144 0.053645 0.053518 
0.057074 0.046913 0.032172 0.006090 0.017319 
0.087130 0.033470 0.046870 0.049530 0.039770 
0.088610 0.033620 0.036890 0.080480 0.085360 
0.014750 0.040430 0.050680 0.038260 0.040900 
0.069580 0.058540 0.064720 0.010490 0.029920 
  46
0.479817 0.015070 0.046210 
0.462778 0.969208 0.462022 
0.057405 0.015722 0.491768 
0.072240 0.012632 0.045666 0.055548 0.022956 
0.043056 0.018997 0.042033 0.051596 0.056010 
0.016606 0.041920 0.034719 0.034471 0.042426 
0.083931 0.235244 0.059672 0.008037 0.022239 
0.087130 0.033470 0.046870 0.049530 0.039770 
0.088610 0.033620 0.036890 0.080480 0.085360 
0.014750 0.040430 0.050680 0.038260 0.040900 
0.069580 0.058540 0.064720 0.010490 0.029920 
  47
0.479817 0.015070 0.046210 
0.462778 0.969208 0.462022 
0.057405 0.015722 0.491768 
0.045710 0.011333 0.027116 0.031880 0.096335 
0.030808 0.030728 0.045057 0.032374 0.078204 
0.020697 0.027772 0.022669 0.023464 0.031875 
0.037577 0.035289 0.050240 0.030579 0.290292 
0.087130 0.033470 0.046870 0.049530 0.039770 
0.088610 0.033620 0.036890 0.080480 0.085360 
0.014750 0.040430 0.050680 0.038260 0.040900 
0.069580 0.058540 0.064720 0.010490 0.029920 
  48
0.479817 0.015070 0.046210 
0.462778 0.969208 0.462022 
0.057405 0.015722 0.491768 
0.050766 0.006327 0.306471 0.100461 0.012761 
0.058697 0.021129 0.015769 0.056610 0.027109 
0.008691 0.067748 0.036548 0.040475 0.040182 
0.062526 0.043333 0.022773 0.005416 0.016207 
0.087130 0.033470 0.046870 0.049530 0.039770 
0.088610 0.033620 0.036890 0.080480 0.085360 
0.014750 0.040430 0.050680 0.038260 0.040900 
0.069580 0.058540 0.064720 0.010490 0.029920 
  49
0.479817 0.015070 0.046210 
0.462778 0.969208 0.462022 
0.057405 0.015722 0.491768 
0.060582 0.006205 0.089487 0.268037 0.015085 
0.044357 0.020295 0.022185 0.074444 0.037341 
0.012064 0.045044 0.038144 0.053645 0.053518 
0.057074 0.046913 0.032172 0.006090 0.017319 
0.087130 0.033470 0.046870 0.049530 0.039770 
0.088610 0.033620 0.036890 0.080480 0.085360 
0.014750 0.040430 0.050680 0.038260 0.040900 
0.069580 0.058540 0.064720 0.010490 0.029920 
  50
0.479817 0.015070 0.046210 
0.462778 0.969208 0.462022 
0.057405 0.015722 0.491768 
0.061753 0.007808 0.046239 0.053504 0.017627 
0.046311 0.017293 0.026165 0.047169 0.042787 
0.011184 0.034078 0.364767 0.029709 0.036801 
0.055090 0.041410 0.036809 0.006159 0.017337 
0.087130 0.033470 0.046870 0.049530 0.039770 
0.088610 0.033620 0.036890 0.080480 0.085360 
0.014750 0.040430 0.050680 0.038260 0.040900 
0.069580 0.058540 0.064720 0.010490 0.029920 
  51
0.479817 0.015070 0.046210 
0.462778 0.969208 0.462022 
0.057405 0.015722 0.491768 
0.045710 0.011333 0.027116 0.031880 0.096335 
0.030808 0.030728 0.045057 0.032374 0.078204 
0.020697 0.027772 0.022669 0.023464 0.031875 
0.037577 0.035289 0.050240 0.030579 0.290292 
0.087130 0.033470 0.046870 0.049530 0.039770 
0.088610 0.033620 0.036890 0.080480 0.085360 
0.014750 0.040430 0.050680 0.038260 0.040900 
0.069580 0.058540 0.064720 0.010490 0.029920 
  52
0.479817 0.015070 0.046210 
0.462778 0.969208 0.462022 
0.057405 0.015722 0.491768 
0.058539 0.006950 0.056623 0.083348 0.016860 
0.046952 0.022903 0.025690 0.235894 0.043751 
0.013506 0.045436 0.037766 0.052314 0.086932 
0.056868 0.048660 0.034862 0.006647 0.019500 
0.087130 0.033470 0.046870 0.049530 0.039770 
0.088610 0.033620 0.036890 0.080480 0.085360 
0.014750 0.040430 0.050680 0.038260 0.040900 
0.069580 0.058540 0.064720 0.010490 0.029920 
  53
0.479817 0.015070 0.046210 
0.462778 0.969208 0.462022 
0.057405 0.015722 0.491768 
0.072240 0.012632 0.045666 0.055548 0.022956 
0.043056 0.018997 0.042033 0.051596 0.056010 
0.016606 0.041920 0.034719 0.034471 0.042426 
0.083931 0.235244 0.059672 0.008037 0.022239 
0.087130 0.033470 0.046870 0.049530 0.039770 
0.088610 0.033620 0.036890 0.080480 0.085360 
0.014750 0.040430 0.050680 0.038260 0.040900 
0.069580 0.058540 0.064720 0.010490 0.029920 
  54
0.479817 0.015070 0.046210 
0.462778 0.969208 0.462022 
0.057405 0.015722 0.491768 
0.084607 0.011895 0.059116 0.060177 0.019637 
0.066627 0.020901 0.025854 0.053615 0.041275 
0.013276 0.050192 0.041937 0.035639 0.042754 
0.228445 0.075990 0.039324 0.007496 0.021245 
0.087130 0.033470 0.046870 0.049530 0.039770 
0.088610 0.033620 0.036890 0.080480 0.085360 
0.014750 0.040430 0.050680 0.038260 0.040900 
0.069580 0.058540 0.064720 0.010490 0.029920 
  55
0.479817 0.015070 0.046210 
0.462778 0.969208 0.462022 
0.057405 0.015722 0.491768 
0.045710 0.011333 0.027116 0.031880 0.096335 
0.030808 0.030728 0.045057 0.032374 0.078204 
0.020697 0.027772 0.022669 0.023464 0.031875 
0.037577 0.035289 0.050240 0.030579 0.290292 
0.087130 0.033470 0.046870 0.049530 0.039770 
0.088610 0.033620 0.036890 0.080480 0.085360 
0.014750 0.040430 0.050680 0.038260 0.040900 
0.069580 0.058540 0.064720 0.010490 0.029920 
  56
0.479817 0.015070 0.046210 
0.462778 0.969208 0.462022 
0.057405 0.015722 0.491768 
0.061753 0.007808 0.046239 0.053504 0.017627 
0.046311 0.017293 0.026165 0.047169 0.042787 
0.011184 0.034078 0.364767 0.029709 0.036801 
0.055090 0.041410 0.036809 0.006159 0.017337 
0.087130 0.033470 0.046870 0.049530 0.039770 
0.088610 0.033620 0.036890 0.080480 0.085360 
0.014750 0.040430 0.050680 0.038260 0.040900 
0.069580 0.058540 0.064720 0.010490 0.029920 
  57
0.479817 0.015070 0.046210 
0.462778 0.969208 0.462022 
0.057405 0.015722 0.491768 
0.060582 0.006205 0.089487 0.268037 0.015085 
0.044357 0.020295 0.022185 0.074444 0.037341 
0.012064 0.045044 0.038144 0.053645 0.053518 
0.057074 0.046913 0.032172 0.006090 0.017319 
0.087130 0.033470 0.046870 0.049530 0.039770 
0.088610 0.033620 0.036890 0.080480 0.085360 
0.014750 0.040430 0.050680 0.038260 0.040900 
0.069580 0.058540 0.064720 0.010490 0.029920 
  58
0.479817 0.015070 0.046210 
0.462778 0.969208 0.462022 
0.057405 0.015722 0.491768 
0.045710 0.011333 0.027116 0.031880 0.096335 
0.030808 0.030728 0.045057 0.032374 0.078204 
0.020697 0.027772 0.022669 0.023464 0.031875 
0.037577 0.035289 0.050240 0.030579 0.290292 
0.087130 0.033470 0.046870 0.049530 0.039770 
0.088610 0.033620 0.036890 0.080480 0.085360 
0.014750 0.040430 0.050680 0.038260 0.040900 
0.069580 0.058540 0.064720 0.010490 0.029920 
  59
0.479817 0.015070 0.046210 
0.462778 0.969208 0.462022 
0.057405 0.015722 0.491768 
0.073082 0.015835 0.018622 0.029768 0.038685 
0.024117 0.012638 0.123703 0.028883 0.124358 
0.027002 0.017540 0.024291 0.020615 0.026041 
0.034368 0.045783 0.281092 0.008908 0.024672 
0.087130 0.033470 0.046870 0.049530 0.039770 
0.088610 0.033620 0.036890 0.080480 0.085360 
0.014750 0.040430 0.050680 0.038260 0.040900 
0.069580 0.058540 0.064720 0.010490 0.029920 
  60
0.479817 0.015070 0.046210 
0.462778 0.969208 0.462022 
0.057405 0.015722 0.491768 
0.084607 0.011895 0.059116 0.060177 0.019637 
0.066627 0.020901 0.025854 0.053615 0.041275 
0.013276 0.050192 0.041937 0.035639 0.042754 
0.228445 0.075990 0.039324 0.007496 0.021245 
0.087130 0.033470 0.046870 0.049530 0.039770 
0.088610 0.033620 0.036890 0.080480 0.085360 
0.014750 0.040430 0.050680 0.038260 0.040900 
0.069580 0.058540 0.064720 0.010490 0.029920 
  61
0.479817 0.015070 0.046210 
0.462778 0.969208 0.462022 
0.057405 0.015722 0.491768 
0.056040 0.013340 0.015279 0.024387 0.047183 
0.018114 0.012181 0.270818 0.025326 0.157156 
0.032219 0.015213 0.020402 0.018079 0.023995 
0.026777 0.038736 0.148492 0.009800 0.026465 
0.087130 0.033470 0.046870 0.049530 0.039770 
0.088610 0.033620 0.036890 0.080480 0.085360 
0.014750 0.040430 0.050680 0.038260 0.040900 
0.069580 0.058540 0.064720 0.010490 0.029920 
  62
0.479817 0.015070 0.046210 
0.462778 0.969208 0.462022 
0.057405 0.015722 0.491768 
0.061612 0.007894 0.062204 0.092428 0.019699 
0.045852 0.026043 0.028122 0.080792 0.048936 
0.015768 0.045044 0.035957 0.188652 0.065833 
0.057989 0.049967 0.038091 0.007648 0.021472 
0.087130 0.033470 0.046870 0.049530 0.039770 
0.088610 0.033620 0.036890 0.080480 0.085360 
0.014750 0.040430 0.050680 0.038260 0.040900 
0.069580 0.058540 0.064720 0.010490 0.029920 
  63
0.479817 0.015070 0.046210 
0.462778 0.969208 0.462022 
0.057405 0.015722 0.491768 
0.054785 0.007529 0.045949 0.068737 0.019562 
0.042881 0.024459 0.027827 0.099037 0.047729 
0.014765 0.041503 0.033385 0.048826 0.258898 
0.052016 0.045935 0.036106 0.008170 0.021901 
0.087130 0.033470 0.046870 0.049530 0.039770 
0.088610 0.033620 0.036890 0.080480 0.085360 
0.014750 0.040430 0.050680 0.038260 0.040900 
0.069580 0.058540 0.064720 0.010490 0.029920 
  64
0.479817 0.015070 0.046210 
0.462778 0.969208 0.462022 
0.057405 0.015722 0.491768 
0.060582 0.006205 0.089487 0.268037 0.015085 
0.044357 0.020295 0.022185 0.074444 0.037341 
0.012064 0.045044 0.038144 0.053645 0.053518 
0.057074 0.046913 0.032172 0.006090 0.017319 
0.087130 0.033470 0.046870 0.049530 0.039770 
0.088610 0.033620 0.036890 0.080480 0.085360 
0.014750 0.040430 0.050680 0.038260 0.040900 
0.069580 0.058540 0.064720 0.010490 0.029920 
  65
0.479817 0.015070 0.046210 
0.462778 0.969208 0.462022 
0.057405 0.015722 0.491768 
0.058539 0.006950 0.056623 0.083348 0.016860 
0.046952 0.022903 0.025690 0.235894 0.043751 
0.013506 0.045436 0.037766 0.052314 0.086932 
0.056868 0.048660 0.034862 0.006647 0.019500 
0.087130 0.033470 0.046870 0.049530 0.039770 
0.088610 0.033620 0.036890 0.080480 0.085360 
0.014750 0.040430 0.050680 0.038260 0.040900 
0.069580 0.058540 0.064720 0.010490 0.029920 
  66
0.479817 0.015070 0.046210 
0.462778 0.969208 0.462022 
0.057405 0.015722 0.491768 
0.050766 0.006327 0.306471 0.100461 0.012761 
0.058697 0.021129 0.015769 0.056610 0.027109 
0.008691 0.067748 0.036548 0.040475 0.040182 
0.062526 0.043333 0.022773 0.005416 0.016207 
0.087130 0.033470 0.046870 0.049530 0.039770 
0.088610 0.033620 0.036890 0.080480 0.085360 
0.014750 0.040430 0.050680 0.038260 0.040900 
0.069580 0.058540 0.064720 0.010490 0.029920 
  67
0.479817 0.015070 0.046210 
0.462778 0.969208 0.462022 
0.057405 0.015722 0.491768 
0.272189 0.016583 0.038647 0.051713 0.023362 
0.066725 0.016064 0.043440 0.044637 0.061340 
0.017342 0.030545 0.037778 0.030568 0.036388 
0.066163 0.051179 0.067326 0.007345 0.020667 
0.087130 0.033470 0.046870 0.049530 0.039770 
0.088610 0.033620 0.036890 0.080480 0.085360 
0.014750 0.040430 0.050680 0.038260 0.040900 
0.069580 0.058540 0.064720 0.010490 0.029920 
  68
0.479817 0.015070 0.046210 
0.462778 0.969208 0.462022 
0.057405 0.015722 0.491768 
0.072725 0.008790 0.047493 0.039987 0.013286 
0.448963 0.016151 0.015496 0.037646 0.026681 
0.008543 0.044158 0.030112 0.024273 0.030286 
0.056768 0.033509 0.024297 0.005726 0.015112 
0.087130 0.033470 0.046870 0.049530 0.039770 
0.088610 0.033620 0.036890 0.080480 0.085360 
0.014750 0.040430 0.050680 0.038260 0.040900 
0.069580 0.058540 0.064720 0.010490 0.029920 
  69
0.479817 0.015070 0.046210 
0.462778 0.969208 0.462022 
0.057405 0.015722 0.491768 
0.272189 0.016583 0.038647 0.051713 0.023362 
0.066725 0.016064 0.043440 0.044637 0.061340 
0.017342 0.030545 0.037778 0.030568 0.036388 
0.066163 0.051179 0.067326 0.007345 0.020667 
0.087130 0.033470 0.046870 0.049530 0.039770 
0.088610 0.033620 0.036890 0.080480 0.085360 
0.014750 0.040430 0.050680 0.038260 0.040900 
0.069580 0.058540 0.064720 0.010490 0.029920 
  70
0.479817 0.015070 0.046210 
0.462778 0.969208 0.462022 
0.057405 0.015722 0.491768 
0.045710 0.011333 0.027116 0.031880 0.096335 
0.030808 0.030728 0.045057 0.032374 0.078204 
0.020697 0.027772 0.022669 0.023464 0.031875 
0.037577 0.035289 0.050240 0.030579 0.290292 
0.087130 0.033470 0.046870 0.049530 0.039770 
0.088610 0.033620 0.036890 0.080480 0.085360 
0.014750 0.040430 0.050680 0.038260 0.040900 
0.069580 0.058540 0.064720 0.010490 0.029920 
  71
0.479817 0.015070 0.046210 
0.462778 0.969208 0.462022 
0.057405 0.015722 0.491768 
0.084607 0.011895 0.059116 0.060177 0.019637 
0.066627 0.020901 0.025854 0.053615 0.041275 
0.013276 0.050192 0.041937 0.035639 0.042754 
0.228445 0.075990 0.039324 0.007496 0.021245 
0.087130 0.033470 0.046870 0.049530 0.039770 
0.088610 0.033620 0.036890 0.080480 0.085360 
0.014750 0.040430 0.050680 0.038260 0.040900 
0.069580 0.058540 0.064720 0.010490 0.029920 
  72
0.479817 0.015070 0.046210 
0.462778 0.969208 0.462022 
0.057405 0.015722 0.491768 
0.073082 0.015835 0.018622 0.029768 0.038685 
0.024117 0.012638 0.123703 0.028883 0.124358 
0.027002 0.017540 0.024291 0.020615 0.026041 
0.034368 0.045783 0.281092 0.008908 0.024672 
0.087130 0.033470 0.046870 0.049530 0.039770 
0.088610 0.033620 0.036890 0.080480 0.085360 
0.014750 0.040430 0.050680 0.038260 0.040900 
0.069580 0.058540 0.064720 0.010490 0.029920 
  73
0.479817 0.015070 0.046210 
0.462778 0.969208 0.462022 
0.057405 0.015722 0.491768 
0.058539 0.006950 0.056623 0.083348 0.016860 
0.046952 0.022903 0.025690 0.235894 0.043751 
0.013506 0.045436 0.037766 0.052314 0.086932 
0.056868 0.048660 0.034862 0.006647 0.019500 
0.087130 0.033470 0.046870 0.049530 0.039770 
0.088610 0.033620 0.036890 0.080480 0.085360 
0.014750 0.040430 0.050680 0.038260 0.040900 
0.069580 0.058540 0.064720 0.010490 0.029920 
  74
0.479817 0.015070 0.046210 
0.462778 0.969208 0.462022 
0.057405 0.015722 0.491768 
0.272189 0.016583 0.038647 0.051713 0.023362 
0.066725 0.016064 0.043440 0.044637 0.061340 
0.017342 0.030545 0.037778 0.030568 0.036388 
0.066163 0.051179 0.067326 0.007345 0.020667 
0.087130 0.033470 0.046870 0.049530 0.039770 
0.088610 0.033620 0.036890 0.080480 0.085360 
0.014750 0.040430 0.050680 0.038260 0.040900 
0.069580 0.058540 0.064720 0.010490 0.029920 
  75
0.479817 0.015070 0.046210 
0.462778 0.969208 0.462022 
0.057405 0.015722 0.491768 
0.272189 0.016583 0.038647 0.051713 0.023362 
0.066725 0.016064 0.043440 0.044637 0.061340 
0.017342 0.030545 0.037778 0.030568 0.036388 
0.066163 0.051179 0.067326 0.007345 0.020667 
0.087130 0.033470 0.046870 0.049530 0.039770 
0.088610 0.033620 0.036890 0.080480 0.085360 
0.014750 0.040430 0.050680 0.038260 0.040900 
0.069580 0.058540 0.064720 0.010490 0.029920 
  76
0.479817 0.015070 0.046210 
0.462778 0.969208 0.462022 
0.057405 0.015722 0.491768 
0.052624 0.011890 0.017740 0.027397 0.057349 
0.021062 0.013650 0.103162 0.028869 0.335280 
0.038218 0.017550 0.022447 0.020946 0.027528 
0.028539 0.034466 0.098737 0.011973 0.030572 
0.087130 0.033470 0.046870 0.049530 0.039770 
0.088610 0.033620 0.036890 0.080480 0.085360 
0.014750 0.040430 0.050680 0.038260 0.040900 
0.069580 0.058540 0.064720 0.010490 0.029920 
  77
0.479817 0.015070 0.046210 
0.462778 0.969208 0.462022 
0.057405 0.015722 0.491768 
0.060582 0.006205 0.089487 0.268037 0.015085 
0.044357 0.020295 0.022185 0.074444 0.037341 
0.012064 0.045044 0.038144 0.053645 0.053518 
0.057074 0.046913 0.032172 0.006090 0.017319 
0.087130 0.033470 0.046870 0.049530 0.039770 
0.088610 0.033620 0.036890 0.080480 0.085360 
0.014750 0.040430 0.050680 0.038260 0.040900 
0.069580 0.058540 0.064720 0.010490 0.029920 
  78
0.479817 0.015070 0.046210 
0.462778 0.969208 0.462022 
0.057405 0.015722 0.491768 
0.054785 0.007529 0.045949 0.068737 0.019562 
0.042881 0.024459 0.027827 0.099037 0.047729 
0.014765 0.041503 0.033385 0.048826 0.258898 
0.052016 0.045935 0.036106 0.008170 0.021901 
0.087130 0.033470 0.046870 0.049530 0.039770 
0.088610 0.033620 0.036890 0.080480 0.085360 
0.014750 0.040430 0.050680 0.038260 0.040900 
0.069580 0.058540 0.064720 0.010490 0.029920 
  79
0.479817 0.015070 0.046210 
0.462778 0.969208 0.462022 
0.057405 0.015722 0.491768 
0.084607 0.011895 0.059116 0.060177 0.019637 
0.066627 0.020901 0.025854 0.053615 0.041275 
0.013276 0.050192 0.041937 0.035639 0.042754 
0.228445 0.075990 0.039324 0.007496 0.021245 
0.087130 0.033470 0.046870 0.049530 0.039770 
0.088610 0.033620 0.036890 0.080480 0.085360 
0.014750 0.040430 0.050680 0.038260 0.040900 
0.069580 0.058540 0.064720 0.010490 0.029920 
  80
0.479817 0.015070 0.046210 
0.462778 0.969208 0.462022 
0.057405 0.015722 0.491768 
0.054785 0.007529 0.045949 0.068737 0.019562 
0.042881 0.024459 0.027827 0.099037 0.047729 
0.014765 0.041503 0.033385 0.048826 0.258898 
0.052016 0.045935 0.036106 0.008170 0.021901 
0.087130 0.033470 0.046870 0.049530 0.039770 
0.088610 0.033620 0.036890 0.080480 0.085360 
0.014750 0.040430 0.050680 0.038260 0.040900 
0.069580 0.058540 0.064720 0.010490 0.029920 
  81
0.479817 0.015070 0.046210 
0.462778 0.969208 0.462022 
0.057405 0.015722 0.491768 
0.060197 0.012655 0.022264 0.034833 0.052092 
0.026690 0.016809 0.086642 0.035160 0.158766 
0.179659 0.021876 0.022517 0.026842 0.033649 
0.036553 0.041130 0.086977 0.012344 0.032345 
0.087130 0.033470 0.046870 0.049530 0.039770 
0.088610 0.033620 0.036890 0.080480 0.085360 
0.014750 0.040430 0.050680 0.038260 0.040900 
0.069580 0.058540 0.064720 0.010490 0.029920 
  82
0.479817 0.015070 0.046210 
0.462778 0.969208 0.462022 
0.057405 0.015722 0.491768 
0.044122 0.011237 0.018093 0.023607 0.288588 
0.023046 0.020728 0.069087 0.023784 0.128080 
0.028478 0.019262 0.019666 0.018306 0.024203 
0.029592 0.031087 0.067747 0.028808 0.082478 
0.087130 0.033470 0.046870 0.049530 0.039770 
0.088610 0.033620 0.036890 0.080480 0.085360 
0.014750 0.040430 0.050680 0.038260 0.040900 
0.069580 0.058540 0.064720 0.010490 0.029920 
  83
0.479817 0.015070 0.046210 
0.462778 0.969208 0.462022 
0.057405 0.015722 0.491768 
0.060582 0.006205 0.089487 0.268037 0.015085 
