%  SAM: modelfromalign v3.5 (July 15, 2005) compiled 12/05/20_11:48:22
%  (c) 1992-2001 Regents of the University of California, Santa Cruz
%
%          Sequence Alignment and Modeling Software System
%         http://www.cse.ucsc.edu/research/compbio/sam.html
%
% ----------------- Citations (SAM, SAM-T2K, HMMs) --------------------
% R. Hughey, A. Krogh, Hidden Markov models for sequence analysis:
%  Extension and analysis of the basic method, CABIOS 12:95-107, 1996.
% K. Karplus, et al., What is the value added by human intervention in protein
%  structure prediction, Proteins: Stucture, Function, Genetics 45(S5):86--91, 2001.
% A. Krogh et al., Hidden Markov models in computational biology:
%  Applications to protein modeling, JMB 235:1501-1531, Feb 1994.
% ---------------------------------------------------------------------
%  last   Host: gauntlet    Thu Feb 11 19:03:11 2021
%  dgpinheiro   Dir:  /data/GitHub/sfFinder/example/output/subfamily/TEST2/flowerpower/fp-workspace/final
% ---------------------------------------------------------------------
% Prior File:  Internal (Name: recode3.20comp) 
%   20 priors on 20 characters.
%  Alignment weights from internal calc.  Total (1.59) Max (0.00) Min (0.00)
%  Weights from alignment method 1 (karplus), b=0.500000, e=0.500000
MODEL --  Model from alignment file last.a2m
alphabet protein
FREQAVE
0.000000 0.000000 0.000000 
0.000000 0.000000 0.000000 
0.000000 0.000000 0.000000 
0.073380 0.015587 0.057907 0.066952 0.050459 
0.061138 0.028203 0.050814 0.059218 0.083394 
0.025524 0.042204 0.045009 0.042259 0.052329 
0.059341 0.053415 0.060112 0.024898 0.047857 
0.073380 0.015587 0.057907 0.066952 0.050459 
0.061138 0.028203 0.050814 0.059218 0.083394 
0.025524 0.042204 0.045009 0.042259 0.052329 
0.059341 0.053415 0.060112 0.024898 0.047857 
Begin
0.000000 0.000000 0.000000 
0.000000 0.000000 0.000000 
0.000000 0.102839 0.652970 
0.000000 0.000000 0.000000 0.000000 0.000000 
0.000000 0.000000 0.000000 0.000000 0.000000 
0.000000 0.000000 0.000000 0.000000 0.000000 
0.000000 0.000000 0.000000 0.000000 0.000000 
0.087170 0.033443 0.046859 0.049499 0.039738 
0.088556 0.033597 0.036866 0.080520 0.085361 
0.014908 0.040439 0.050666 0.038262 0.040907 
0.069554 0.058573 0.064691 0.010481 0.029909 
1
0.000000 0.016547 0.117361 
0.000000 0.880614 0.229669 
0.040924 0.016576 0.491768 
0.078615 0.016638 0.053547 0.063079 0.042115 
0.068638 0.021057 0.063583 0.057579 0.094610 
0.024402 0.041266 0.046839 0.037495 0.049511 
0.060649 0.055279 0.075018 0.015103 0.034975 
0.087130 0.033470 0.046870 0.049530 0.039770 
0.088610 0.033620 0.036890 0.080480 0.085360 
0.014750 0.040430 0.050680 0.038260 0.040900 
0.069580 0.058540 0.064720 0.010490 0.029920 
2
0.629163 0.015889 0.046210 
0.329913 0.967536 0.462022 
0.040924 0.016576 0.491768 
0.076928 0.016438 0.057682 0.065084 0.038832 
0.075417 0.025146 0.057472 0.058847 0.086950 
0.021662 0.043871 0.048483 0.038189 0.053874 
0.061608 0.055279 0.069125 0.014792 0.034320 
0.087130 0.033470 0.046870 0.049530 0.039770 
0.088610 0.033620 0.036890 0.080480 0.085360 
0.014750 0.040430 0.050680 0.038260 0.040900 
0.069580 0.058540 0.064720 0.010490 0.029920 
3
0.629163 0.015889 0.046210 
0.329913 0.967536 0.462022 
0.040924 0.016576 0.491768 
0.076928 0.016438 0.057682 0.065084 0.038832 
0.075417 0.025146 0.057472 0.058847 0.086950 
0.021662 0.043871 0.048483 0.038189 0.053874 
0.061608 0.055279 0.069125 0.014792 0.034320 
0.087130 0.033470 0.046870 0.049530 0.039770 
0.088610 0.033620 0.036890 0.080480 0.085360 
0.014750 0.040430 0.050680 0.038260 0.040900 
0.069580 0.058540 0.064720 0.010490 0.029920 
4
0.629163 0.015889 0.046210 
0.329913 0.967536 0.462022 
0.040924 0.016576 0.491768 
0.080243 0.018170 0.056525 0.064270 0.038076 
0.082160 0.021670 0.055760 0.058408 0.086545 
0.021601 0.043512 0.050405 0.037881 0.049454 
0.062794 0.055928 0.068198 0.015024 0.033376 
0.087130 0.033470 0.046870 0.049530 0.039770 
0.088610 0.033620 0.036890 0.080480 0.085360 
0.014750 0.040430 0.050680 0.038260 0.040900 
0.069580 0.058540 0.064720 0.010490 0.029920 
5
0.629163 0.015889 0.046210 
0.329913 0.967536 0.462022 
0.040924 0.016576 0.491768 
0.078476 0.018185 0.057312 0.064086 0.039779 
0.077028 0.024908 0.056764 0.057725 0.086799 
0.021575 0.043682 0.048693 0.037531 0.049897 
0.064068 0.055457 0.068903 0.014672 0.034460 
0.087130 0.033470 0.046870 0.049530 0.039770 
0.088610 0.033620 0.036890 0.080480 0.085360 
0.014750 0.040430 0.050680 0.038260 0.040900 
0.069580 0.058540 0.064720 0.010490 0.029920 
6
0.629163 0.015889 0.046210 
0.329913 0.967536 0.462022 
0.040924 0.016576 0.491768 
0.077917 0.018539 0.054702 0.062648 0.041257 
0.072389 0.023859 0.061932 0.056704 0.091835 
0.022348 0.041919 0.048141 0.036949 0.048881 
0.060558 0.054804 0.075144 0.014866 0.034607 
0.087130 0.033470 0.046870 0.049530 0.039770 
0.088610 0.033620 0.036890 0.080480 0.085360 
0.014750 0.040430 0.050680 0.038260 0.040900 
0.069580 0.058540 0.064720 0.010490 0.029920 
7
0.629163 0.015889 0.046210 
0.329913 0.967536 0.462022 
0.040924 0.016576 0.491768 
0.082722 0.018481 0.057889 0.065393 0.040863 
0.078692 0.021268 0.050361 0.058822 0.088236 
0.022106 0.043874 0.049644 0.038157 0.050759 
0.062886 0.056321 0.063399 0.015075 0.035054 
0.087130 0.033470 0.046870 0.049530 0.039770 
0.088610 0.033620 0.036890 0.080480 0.085360 
0.014750 0.040430 0.050680 0.038260 0.040900 
0.069580 0.058540 0.064720 0.010490 0.029920 
8
0.629163 0.015889 0.046210 
0.329913 0.967536 0.462022 
0.040924 0.016576 0.491768 
0.080243 0.018170 0.056525 0.064270 0.038076 
0.082160 0.021670 0.055760 0.058408 0.086545 
0.021601 0.043512 0.050405 0.037881 0.049454 
0.062794 0.055928 0.068198 0.015024 0.033376 
0.087130 0.033470 0.046870 0.049530 0.039770 
0.088610 0.033620 0.036890 0.080480 0.085360 
0.014750 0.040430 0.050680 0.038260 0.040900 
0.069580 0.058540 0.064720 0.010490 0.029920 
9
0.629163 0.015889 0.046210 
0.329913 0.967536 0.462022 
0.040924 0.016576 0.491768 
0.079028 0.018028 0.055924 0.063003 0.039514 
0.077754 0.024665 0.059024 0.057767 0.088257 
0.021510 0.042943 0.051572 0.036008 0.048611 
0.062191 0.055648 0.070815 0.014301 0.033439 
0.087130 0.033470 0.046870 0.049530 0.039770 
0.088610 0.033620 0.036890 0.080480 0.085360 
0.014750 0.040430 0.050680 0.038260 0.040900 
0.069580 0.058540 0.064720 0.010490 0.029920 
10
0.629163 0.015889 0.046210 
0.329913 0.967536 0.462022 
0.040924 0.016576 0.491768 
0.080243 0.018170 0.056525 0.064270 0.038076 
0.082160 0.021670 0.055760 0.058408 0.086545 
0.021601 0.043512 0.050405 0.037881 0.049454 
0.062794 0.055928 0.068198 0.015024 0.033376 
0.087130 0.033470 0.046870 0.049530 0.039770 
0.088610 0.033620 0.036890 0.080480 0.085360 
0.014750 0.040430 0.050680 0.038260 0.040900 
0.069580 0.058540 0.064720 0.010490 0.029920 
11
0.629163 0.015889 0.046210 
0.329913 0.967536 0.462022 
0.040924 0.016576 0.491768 
0.080243 0.018170 0.056525 0.064270 0.038076 
0.082160 0.021670 0.055760 0.058408 0.086545 
0.021601 0.043512 0.050405 0.037881 0.049454 
0.062794 0.055928 0.068198 0.015024 0.033376 
0.087130 0.033470 0.046870 0.049530 0.039770 
0.088610 0.033620 0.036890 0.080480 0.085360 
0.014750 0.040430 0.050680 0.038260 0.040900 
0.069580 0.058540 0.064720 0.010490 0.029920 
12
0.629163 0.015889 0.046210 
0.329913 0.967536 0.462022 
0.040924 0.016576 0.491768 
0.077081 0.016877 0.054173 0.061982 0.044956 
0.070927 0.024968 0.062467 0.056018 0.093421 
0.022702 0.041771 0.047232 0.036736 0.048860 
0.059996 0.054218 0.073647 0.015896 0.036070 
0.087130 0.033470 0.046870 0.049530 0.039770 
0.088610 0.033620 0.036890 0.080480 0.085360 
0.014750 0.040430 0.050680 0.038260 0.040900 
0.069580 0.058540 0.064720 0.010490 0.029920 
13
0.629163 0.015889 0.046210 
0.329913 0.967536 0.462022 
0.040924 0.016576 0.491768 
0.080243 0.018170 0.056525 0.064270 0.038076 
0.082160 0.021670 0.055760 0.058408 0.086545 
0.021601 0.043512 0.050405 0.037881 0.049454 
0.062794 0.055928 0.068198 0.015024 0.033376 
0.087130 0.033470 0.046870 0.049530 0.039770 
0.088610 0.033620 0.036890 0.080480 0.085360 
0.014750 0.040430 0.050680 0.038260 0.040900 
0.069580 0.058540 0.064720 0.010490 0.029920 
14
0.628657 0.015889 0.046210 
0.330419 0.967536 0.462022 
0.040945 0.016573 0.491768 
0.080065 0.017638 0.056866 0.064072 0.038527 
0.078587 0.024628 0.056338 0.058634 0.085611 
0.021183 0.043652 0.052267 0.036578 0.049263 
0.063743 0.056502 0.068746 0.013876 0.033226 
0.087130 0.033470 0.046870 0.049530 0.039770 
0.088610 0.033620 0.036890 0.080480 0.085360 
0.014750 0.040430 0.050680 0.038260 0.040900 
0.069580 0.058540 0.064720 0.010490 0.029920 
15
0.628471 0.015886 0.046210 
0.330584 0.967541 0.462022 
0.040965 0.016570 0.491768 
0.077886 0.015217 0.060185 0.068600 0.031930 
0.080043 0.026894 0.051517 0.062366 0.079439 
0.020675 0.048543 0.050428 0.040458 0.054801 
0.064608 0.057686 0.064089 0.012703 0.031931 
0.087130 0.033470 0.046870 0.049530 0.039770 
0.088610 0.033620 0.036890 0.080480 0.085360 
0.014750 0.040430 0.050680 0.038260 0.040900 
0.069580 0.058540 0.064720 0.010490 0.029920 
16
0.626268 0.015883 0.046210 
0.332767 0.967547 0.462022 
0.041069 0.016556 0.491768 
0.080062 0.013629 0.063281 0.071990 0.029698 
0.079563 0.022967 0.047558 0.065799 0.073840 
0.019783 0.049302 0.057432 0.040762 0.054564 
0.067977 0.060156 0.061087 0.010630 0.029921 
0.087130 0.033470 0.046870 0.049530 0.039770 
0.088610 0.033620 0.036890 0.080480 0.085360 
0.014750 0.040430 0.050680 0.038260 0.040900 
0.069580 0.058540 0.064720 0.010490 0.029920 
17
0.627850 0.015869 0.046210 
0.331081 0.967575 0.462022 
0.041069 0.016556 0.491768 
0.082701 0.014311 0.055827 0.065100 0.041140 
0.074024 0.023406 0.051501 0.059395 0.088510 
0.022737 0.044363 0.048710 0.039272 0.050980 
0.064599 0.057610 0.064254 0.015179 0.036381 
0.087130 0.033470 0.046870 0.049530 0.039770 
0.088610 0.033620 0.036890 0.080480 0.085360 
0.014750 0.040430 0.050680 0.038260 0.040900 
0.069580 0.058540 0.064720 0.010490 0.029920 
18
0.627345 0.015869 0.046210 
0.331586 0.967575 0.462022 
0.041090 0.016553 0.491768 
0.085544 0.014906 0.061509 0.069964 0.030037 
0.081000 0.022611 0.046695 0.063585 0.074967 
0.020021 0.047553 0.054601 0.039776 0.053051 
0.069514 0.061747 0.061759 0.011016 0.030142 
0.087130 0.033470 0.046870 0.049530 0.039770 
0.088610 0.033620 0.036890 0.080480 0.085360 
0.014750 0.040430 0.050680 0.038260 0.040900 
0.069580 0.058540 0.064720 0.010490 0.029920 
19
0.544128 0.015867 0.046210 
0.414782 0.967581 0.462022 
0.044835 0.016093 0.491768 
0.061888 0.007748 0.164470 0.106069 0.017614 
0.065699 0.025102 0.022532 0.070609 0.038107 
0.012296 0.074114 0.043346 0.048944 0.051942 
0.073933 0.055740 0.031503 0.007203 0.021138 
0.087130 0.033470 0.046870 0.049530 0.039770 
0.088610 0.033620 0.036890 0.080480 0.085360 
0.014750 0.040430 0.050680 0.038260 0.040900 
0.069580 0.058540 0.064720 0.010490 0.029920 
20
0.563498 0.015426 0.046210 
0.391668 0.968481 0.462022 
0.046232 0.015946 0.491768 
0.073633 0.012300 0.046186 0.067898 0.033218 
0.040407 0.024815 0.052022 0.063974 0.077766 
0.034968 0.041746 0.034512 0.048225 0.054689 
0.067110 0.116376 0.065930 0.011960 0.032265 
0.087130 0.033470 0.046870 0.049530 0.039770 
0.088610 0.033620 0.036890 0.080480 0.085360 
0.014750 0.040430 0.050680 0.038260 0.040900 
0.069580 0.058540 0.064720 0.010490 0.029920 
21
0.570728 0.015285 0.046210 
0.383039 0.968769 0.462022 
0.046715 0.015898 0.491768 
0.066849 0.008486 0.065121 0.088562 0.022881 
0.051558 0.026922 0.031720 0.097846 0.052848 
0.016777 0.056697 0.066584 0.062328 0.078315 
0.071576 0.058337 0.042562 0.009042 0.024989 
0.087130 0.033470 0.046870 0.049530 0.039770 
0.088610 0.033620 0.036890 0.080480 0.085360 
0.014750 0.040430 0.050680 0.038260 0.040900 
0.069580 0.058540 0.064720 0.010490 0.029920 
22
0.548893 0.015239 0.046210 
0.404392 0.968863 0.462022 
0.048050 0.015771 0.491768 
0.074113 0.010276 0.050279 0.091302 0.030192 
0.039036 0.024765 0.045348 0.081238 0.070510 
0.022346 0.042954 0.036866 0.053464 0.059022 
0.064628 0.085537 0.077002 0.011170 0.029954 
0.087130 0.033470 0.046870 0.049530 0.039770 
0.088610 0.033620 0.036890 0.080480 0.085360 
0.014750 0.040430 0.050680 0.038260 0.040900 
0.069580 0.058540 0.064720 0.010490 0.029920 
23
0.538113 0.015118 0.046210 
0.413837 0.969111 0.462022 
0.049357 0.015656 0.491768 
0.096188 0.012917 0.036242 0.061752 0.039174 
0.034191 0.024910 0.063977 0.060932 0.108430 
0.028757 0.036750 0.035813 0.045666 0.052232 
0.056308 0.075759 0.079033 0.014043 0.036927 
0.087130 0.033470 0.046870 0.049530 0.039770 
0.088610 0.033620 0.036890 0.080480 0.085360 
0.014750 0.040430 0.050680 0.038260 0.040900 
0.069580 0.058540 0.064720 0.010490 0.029920 
24
0.521049 0.015007 0.046210 
0.429594 0.969337 0.462022 
0.050973 0.015523 0.491768 
0.074791 0.007822 0.068896 0.087360 0.019672 
0.056961 0.026452 0.026028 0.125739 0.044221 
0.014524 0.072551 0.045181 0.051955 0.063009 
0.086209 0.062539 0.035517 0.008056 0.022519 
0.087130 0.033470 0.046870 0.049530 0.039770 
0.088610 0.033620 0.036890 0.080480 0.085360 
0.014750 0.040430 0.050680 0.038260 0.040900 
0.069580 0.058540 0.064720 0.010490 0.029920 
25
0.525477 0.014880 0.046210 
0.423550 0.969596 0.462022 
0.051625 0.015473 0.491768 
0.076942 0.009864 0.038737 0.045221 0.036269 
0.051254 0.019516 0.060469 0.060782 0.090323 
0.174835 0.032502 0.024566 0.033167 0.043808 
0.042453 0.044279 0.069496 0.013100 0.032417 
0.087130 0.033470 0.046870 0.049530 0.039770 
0.088610 0.033620 0.036890 0.080480 0.085360 
0.014750 0.040430 0.050680 0.038260 0.040900 
0.069580 0.058540 0.064720 0.010490 0.029920 
26
0.532197 0.014832 0.046210 
0.416178 0.969695 0.462022 
0.051625 0.015473 0.491768 
0.082746 0.006231 0.048319 0.049018 0.024091 
0.055963 0.017300 0.034911 0.075765 0.053268 
0.012343 0.040255 0.238069 0.034007 0.041833 
0.056227 0.048117 0.047953 0.009130 0.024454 
0.087130 0.033470 0.046870 0.049530 0.039770 
0.088610 0.033620 0.036890 0.080480 0.085360 
0.014750 0.040430 0.050680 0.038260 0.040900 
0.069580 0.058540 0.064720 0.010490 0.029920 
27
0.516242 0.014832 0.046210 
0.432133 0.969695 0.462022 
0.052462 0.015410 0.491768 
0.075297 0.006041 0.051652 0.064274 0.022543 
0.047224 0.019546 0.037298 0.225014 0.084927 
0.017522 0.039114 0.032206 0.043947 0.057216 
0.049494 0.045114 0.046498 0.009606 0.025467 
0.087130 0.033470 0.046870 0.049530 0.039770 
0.088610 0.033620 0.036890 0.080480 0.085360 
0.014750 0.040430 0.050680 0.038260 0.040900 
0.069580 0.058540 0.064720 0.010490 0.029920 
28
0.523804 0.014772 0.046210 
0.423734 0.969818 0.462022 
0.052504 0.015407 0.491768 
0.074722 0.011290 0.028194 0.032012 0.041953 
0.043242 0.016450 0.072729 0.033314 0.315378 
0.026488 0.026376 0.022891 0.024580 0.030695 
0.035565 0.037741 0.082775 0.012743 0.030864 
0.087130 0.033470 0.046870 0.049530 0.039770 
0.088610 0.033620 0.036890 0.080480 0.085360 
0.014750 0.040430 0.050680 0.038260 0.040900 
0.069580 0.058540 0.064720 0.010490 0.029920 
29
0.508640 0.014769 0.046210 
0.438856 0.969824 0.462022 
0.053336 0.015348 0.491768 
0.091277 0.006948 0.057117 0.071223 0.024875 
0.052099 0.021076 0.036034 0.066513 0.064378 
0.016621 0.048275 0.030480 0.177075 0.051218 
0.054275 0.048252 0.045069 0.010088 0.027105 
0.087130 0.033470 0.046870 0.049530 0.039770 
0.088610 0.033620 0.036890 0.080480 0.085360 
0.014750 0.040430 0.050680 0.038260 0.040900 
0.069580 0.058540 0.064720 0.010490 0.029920 
30
0.477717 0.014712 0.046210 
0.468948 0.969941 0.462022 
0.055499 0.015203 0.491768 
0.072845 0.005944 0.050714 0.063725 0.021891 
0.047743 0.020908 0.033942 0.083885 0.056787 
0.016679 0.040592 0.030312 0.044848 0.231098 
0.050982 0.046627 0.043396 0.010312 0.026773 
0.087130 0.033470 0.046870 0.049530 0.039770 
0.088610 0.033620 0.036890 0.080480 0.085360 
0.014750 0.040430 0.050680 0.038260 0.040900 
0.069580 0.058540 0.064720 0.010490 0.029920 
31
0.497092 0.014573 0.046210 
0.447409 0.970224 0.462022 
0.055499 0.015203 0.491768 
0.076690 0.006094 0.066596 0.069413 0.022675 
0.051627 0.021441 0.034130 0.073171 0.055797 
0.016440 0.042274 0.031540 0.044690 0.197266 
0.061282 0.047296 0.043615 0.010540 0.027423 
0.087130 0.033470 0.046870 0.049530 0.039770 
0.088610 0.033620 0.036890 0.080480 0.085360 
0.014750 0.040430 0.050680 0.038260 0.040900 
0.069580 0.058540 0.064720 0.010490 0.029920 
32
0.497092 0.014573 0.046210 
0.447409 0.970224 0.462022 
0.055499 0.015203 0.491768 
0.067002 0.005620 0.270880 0.077487 0.019483 
0.054326 0.019579 0.025559 0.061509 0.042561 
0.012637 0.056897 0.030074 0.041177 0.048126 
0.056641 0.045593 0.034857 0.008153 0.021840 
0.087130 0.033470 0.046870 0.049530 0.039770 
0.088610 0.033620 0.036890 0.080480 0.085360 
0.014750 0.040430 0.050680 0.038260 0.040900 
0.069580 0.058540 0.064720 0.010490 0.029920 
33
0.497092 0.014573 0.046210 
0.447409 0.970224 0.462022 
0.055499 0.015203 0.491768 
0.063664 0.009881 0.030127 0.033818 0.078729 
0.047636 0.023536 0.050723 0.033286 0.076724 
0.020395 0.029043 0.023385 0.025075 0.032786 
0.041089 0.039044 0.062834 0.030779 0.247449 
0.087130 0.033470 0.046870 0.049530 0.039770 
0.088610 0.033620 0.036890 0.080480 0.085360 
0.014750 0.040430 0.050680 0.038260 0.040900 
0.069580 0.058540 0.064720 0.010490 0.029920 
34
0.497092 0.014573 0.046210 
0.447409 0.970224 0.462022 
0.055499 0.015368 0.491594 
0.064716 0.009189 0.031958 0.035573 0.060430 
0.045860 0.021290 0.046140 0.035147 0.071717 
0.018763 0.028795 0.023592 0.026232 0.034875 
0.040987 0.039524 0.058499 0.019009 0.287704 
0.087130 0.033470 0.046870 0.049530 0.039770 
0.088610 0.033620 0.036890 0.080480 0.085360 
0.014750 0.040430 0.050680 0.038260 0.040900 
0.069580 0.058540 0.064720 0.010490 0.029920 
35
0.497092 0.014573 0.046194 
0.447409 0.970059 0.462212 
0.055499 0.024316 0.482330 
0.068380 0.005872 0.294174 0.073909 0.019777 
0.055098 0.019116 0.025605 0.054691 0.043201 
0.012450 0.054342 0.029731 0.038658 0.040678 
0.054940 0.044472 0.035184 0.008052 0.021670 
0.087129 0.033475 0.046869 0.049529 0.039769 
0.088609 0.033619 0.036890 0.080479 0.085361 
0.014750 0.040429 0.050679 0.038259 0.040899 
0.069579 0.058539 0.064722 0.010490 0.029924 
36
0.463883 0.014573 0.045323 
0.480618 0.961111 0.472347 
0.057405 0.015086 0.491768 
0.076580 0.010472 0.039470 0.041330 0.035614 
0.050805 0.017842 0.062021 0.040675 0.099082 
0.022769 0.034364 0.029674 0.030150 0.034297 
0.061844 0.198140 0.072871 0.011287 0.030713 
0.087130 0.033470 0.046870 0.049530 0.039770 
0.088610 0.033620 0.036890 0.080480 0.085360 
0.014750 0.040430 0.050680 0.038260 0.040900 
0.069580 0.058540 0.064720 0.010490 0.029920 
37
0.479817 0.014461 0.046210 
0.462778 0.970452 0.462022 
0.057405 0.015402 0.491432 
0.253439 0.011731 0.040123 0.046691 0.031201 
0.061464 0.017273 0.048831 0.045387 0.073625 
0.020315 0.031566 0.027667 0.032113 0.037847 
0.056866 0.058325 0.067025 0.010238 0.028273 
0.087130 0.033470 0.046870 0.049530 0.039770 
0.088610 0.033620 0.036890 0.080480 0.085360 
0.014750 0.040430 0.050680 0.038260 0.040900 
0.069580 0.058541 0.064720 0.010490 0.029920 
38
0.479817 0.014461 0.046179 
0.462778 0.970136 0.462389 
0.057405 0.015086 0.491768 
0.068341 0.006324 0.047480 0.057736 0.022039 
0.047923 0.019864 0.033257 0.063964 0.055278 
0.015668 0.037903 0.029387 0.040388 0.282169 
0.047820 0.045557 0.043203 0.009967 0.025731 
0.087130 0.033470 0.046870 0.049530 0.039770 
0.088610 0.033620 0.036890 0.080480 0.085360 
0.014750 0.040430 0.050680 0.038260 0.040900 
0.069580 0.058540 0.064720 0.010490 0.029920 
39
0.479817 0.014461 0.046210 
0.462778 0.970452 0.462022 
0.057405 0.015086 0.491768 
0.062898 0.005735 0.289366 0.071835 0.019374 
0.064314 0.019038 0.024533 0.053537 0.040432 
0.011940 0.062409 0.029824 0.038134 0.039876 
0.056443 0.047451 0.033672 0.007911 0.021277 
0.087130 0.033470 0.046870 0.049530 0.039770 
0.088610 0.033620 0.036890 0.080480 0.085360 
0.014750 0.040430 0.050680 0.038260 0.040900 
0.069580 0.058540 0.064720 0.010490 0.029920 
40
0.479817 0.014461 0.046210 
0.462778 0.970452 0.462022 
0.057405 0.015086 0.491768 
0.078556 0.012560 0.023670 0.026413 0.046913 
0.040264 0.015677 0.083257 0.027366 0.177494 
0.157662 0.021343 0.018250 0.021552 0.027898 
0.030742 0.046430 0.097187 0.013572 0.033194 
0.087130 0.033470 0.046870 0.049530 0.039770 
0.088610 0.033620 0.036890 0.080480 0.085360 
0.014750 0.040430 0.050680 0.038260 0.040900 
0.069580 0.058540 0.064720 0.010490 0.029920 
41
0.479817 0.014461 0.046210 
0.462778 0.970452 0.462022 
0.057405 0.015086 0.491768 
0.065037 0.007200 0.096137 0.054543 0.023551 
0.077172 0.022737 0.027187 0.052957 0.044694 
0.013349 0.216718 0.033948 0.035818 0.041795 
0.066347 0.048775 0.036296 0.010034 0.025705 
0.087130 0.033470 0.046870 0.049530 0.039770 
0.088610 0.033620 0.036890 0.080480 0.085360 
0.014750 0.040430 0.050680 0.038260 0.040900 
0.069580 0.058540 0.064720 0.010490 0.029920 
42
0.479817 0.014461 0.046210 
0.462778 0.970452 0.462022 
0.057405 0.015086 0.491768 
0.036594 0.007393 0.018401 0.021511 0.044283 
0.028720 0.011173 0.032324 0.020206 0.063864 
0.015466 0.015891 0.014667 0.014289 0.021796 
0.023082 0.022026 0.039914 0.511373 0.037027 
0.087130 0.033470 0.046870 0.049530 0.039770 
0.088610 0.033620 0.036890 0.080480 0.085360 
0.014750 0.040430 0.050680 0.038260 0.040900 
0.069580 0.058540 0.064720 0.010490 0.029920 
43
0.479817 0.014461 0.046210 
0.462778 0.970452 0.462022 
0.057405 0.015086 0.491768 
0.218967 0.010402 0.051909 0.061972 0.028954 
0.065843 0.019116 0.043301 0.053312 0.065570 
0.018583 0.036404 0.030803 0.036961 0.043233 
0.064128 0.052012 0.059546 0.010419 0.028566 
0.087130 0.033470 0.046870 0.049530 0.039770 
0.088610 0.033620 0.036890 0.080480 0.085360 
0.014750 0.040430 0.050680 0.038260 0.040900 
0.069580 0.058540 0.064720 0.010490 0.029920 
44
0.479817 0.014461 0.046210 
0.462778 0.970452 0.462022 
0.057405 0.015086 0.491768 
0.068888 0.011860 0.026276 0.028537 0.232154 
0.043192 0.018259 0.068742 0.025508 0.114164 
0.024627 0.024873 0.026384 0.021447 0.024847 
0.036554 0.040707 0.079414 0.021391 0.062175 
0.087130 0.033470 0.046870 0.049530 0.039770 
0.088610 0.033620 0.036890 0.080480 0.085360 
0.014750 0.040430 0.050680 0.038260 0.040900 
0.069580 0.058540 0.064720 0.010490 0.029920 
45
0.479817 0.014461 0.046210 
0.462778 0.970452 0.462022 
0.057405 0.015086 0.491768 
0.075973 0.008713 0.052938 0.050951 0.025109 
0.078440 0.019309 0.031770 0.047908 0.047461 
0.013966 0.047630 0.033697 0.033748 0.037511 
0.234024 0.078397 0.046292 0.009689 0.026474 
0.087130 0.033470 0.046870 0.049530 0.039770 
0.088610 0.033620 0.036890 0.080480 0.085360 
0.014750 0.040430 0.050680 0.038260 0.040900 
0.069580 0.058540 0.064720 0.010490 0.029920 
46
0.479817 0.014461 0.046210 
0.462778 0.970452 0.462022 
0.057405 0.015086 0.491768 
0.054522 0.008599 0.027337 0.030389 0.066842 
0.039837 0.019579 0.043895 0.030076 0.068972 
0.017435 0.024586 0.020740 0.022609 0.028501 
0.035966 0.035016 0.054663 0.018513 0.351923 
0.087130 0.033470 0.046870 0.049530 0.039770 
0.088610 0.033620 0.036890 0.080480 0.085360 
0.014750 0.040430 0.050680 0.038260 0.040900 
0.069580 0.058540 0.064720 0.010490 0.029920 
47
0.479817 0.014461 0.046210 
0.462778 0.970452 0.462022 
0.057405 0.015086 0.491768 
0.075332 0.012329 0.026196 0.029374 0.038759 
0.038150 0.014278 0.097371 0.031144 0.098431 
0.023126 0.022419 0.023123 0.025918 0.028945 
0.036668 0.041649 0.296906 0.010669 0.029213 
0.087130 0.033470 0.046870 0.049530 0.039770 
0.088610 0.033620 0.036890 0.080480 0.085360 
0.014750 0.040430 0.050680 0.038260 0.040900 
0.069580 0.058540 0.064720 0.010490 0.029920 
48
0.479817 0.014461 0.046210 
0.462778 0.970452 0.462022 
0.057405 0.015086 0.491768 
0.073165 0.008087 0.070556 0.055281 0.024334 
0.065761 0.020502 0.030592 0.051528 0.046214 
0.013660 0.050396 0.039004 0.036062 0.040030 
0.223168 0.071688 0.043940 0.009742 0.026290 
0.087130 0.033470 0.046870 0.049530 0.039770 
0.088610 0.033620 0.036890 0.080480 0.085360 
0.014750 0.040430 0.050680 0.038260 0.040900 
0.069580 0.058540 0.064720 0.010490 0.029920 
49
0.479817 0.014461 0.046210 
0.462778 0.970452 0.462022 
0.057405 0.015086 0.491768 
0.073550 0.005591 0.070477 0.252775 0.021111 
0.048159 0.020172 0.028300 0.067999 0.049202 
0.015577 0.040557 0.030435 0.048673 0.054664 
0.054145 0.046489 0.038518 0.009385 0.024222 
0.087130 0.033470 0.046870 0.049530 0.039770 
0.088610 0.033620 0.036890 0.080480 0.085360 
0.014750 0.040430 0.050680 0.038260 0.040900 
0.069580 0.058540 0.064720 0.010490 0.029920 
50
0.479817 0.014461 0.046210 
0.462778 0.970452 0.462022 
0.057405 0.015086 0.491768 
0.070903 0.005648 0.231413 0.089690 0.020526 
0.056165 0.020087 0.026423 0.063180 0.044014 
0.013131 0.058676 0.030829 0.048661 0.044247 
0.063005 0.046848 0.035367 0.008533 0.022656 
0.087130 0.033470 0.046870 0.049530 0.039770 
0.088610 0.033620 0.036890 0.080480 0.085360 
0.014750 0.040430 0.050680 0.038260 0.040900 
0.069580 0.058540 0.064720 0.010490 0.029920 
51
0.479817 0.014461 0.046210 
0.462778 0.970452 0.462022 
0.057405 0.015086 0.491768 
0.074236 0.005031 0.093338 0.237546 0.019959 
0.047920 0.019518 0.026185 0.075335 0.046186 
0.013640 0.041091 0.028689 0.051056 0.050550 
0.054743 0.045412 0.037727 0.008848 0.022989 
0.087130 0.033470 0.046870 0.049530 0.039770 
0.088610 0.033620 0.036890 0.080480 0.085360 
0.014750 0.040430 0.050680 0.038260 0.040900 
0.069580 0.058540 0.064720 0.010490 0.029920 
52
0.479817 0.014461 0.046210 
0.462778 0.970452 0.462022 
0.057405 0.015086 0.491768 
0.088942 0.013585 0.018588 0.020157 0.042392 
0.033162 0.011899 0.126444 0.021737 0.115585 
0.025003 0.016627 0.019520 0.016581 0.020864 
0.030615 0.038176 0.301399 0.010330 0.028394 
0.087130 0.033470 0.046870 0.049530 0.039770 
0.088610 0.033620 0.036890 0.080480 0.085360 
0.014750 0.040430 0.050680 0.038260 0.040900 
0.069580 0.058540 0.064720 0.010490 0.029920 
53
0.479817 0.014461 0.046210 
0.462778 0.970452 0.462022 
0.057405 0.015086 0.491768 
0.058239 0.010891 0.021723 0.024593 0.328948 
0.035330 0.015290 0.062372 0.022209 0.095841 
0.022388 0.020178 0.018953 0.018547 0.020666 
0.031349 0.033133 0.070225 0.021670 0.067455 
0.087130 0.033470 0.046870 0.049530 0.039770 
0.088610 0.033620 0.036890 0.080480 0.085360 
0.014750 0.040430 0.050680 0.038260 0.040900 
0.069580 0.058540 0.064720 0.010490 0.029920 
54
0.479817 0.014461 0.046210 
0.462778 0.970452 0.462022 
0.057405 0.022637 0.483863 
0.056014 0.006237 0.040187 0.036955 0.021438 
0.053129 0.014767 0.028646 0.041183 0.046130 
0.009984 0.031194 0.402712 0.024893 0.031337 
0.046629 0.039116 0.040650 0.007810 0.020988 
0.087129 0.033470 0.046869 0.049529 0.039770 
0.088609 0.033620 0.036890 0.080479 0.085359 
0.014750 0.040429 0.050679 0.038259 0.040899 
0.069579 0.058539 0.064719 0.010490 0.029932 
55
0.479817 0.072366 0.045468 
0.462778 0.904997 0.470670 
0.045575 0.016014 0.491768 
0.078676 0.005579 0.071622 0.247941 0.021225 
0.047899 0.024330 0.027609 0.067541 0.048506 
0.014098 0.040687 0.028899 0.053837 0.050466 
0.054144 0.045851 0.037400 0.009306 0.024385 
0.087130 0.033470 0.046870 0.049530 0.039770 
0.088610 0.033620 0.036890 0.080480 0.085360 
0.014750 0.040430 0.050680 0.038260 0.040900 
0.069580 0.058540 0.064720 0.010490 0.029920 
56
0.586461 0.016684 0.046210 
0.367964 0.967302 0.462022 
0.045397 0.016032 0.491768 
0.072554 0.005245 0.091189 0.264432 0.019527 
0.046604 0.018999 0.025647 0.065140 0.044987 
0.013349 0.039739 0.027592 0.048593 0.048189 
0.056892 0.044803 0.035398 0.008600 0.022520 
0.087130 0.033470 0.046870 0.049530 0.039770 
0.088610 0.033620 0.036890 0.080480 0.085360 
0.014750 0.040430 0.050680 0.038260 0.040900 
0.069580 0.058540 0.064720 0.010490 0.029920 
57
0.383905 0.037351 0.046210 
0.570698 0.946617 0.462022 
0.052264 0.015425 0.491768 
0.079441 0.012516 0.025210 0.028555 0.050610 
0.038623 0.016374 0.084375 0.029508 0.273655 
0.031797 0.022762 0.022181 0.022681 0.030273 
0.032705 0.037148 0.094601 0.017331 0.049653 
0.087130 0.033470 0.046870 0.049530 0.039770 
0.088610 0.033620 0.036890 0.080480 0.085360 
0.014750 0.040430 0.050680 0.038260 0.040900 
0.069580 0.058540 0.064720 0.010490 0.029920 
58
0.521273 0.015106 0.046210 
0.426463 0.969470 0.462022 
0.052466 0.015410 0.491768 
0.073678 0.007717 0.064282 0.071697 0.025153 
0.063207 0.020550 0.030521 0.056374 0.046246 
0.013823 0.050614 0.034921 0.038181 0.042048 
0.211938 0.069693 0.043059 0.009862 0.026436 
0.087130 0.033470 0.046870 0.049530 0.039770 
0.088610 0.033620 0.036890 0.080480 0.085360 
0.014750 0.040430 0.050680 0.038260 0.040900 
0.069580 0.058540 0.064720 0.010490 0.029920 
59
0.439819 0.014771 0.046210 
0.507715 0.969819 0.462022 
0.057325 0.015091 0.491768 
0.075910 0.005741 0.056277 0.067906 0.020345 
0.078582 0.020372 0.031541 0.221522 0.051583 
0.014970 0.042482 0.033801 0.045924 0.057979 
0.053246 0.047306 0.040875 0.009130 0.024509 
0.087130 0.033470 0.046870 0.049530 0.039770 
0.088610 0.033620 0.036890 0.080480 0.085360 
0.014750 0.040430 0.050680 0.038260 0.040900 
0.069580 0.058540 0.064720 0.010490 0.029920 
60
0.479145 0.022018 0.046210 
0.463530 0.962890 0.462022 
0.055526 0.015201 0.491768 
0.084676 0.009651 0.053486 0.053382 0.035176 
0.066077 0.020329 0.037618 0.046043 0.054615 
0.015755 0.048278 0.035298 0.033681 0.037309 
0.191444 0.081312 0.052835 0.011045 0.031990 
0.087130 0.033470 0.046870 0.049530 0.039770 
0.088610 0.033620 0.036890 0.080480 0.085360 
0.014750 0.040430 0.050680 0.038260 0.040900 
0.069580 0.058540 0.064720 0.010490 0.029920 
61
0.496847 0.014571 0.046210 
0.447627 0.970228 0.462022 
0.055526 0.015201 0.491768 
0.073970 0.010835 0.038567 0.051467 0.185290 
0.063810 0.022661 0.054499 0.037511 0.078619 
0.021400 0.034367 0.028729 0.028765 0.034208 
0.046727 0.043586 0.065674 0.020959 0.058354 
0.087130 0.033470 0.046870 0.049530 0.039770 
0.088610 0.033620 0.036890 0.080480 0.085360 
0.014750 0.040430 0.050680 0.038260 0.040900 
0.069580 0.058540 0.064720 0.010490 0.029920 
62
0.496847 0.014729 0.046210 
0.447627 0.970070 0.462022 
0.055488 0.015204 0.491768 
0.067458 0.006342 0.049455 0.033802 0.018083 
0.443342 0.014713 0.024729 0.035463 0.033437 
0.011986 0.038816 0.025999 0.023075 0.033425 
0.048575 0.034711 0.028677 0.007668 0.020245 
0.087130 0.033470 0.046870 0.049530 0.039770 
0.088610 0.033620 0.036890 0.080480 0.085360 
0.014750 0.040430 0.050680 0.038260 0.040900 
0.069580 0.058540 0.064720 0.010490 0.029920 
63
0.463794 0.014574 0.046210 
0.480717 0.970223 0.462022 
0.057405 0.015086 0.491768 
0.065156 0.013038 0.015872 0.017168 0.044502 
0.029875 0.011143 0.292671 0.019438 0.124458 
0.027050 0.014665 0.017192 0.014940 0.019095 
0.024621 0.034444 0.176468 0.010473 0.027731 
0.087130 0.033470 0.046870 0.049530 0.039770 
0.088610 0.033620 0.036890 0.080480 0.085360 
0.014750 0.040430 0.050680 0.038260 0.040900 
0.069580 0.058540 0.064720 0.010490 0.029920 
64
0.479817 0.014619 0.046210 
0.462778 0.970295 0.462022 
0.057365 0.015089 0.491768 
0.070584 0.008529 0.052945 0.055651 0.032118 
0.059883 0.157694 0.038451 0.072651 0.059948 
0.017700 0.046726 0.039162 0.039311 0.047769 
0.055450 0.048352 0.047899 0.013457 0.035717 
0.087130 0.033470 0.046870 0.049530 0.039770 
0.088610 0.033620 0.036890 0.080480 0.085360 
0.014750 0.040430 0.050680 0.038260 0.040900 
0.069580 0.058540 0.064720 0.010490 0.029920 
65
0.480184 0.014463 0.046210 
0.462452 0.970448 0.462022 
0.057365 0.015089 0.491768 
0.098151 0.010301 0.043217 0.038950 0.031313 
0.259521 0.018586 0.051468 0.038182 0.060228 
0.019696 0.041398 0.030584 0.027145 0.032413 
0.056093 0.046716 0.054765 0.011556 0.029721 
0.087130 0.033470 0.046870 0.049530 0.039770 
0.088610 0.033620 0.036890 0.080480 0.085360 
0.014750 0.040430 0.050680 0.038260 0.040900 
0.069580 0.058540 0.064720 0.010490 0.029920 
66
0.479479 0.014463 0.046210 
0.463156 0.970448 0.462022 
0.057405 0.015086 0.491768 
0.071881 0.005586 0.069269 0.262642 0.021132 
0.047761 0.022477 0.027476 0.064969 0.047743 
0.013924 0.039712 0.028476 0.047227 0.048727 
0.053658 0.056748 0.037695 0.009135 0.023763 
0.087130 0.033470 0.046870 0.049530 0.039770 
0.088610 0.033620 0.036890 0.080480 0.085360 
0.014750 0.040430 0.050680 0.038260 0.040900 
0.069580 0.058540 0.064720 0.010490 0.029920 
67
0.479817 0.014461 0.046210 
0.462778 0.970452 0.462022 
0.057405 0.015086 0.491768 
0.084670 0.005183 0.104515 0.220480 0.020843 
0.059277 0.019200 0.026695 0.065353 0.046560 
0.013618 0.041342 0.028339 0.049539 0.047284 
0.055192 0.044226 0.035598 0.008999 0.023088 
0.087130 0.033470 0.046870 0.049530 0.039770 
0.088610 0.033620 0.036890 0.080480 0.085360 
0.014750 0.040430 0.050680 0.038260 0.040900 
0.069580 0.058540 0.064720 0.010490 0.029920 
68
0.479817 0.014461 0.046210 
0.462778 0.970452 0.462022 
0.057405 0.015086 0.491768 
0.020003 0.004955 0.010234 0.012863 0.069215 
0.015215 0.012095 0.021767 0.012523 0.045635 
0.010855 0.010593 0.009336 0.009491 0.015961 
0.016176 0.015262 0.022878 0.603233 0.061710 
0.087130 0.033470 0.046870 0.049530 0.039770 
0.088610 0.033620 0.036890 0.080480 0.085360 
0.014750 0.040430 0.050680 0.038260 0.040900 
0.069580 0.058540 0.064720 0.010490 0.029920 
69
0.479817 0.014461 0.046210 
0.462778 0.970452 0.462022 
0.057405 0.015086 0.491768 
0.068098 0.009543 0.044545 0.045889 0.052060 
0.055766 0.023921 0.046843 0.038920 0.083953 
0.020747 0.036211 0.027325 0.029155 0.038674 
0.047291 0.040584 0.056258 0.184494 0.049723 
0.087130 0.033470 0.046870 0.049530 0.039770 
0.088610 0.033620 0.036890 0.080480 0.085360 
0.014750 0.040430 0.050680 0.038260 0.040900 
0.069580 0.058540 0.064720 0.010490 0.029920 
70
0.479817 0.014461 0.046210 
0.462778 0.970452 0.462022 
0.057405 0.015086 0.491768 
0.090308 0.008166 0.050749 0.045760 0.025744 
0.277172 0.019175 0.035729 0.053145 0.049012 
0.016215 0.045922 0.032236 0.031314 0.036999 
0.057594 0.044765 0.042563 0.010437 0.026996 
0.087130 0.033470 0.046870 0.049530 0.039770 
0.088610 0.033620 0.036890 0.080480 0.085360 
0.014750 0.040430 0.050680 0.038260 0.040900 
0.069580 0.058540 0.064720 0.010490 0.029920 
71
0.479817 0.014461 0.046210 
0.462778 0.970452 0.462022 
0.057405 0.015086 0.491768 
0.037202 0.006948 0.017584 0.021714 0.049635 
0.027280 0.011421 0.033554 0.020198 0.066671 
0.016264 0.015803 0.013927 0.014473 0.022251 
0.023107 0.022083 0.041204 0.493661 0.045019 
0.087130 0.033470 0.046870 0.049530 0.039770 
0.088610 0.033620 0.036890 0.080480 0.085360 
0.014750 0.040430 0.050680 0.038260 0.040900 
0.069580 0.058540 0.064720 0.010490 0.029920 
72
0.479817 0.014461 0.046210 
0.462778 0.970452 0.462022 
0.057405 0.015086 0.491768 
0.062576 0.005181 0.284880 0.103371 0.018357 
0.052124 0.018558 0.023140 0.055735 0.039244 
0.011680 0.056078 0.028443 0.040985 0.040510 
0.055146 0.043477 0.032507 0.007593 0.020412 
0.087130 0.033470 0.046870 0.049530 0.039770 
0.088610 0.033620 0.036890 0.080480 0.085360 
0.014750 0.040430 0.050680 0.038260 0.040900 
0.069580 0.058540 0.064720 0.010490 0.029920 
73
0.479817 0.014461 0.046210 
0.462778 0.970452 0.462022 
0.057405 0.015086 0.491768 
0.069331 0.004689 0.107948 0.280823 0.018356 
0.045997 0.018069 0.022902 0.062481 0.041577 
0.012276 0.038100 0.026744 0.048936 0.045402 
0.052243 0.042609 0.032493 0.008038 0.020984 
0.087130 0.033470 0.046870 0.049530 0.039770 
0.088610 0.033620 0.036890 0.080480 0.085360 
0.014750 0.040430 0.050680 0.038260 0.040900 
0.069580 0.058540 0.064720 0.010490 0.029920 
74
0.479817 0.014461 0.046210 
0.462778 0.970452 0.462022 
0.057405 0.015086 0.491768 
0.048745 0.004929 0.029921 0.035000 0.010373 
0.031908 0.010751 0.016825 0.031776 0.028897 
0.006227 0.019776 0.574586 0.018595 0.023329 
0.041440 0.027967 0.025737 0.003351 0.009868 
0.087130 0.033470 0.046870 0.049530 0.039770 
0.088610 0.033620 0.036890 0.080480 0.085360 
0.014750 0.040430 0.050680 0.038260 0.040900 
0.069580 0.058540 0.064720 0.010490 0.029920 
75
0.479817 0.014461 0.046210 
0.462778 0.970452 0.462022 
0.057405 0.015086 0.491768 
0.058554 0.010128 0.024084 0.026674 0.122656 
0.040883 0.022178 0.052597 0.024328 0.080647 
0.020563 0.024073 0.019725 0.020455 0.026080 
0.035972 0.034928 0.064620 0.025485 0.265372 
0.087130 0.033470 0.046870 0.049530 0.039770 
0.088610 0.033620 0.036890 0.080480 0.085360 
0.014750 0.040430 0.050680 0.038260 0.040900 
0.069580 0.058540 0.064720 0.010490 0.029920 
76
0.479817 0.014461 0.046210 
0.462778 0.970452 0.462022 
0.057405 0.015086 0.491768 
0.073317 0.005260 0.053436 0.067533 0.018883 
0.046615 0.020103 0.029853 0.245681 0.050381 
0.014613 0.040798 0.031346 0.046435 0.087948 
0.050877 0.045495 0.038989 0.008819 0.023617 
0.087130 0.033470 0.046870 0.049530 0.039770 
0.088610 0.033620 0.036890 0.080480 0.085360 
0.014750 0.040430 0.050680 0.038260 0.040900 
0.069580 0.058540 0.064720 0.010490 0.029920 
77
0.479817 0.014461 0.046210 
0.462778 0.970452 0.462022 
0.057405 0.015086 0.491768 
0.071503 0.012561 0.018443 0.020979 0.048112 
0.029499 0.012851 0.105389 0.022183 0.331654 
0.033382 0.017109 0.017992 0.018235 0.022545 
0.025951 0.033851 0.114485 0.012699 0.030578 
0.087130 0.033470 0.046870 0.049530 0.039770 
0.088610 0.033620 0.036890 0.080480 0.085360 
0.014750 0.040430 0.050680 0.038260 0.040900 
0.069580 0.058540 0.064720 0.010490 0.029920 
78
0.479817 0.014461 0.046210 
0.462778 0.970452 0.462022 
0.057405 0.015086 0.491768 
0.066412 0.008264 0.043494 0.045438 0.024600 
0.049056 0.017302 0.036912 0.044649 0.050411 
0.014487 0.038113 0.029764 0.032201 0.035604 
0.093183 0.284665 0.051447 0.008793 0.025207 
0.087130 0.033470 0.046870 0.049530 0.039770 
0.088610 0.033620 0.036890 0.080480 0.085360 
0.014750 0.040430 0.050680 0.038260 0.040900 
0.069580 0.058540 0.064720 0.010490 0.029920 
79
0.479817 0.014461 0.046210 
0.462778 0.970452 0.462022 
0.057405 0.015086 0.491768 
0.065028 0.010363 0.027620 0.031285 0.082016 
0.043548 0.021609 0.056000 0.029885 0.085666 
0.026101 0.026613 0.021306 0.023638 0.029914 
0.038941 0.038279 0.068050 0.022594 0.251544 
0.087130 0.033470 0.046870 0.049530 0.039770 
0.088610 0.033620 0.036890 0.080480 0.085360 
0.014750 0.040430 0.050680 0.038260 0.040900 
0.069580 0.058540 0.064720 0.010490 0.029920 
80
0.479817 0.014461 0.046210 
0.462778 0.970452 0.462022 
0.057405 0.015086 0.491768 
0.072434 0.005981 0.073802 0.063017 0.021793 
0.050398 0.020837 0.032709 0.069041 0.053866 
0.015785 0.040803 0.035070 0.043074 0.226888 
0.050628 0.045573 0.041932 0.010098 0.026273 
0.087130 0.033470 0.046870 0.049530 0.039770 
0.088610 0.033620 0.036890 0.080480 0.085360 
0.014750 0.040430 0.050680 0.038260 0.040900 
0.069580 0.058540 0.064720 0.010490 0.029920 
81
0.479817 0.014461 0.046210 
0.462778 0.970452 0.462022 
0.057405 0.015086 0.491768 
0.085793 0.005308 0.077495 0.264996 0.020090 
0.047439 0.018897 0.026083 0.064501 0.045994 
0.013449 0.038726 0.027765 0.048258 0.047805 
0.054799 0.045021 0.036198 0.008707 0.022673 
0.087130 0.033470 0.046870 0.049530 0.039770 
0.088610 0.033620 0.036890 0.080480 0.085360 
0.014750 0.040430 0.050680 0.038260 0.040900 
0.069580 0.058540 0.064720 0.010490 0.029920 
82
0.479817 0.014461 0.046210 
0.462778 0.970452 0.462022 
0.057405 0.015086 0.491768 
0.028533 0.008820 0.015808 0.018224 0.101456 
0.018650 0.028062 0.029813 0.019004 0.055867 
0.014192 0.017772 0.013057 0.013697 0.019491 
0.023053 0.021200 0.032696 0.030345 0.490259 
0.087130 0.033470 0.046870 0.049530 0.039770 
0.088610 0.033620 0.036890 0.080480 0.085360 
0.014750 0.040430 0.050680 0.038260 0.040900 
0.069580 0.058540 0.064720 0.010490 0.029920 
83
0.479817 0.014461 0.046210 
0.462778 0.970452 0.462022 
0.057405 0.015086 0.491768 
0.073057 0.013078 0.021355 0.023619 0.041884 
0.035415 0.012889 0.106464 0.025117 0.107080 
0.024420 0.018861 0.021057 0.018693 0.023343 
0.032483 0.038591 0.318525 0.014691 0.029377 
0.087130 0.033470 0.046870 0.049530 0.039770 
0.088610 0.033620 0.036890 0.080480 0.085360 
0.014750 0.040430 0.050680 0.038260 0.040900 
