%  SAM: modelfromalign v3.5 (July 15, 2005) compiled 12/05/20_11:48:22
%  (c) 1992-2001 Regents of the University of California, Santa Cruz
%
%          Sequence Alignment and Modeling Software System
%         http://www.cse.ucsc.edu/research/compbio/sam.html
%
% ----------------- Citations (SAM, SAM-T2K, HMMs) --------------------
% R. Hughey, A. Krogh, Hidden Markov models for sequence analysis:
%  Extension and analysis of the basic method, CABIOS 12:95-107, 1996.
% K. Karplus, et al., What is the value added by human intervention in protein
%  structure prediction, Proteins: Stucture, Function, Genetics 45(S5):86--91, 2001.
% A. Krogh et al., Hidden Markov models in computational biology:
%  Applications to protein modeling, JMB 235:1501-1531, Feb 1994.
% ---------------------------------------------------------------------
%  last   Host: gauntlet    Thu Feb 11 19:03:11 2021
%  dgpinheiro   Dir:  /data/GitHub/sfFinder/example/output/subfamily/TEST2/flowerpower/fp-workspace/final
% ---------------------------------------------------------------------
% Prior File:  Internal (Name: recode3.20comp) 
%   20 priors on 20 characters.
%  Alignment weights from internal calc.  Total (1.59) Max (0.00) Min (0.00)
%  Weights from alignment method 1 (karplus), b=0.500000, e=0.500000
MODEL --  Model from alignment file last.a2m
alphabet protein
FREQAVE
0.000000 0.000000 0.000000 
0.000000 0.000000 0.000000 
0.000000 0.000000 0.000000 
0.073380 0.015587 0.057907 0.066952 0.050459 
0.061138 0.028203 0.050814 0.059218 0.083394 
0.025524 0.042204 0.045009 0.042259 0.052329 
0.059341 0.053415 0.060112 0.024898 0.047857 
0.073380 0.015587 0.057907 0.066952 0.050459 
0.061138 0.028203 0.050814 0.059218 0.083394 
0.025524 0.042204 0.045009 0.042259 0.052329 
0.059341 0.053415 0.060112 0.024898 0.047857 
Begin
0.000000 0.000000 0.000000 
0.000000 0.000000 0.000000 
0.000000 0.102839 0.652970 
0.000000 0.000000 0.000000 0.000000 0.000000 
0.000000 0.000000 0.000000 0.000000 0.000000 
0.000000 0.000000 0.000000 0.000000 0.000000 
0.000000 0.000000 0.000000 0.000000 0.000000 
0.087170 0.033443 0.046859 0.049499 0.039738 
0.088556 0.033597 0.036866 0.080520 0.085361 
0.014908 0.040439 0.050666 0.038262 0.040907 
0.069554 0.058573 0.064691 0.010481 0.029909 
1
0.000000 0.016547 0.117361 
0.000000 0.880614 0.229669 
0.040924 0.016576 0.491768 
0.078615 0.016638 0.053547 0.063079 0.042115 
0.068638 0.021057 0.063583 0.057579 0.094610 
0.024402 0.041266 0.046839 0.037495 0.049511 
0.060649 0.055279 0.075018 0.015103 0.034975 
0.087130 0.033470 0.046870 0.049530 0.039770 
0.088610 0.033620 0.036890 0.080480 0.085360 
0.014750 0.040430 0.050680 0.038260 0.040900 
0.069580 0.058540 0.064720 0.010490 0.029920 
2
0.629163 0.015889 0.046210 
0.329913 0.967536 0.462022 
0.040924 0.016576 0.491768 
0.076928 0.016438 0.057682 0.065084 0.038832 
0.075417 0.025146 0.057472 0.058847 0.086950 
0.021662 0.043871 0.048483 0.038189 0.053874 
0.061608 0.055279 0.069125 0.014792 0.034320 
0.087130 0.033470 0.046870 0.049530 0.039770 
0.088610 0.033620 0.036890 0.080480 0.085360 
0.014750 0.040430 0.050680 0.038260 0.040900 
0.069580 0.058540 0.064720 0.010490 0.029920 
3
0.629163 0.015889 0.046210 
0.329913 0.967536 0.462022 
0.040924 0.016576 0.491768 
0.076928 0.016438 0.057682 0.065084 0.038832 
0.075417 0.025146 0.057472 0.058847 0.086950 
0.021662 0.043871 0.048483 0.038189 0.053874 
0.061608 0.055279 0.069125 0.014792 0.034320 
0.087130 0.033470 0.046870 0.049530 0.039770 
0.088610 0.033620 0.036890 0.080480 0.085360 
0.014750 0.040430 0.050680 0.038260 0.040900 
0.069580 0.058540 0.064720 0.010490 0.029920 
4
0.629163 0.015889 0.046210 
0.329913 0.967536 0.462022 
0.040924 0.016576 0.491768 
0.080243 0.018170 0.056525 0.064270 0.038076 
0.082160 0.021670 0.055760 0.058408 0.086545 
0.021601 0.043512 0.050405 0.037881 0.049454 
0.062794 0.055928 0.068198 0.015024 0.033376 
0.087130 0.033470 0.046870 0.049530 0.039770 
0.088610 0.033620 0.036890 0.080480 0.085360 
0.014750 0.040430 0.050680 0.038260 0.040900 
0.069580 0.058540 0.064720 0.010490 0.029920 
5
0.629163 0.015889 0.046210 
0.329913 0.967536 0.462022 
0.040924 0.016576 0.491768 
0.078476 0.018185 0.057312 0.064086 0.039779 
0.077028 0.024908 0.056764 0.057725 0.086799 
0.021575 0.043682 0.048693 0.037531 0.049897 
0.064068 0.055457 0.068903 0.014672 0.034460 
0.087130 0.033470 0.046870 0.049530 0.039770 
0.088610 0.033620 0.036890 0.080480 0.085360 
0.014750 0.040430 0.050680 0.038260 0.040900 
0.069580 0.058540 0.064720 0.010490 0.029920 
6
0.629163 0.015889 0.046210 
0.329913 0.967536 0.462022 
0.040924 0.016576 0.491768 
0.077917 0.018539 0.054702 0.062648 0.041257 
0.072389 0.023859 0.061932 0.056704 0.091835 
0.022348 0.041919 0.048141 0.036949 0.048881 
0.060558 0.054804 0.075144 0.014866 0.034607 
0.087130 0.033470 0.046870 0.049530 0.039770 
0.088610 0.033620 0.036890 0.080480 0.085360 
0.014750 0.040430 0.050680 0.038260 0.040900 
0.069580 0.058540 0.064720 0.010490 0.029920 
7
0.629163 0.015889 0.046210 
0.329913 0.967536 0.462022 
0.040924 0.016576 0.491768 
0.082722 0.018481 0.057889 0.065393 0.040863 
0.078692 0.021268 0.050361 0.058822 0.088236 
0.022106 0.043874 0.049644 0.038157 0.050759 
0.062886 0.056321 0.063399 0.015075 0.035054 
0.087130 0.033470 0.046870 0.049530 0.039770 
0.088610 0.033620 0.036890 0.080480 0.085360 
0.014750 0.040430 0.050680 0.038260 0.040900 
0.069580 0.058540 0.064720 0.010490 0.029920 
8
0.629163 0.015889 0.046210 
0.329913 0.967536 0.462022 
0.040924 0.016576 0.491768 
0.080243 0.018170 0.056525 0.064270 0.038076 
0.082160 0.021670 0.055760 0.058408 0.086545 
0.021601 0.043512 0.050405 0.037881 0.049454 
0.062794 0.055928 0.068198 0.015024 0.033376 
0.087130 0.033470 0.046870 0.049530 0.039770 
0.088610 0.033620 0.036890 0.080480 0.085360 
0.014750 0.040430 0.050680 0.038260 0.040900 
0.069580 0.058540 0.064720 0.010490 0.029920 
9
0.629163 0.015889 0.046210 
0.329913 0.967536 0.462022 
0.040924 0.016576 0.491768 
0.079028 0.018028 0.055924 0.063003 0.039514 
0.077754 0.024665 0.059024 0.057767 0.088257 
0.021510 0.042943 0.051572 0.036008 0.048611 
0.062191 0.055648 0.070815 0.014301 0.033439 
0.087130 0.033470 0.046870 0.049530 0.039770 
0.088610 0.033620 0.036890 0.080480 0.085360 
0.014750 0.040430 0.050680 0.038260 0.040900 
0.069580 0.058540 0.064720 0.010490 0.029920 
10
0.629163 0.015889 0.046210 
0.329913 0.967536 0.462022 
0.040924 0.016576 0.491768 
0.080243 0.018170 0.056525 0.064270 0.038076 
0.082160 0.021670 0.055760 0.058408 0.086545 
0.021601 0.043512 0.050405 0.037881 0.049454 
0.062794 0.055928 0.068198 0.015024 0.033376 
0.087130 0.033470 0.046870 0.049530 0.039770 
0.088610 0.033620 0.036890 0.080480 0.085360 
0.014750 0.040430 0.050680 0.038260 0.040900 
0.069580 0.058540 0.064720 0.010490 0.029920 
11
0.629163 0.015889 0.046210 
0.329913 0.967536 0.462022 
0.040924 0.016576 0.491768 
0.080243 0.018170 0.056525 0.064270 0.038076 
0.082160 0.021670 0.055760 0.058408 0.086545 
0.021601 0.043512 0.050405 0.037881 0.049454 
0.062794 0.055928 0.068198 0.015024 0.033376 
0.087130 0.033470 0.046870 0.049530 0.039770 
0.088610 0.033620 0.036890 0.080480 0.085360 
0.014750 0.040430 0.050680 0.038260 0.040900 
0.069580 0.058540 0.064720 0.010490 0.029920 
12
0.629163 0.015889 0.046210 
0.329913 0.967536 0.462022 
0.040924 0.016576 0.491768 
0.077081 0.016877 0.054173 0.061982 0.044956 
0.070927 0.024968 0.062467 0.056018 0.093421 
0.022702 0.041771 0.047232 0.036736 0.048860 
0.059996 0.054218 0.073647 0.015896 0.036070 
0.087130 0.033470 0.046870 0.049530 0.039770 
0.088610 0.033620 0.036890 0.080480 0.085360 
0.014750 0.040430 0.050680 0.038260 0.040900 
0.069580 0.058540 0.064720 0.010490 0.029920 
13
0.629163 0.015889 0.046210 
0.329913 0.967536 0.462022 
0.040924 0.016576 0.491768 
0.080243 0.018170 0.056525 0.064270 0.038076 
0.082160 0.021670 0.055760 0.058408 0.086545 
0.021601 0.043512 0.050405 0.037881 0.049454 
0.062794 0.055928 0.068198 0.015024 0.033376 
0.087130 0.033470 0.046870 0.049530 0.039770 
0.088610 0.033620 0.036890 0.080480 0.085360 
0.014750 0.040430 0.050680 0.038260 0.040900 
0.069580 0.058540 0.064720 0.010490 0.029920 
14
0.628657 0.015889 0.046210 
0.330419 0.967536 0.462022 
0.040945 0.016573 0.491768 
0.080065 0.017638 0.056866 0.064072 0.038527 
0.078587 0.024628 0.056338 0.058634 0.085611 
0.021183 0.043652 0.052267 0.036578 0.049263 
0.063743 0.056502 0.068746 0.013876 0.033226 
0.087130 0.033470 0.046870 0.049530 0.039770 
0.088610 0.033620 0.036890 0.080480 0.085360 
0.014750 0.040430 0.050680 0.038260 0.040900 
0.069580 0.058540 0.064720 0.010490 0.029920 
15
0.628471 0.015886 0.046210 
0.330584 0.967541 0.462022 
0.040965 0.016570 0.491768 
0.077886 0.015217 0.060185 0.068600 0.031930 
0.080043 0.026894 0.051517 0.062366 0.079439 
0.020675 0.048543 0.050428 0.040458 0.054801 
0.064608 0.057686 0.064089 0.012703 0.031931 
0.087130 0.033470 0.046870 0.049530 0.039770 
0.088610 0.033620 0.036890 0.080480 0.085360 
0.014750 0.040430 0.050680 0.038260 0.040900 
0.069580 0.058540 0.064720 0.010490 0.029920 
16
0.626268 0.015883 0.046210 
0.332767 0.967547 0.462022 
0.041069 0.016556 0.491768 
0.080062 0.013629 0.063281 0.071990 0.029698 
0.079563 0.022967 0.047558 0.065799 0.073840 
0.019783 0.049302 0.057432 0.040762 0.054564 
0.067977 0.060156 0.061087 0.010630 0.029921 
0.087130 0.033470 0.046870 0.049530 0.039770 
0.088610 0.033620 0.036890 0.080480 0.085360 
0.014750 0.040430 0.050680 0.038260 0.040900 
0.069580 0.058540 0.064720 0.010490 0.029920 
17
0.627850 0.015869 0.046210 
0.331081 0.967575 0.462022 
0.041069 0.016556 0.491768 
0.082701 0.014311 0.055827 0.065100 0.041140 
0.074024 0.023406 0.051501 0.059395 0.088510 
0.022737 0.044363 0.048710 0.039272 0.050980 
0.064599 0.057610 0.064254 0.015179 0.036381 
0.087130 0.033470 0.046870 0.049530 0.039770 
0.088610 0.033620 0.036890 0.080480 0.085360 
0.014750 0.040430 0.050680 0.038260 0.040900 
0.069580 0.058540 0.064720 0.010490 0.029920 
18
0.627345 0.015869 0.046210 
0.331586 0.967575 0.462022 
0.041090 0.016553 0.491768 
0.085544 0.014906 0.061509 0.069964 0.030037 
0.081000 0.022611 0.046695 0.063585 0.074967 
0.020021 0.047553 0.054601 0.039776 0.053051 
0.069514 0.061747 0.061759 0.011016 0.030142 
0.087130 0.033470 0.046870 0.049530 0.039770 
0.088610 0.033620 0.036890 0.080480 0.085360 
0.014750 0.040430 0.050680 0.038260 0.040900 
0.069580 0.058540 0.064720 0.010490 0.029920 
19
0.544128 0.015867 0.046210 
0.414782 0.967581 0.462022 
0.044835 0.016093 0.491768 
0.053265 0.004413 0.359595 0.075582 0.014794 
0.046671 0.016629 0.019534 0.050119 0.032069 
0.009778 0.075378 0.024975 0.034942 0.035213 
0.052170 0.044896 0.027429 0.005835 0.016714 
0.087130 0.033470 0.046870 0.049530 0.039770 
0.088610 0.033620 0.036890 0.080480 0.085360 
0.014750 0.040430 0.050680 0.038260 0.040900 
0.069580 0.058540 0.064720 0.010490 0.029920 
20
0.563498 0.015426 0.046210 
0.391668 0.968481 0.462022 
0.046232 0.015946 0.491768 
0.064414 0.007792 0.036761 0.040549 0.023768 
0.038991 0.015191 0.038275 0.041024 0.054836 
0.019308 0.033548 0.024828 0.029980 0.032521 
0.071901 0.344564 0.051139 0.007986 0.022624 
0.087130 0.033470 0.046870 0.049530 0.039770 
0.088610 0.033620 0.036890 0.080480 0.085360 
0.014750 0.040430 0.050680 0.038260 0.040900 
0.069580 0.058540 0.064720 0.010490 0.029920 
21
0.570728 0.015285 0.046210 
0.383039 0.968769 0.462022 
0.046715 0.015898 0.491768 
0.065732 0.005440 0.047000 0.047637 0.022407 
0.052761 0.018089 0.031739 0.077355 0.049950 
0.011412 0.040491 0.223253 0.034272 0.083069 
0.066014 0.048412 0.042731 0.008823 0.023414 
0.087130 0.033470 0.046870 0.049530 0.039770 
0.088610 0.033620 0.036890 0.080480 0.085360 
0.014750 0.040430 0.050680 0.038260 0.040900 
0.069580 0.058540 0.064720 0.010490 0.029920 
22
0.548893 0.015239 0.046210 
0.404392 0.968863 0.462022 
0.048050 0.015771 0.491768 
0.079426 0.010010 0.036966 0.044332 0.030208 
0.047376 0.017011 0.057313 0.039119 0.063268 
0.017676 0.033949 0.029726 0.028275 0.032039 
0.069496 0.182235 0.143793 0.009761 0.028022 
0.087130 0.033470 0.046870 0.049530 0.039770 
0.088610 0.033620 0.036890 0.080480 0.085360 
0.014750 0.040430 0.050680 0.038260 0.040900 
0.069580 0.058540 0.064720 0.010490 0.029920 
23
0.538113 0.015118 0.046210 
0.413837 0.969111 0.462022 
0.049357 0.015656 0.491768 
0.126898 0.012759 0.033361 0.036334 0.042994 
0.045972 0.020981 0.088877 0.041651 0.163975 
0.029162 0.028211 0.026773 0.035649 0.041253 
0.037380 0.048662 0.089188 0.013376 0.036544 
0.087130 0.033470 0.046870 0.049530 0.039770 
0.088610 0.033620 0.036890 0.080480 0.085360 
0.014750 0.040430 0.050680 0.038260 0.040900 
0.069580 0.058540 0.064720 0.010490 0.029920 
24
0.521049 0.015007 0.046210 
0.429594 0.969337 0.462022 
0.050973 0.015523 0.491768 
0.066344 0.004376 0.048772 0.062814 0.015028 
0.040038 0.017983 0.022944 0.314769 0.040225 
0.011759 0.042164 0.027582 0.043259 0.061613 
0.080527 0.041908 0.031384 0.007133 0.019377 
0.087130 0.033470 0.046870 0.049530 0.039770 
0.088610 0.033620 0.036890 0.080480 0.085360 
0.014750 0.040430 0.050680 0.038260 0.040900 
0.069580 0.058540 0.064720 0.010490 0.029920 
25
0.525477 0.014880 0.046210 
0.423550 0.969596 0.462022 
0.051625 0.015473 0.491768 
0.060299 0.004694 0.043774 0.056653 0.016191 
0.036902 0.017380 0.025363 0.375820 0.043884 
0.023023 0.034596 0.025264 0.039952 0.051992 
0.043118 0.040172 0.033900 0.007362 0.019662 
0.087130 0.033470 0.046870 0.049530 0.039770 
0.088610 0.033620 0.036890 0.080480 0.085360 
0.014750 0.040430 0.050680 0.038260 0.040900 
0.069580 0.058540 0.064720 0.010490 0.029920 
26
0.532197 0.014832 0.046210 
0.416178 0.969695 0.462022 
0.051625 0.015473 0.491768 
0.077033 0.004290 0.044115 0.057273 0.014448 
0.036651 0.017038 0.021897 0.376884 0.038546 
0.011248 0.034268 0.037478 0.039996 0.050632 
0.043468 0.038932 0.030708 0.006793 0.018305 
0.087130 0.033470 0.046870 0.049530 0.039770 
0.088610 0.033620 0.036890 0.080480 0.085360 
0.014750 0.040430 0.050680 0.038260 0.040900 
0.069580 0.058540 0.064720 0.010490 0.029920 
27
0.516242 0.014832 0.046210 
0.432133 0.969695 0.462022 
0.052462 0.015410 0.491768 
0.059464 0.009540 0.021280 0.025850 0.036101 
0.026175 0.012446 0.066713 0.038287 0.428012 
0.026536 0.018955 0.017004 0.020813 0.026823 
0.026021 0.031380 0.073925 0.010061 0.024613 
0.087130 0.033470 0.046870 0.049530 0.039770 
0.088610 0.033620 0.036890 0.080480 0.085360 
0.014750 0.040430 0.050680 0.038260 0.040900 
0.069580 0.058540 0.064720 0.010490 0.029920 
28
0.523804 0.014772 0.046210 
0.423734 0.969818 0.462022 
0.052504 0.015407 0.491768 
0.074297 0.007011 0.036085 0.030958 0.019863 
0.427973 0.013980 0.029119 0.033209 0.053837 
0.013640 0.038955 0.024213 0.021801 0.026139 
0.052776 0.034614 0.032801 0.007887 0.020841 
0.087130 0.033470 0.046870 0.049530 0.039770 
0.088610 0.033620 0.036890 0.080480 0.085360 
0.014750 0.040430 0.050680 0.038260 0.040900 
0.069580 0.058540 0.064720 0.010490 0.029920 
29
0.508640 0.014769 0.046210 
0.438856 0.969824 0.462022 
0.053336 0.015348 0.491768 
0.079894 0.010334 0.023056 0.027588 0.037850 
0.030304 0.013589 0.069404 0.029500 0.382603 
0.025319 0.024075 0.018417 0.025301 0.027095 
0.029320 0.033344 0.075816 0.010626 0.026565 
0.087130 0.033470 0.046870 0.049530 0.039770 
0.088610 0.033620 0.036890 0.080480 0.085360 
0.014750 0.040430 0.050680 0.038260 0.040900 
0.069580 0.058540 0.064720 0.010490 0.029920 
30
0.477717 0.014712 0.046210 
0.468948 0.969941 0.462022 
0.055499 0.015203 0.491768 
0.061088 0.004320 0.045262 0.059187 0.014680 
0.036941 0.017712 0.022332 0.359136 0.040252 
0.011892 0.035470 0.025420 0.041867 0.082813 
0.044657 0.040034 0.030853 0.007072 0.019012 
0.087130 0.033470 0.046870 0.049530 0.039770 
0.088610 0.033620 0.036890 0.080480 0.085360 
0.014750 0.040430 0.050680 0.038260 0.040900 
0.069580 0.058540 0.064720 0.010490 0.029920 
31
0.497092 0.014573 0.046210 
0.447409 0.970224 0.462022 
0.055499 0.015203 0.491768 
0.059111 0.003486 0.289086 0.160147 0.014211 
0.041796 0.015225 0.017589 0.054815 0.031325 
0.009497 0.057487 0.022389 0.043045 0.039868 
0.057197 0.037336 0.025216 0.005574 0.015600 
0.087130 0.033470 0.046870 0.049530 0.039770 
0.088610 0.033620 0.036890 0.080480 0.085360 
0.014750 0.040430 0.050680 0.038260 0.040900 
0.069580 0.058540 0.064720 0.010490 0.029920 
32
0.497092 0.014573 0.046210 
0.447409 0.970224 0.462022 
0.055499 0.015203 0.491768 
0.060087 0.004608 0.075046 0.056514 0.015886 
0.038065 0.017804 0.023878 0.065695 0.041307 
0.012436 0.034946 0.025025 0.038885 0.346331 
0.042841 0.040070 0.032485 0.007706 0.020386 
0.087130 0.033470 0.046870 0.049530 0.039770 
0.088610 0.033620 0.036890 0.080480 0.085360 
0.014750 0.040430 0.050680 0.038260 0.040900 
0.069580 0.058540 0.064720 0.010490 0.029920 
33
0.497092 0.014573 0.046210 
0.447409 0.970224 0.462022 
0.055499 0.015203 0.491768 
0.040346 0.007034 0.018554 0.023101 0.093008 
0.027320 0.023481 0.031625 0.024977 0.053342 
0.013933 0.019240 0.014290 0.018831 0.025041 
0.030198 0.028877 0.045021 0.028991 0.432790 
0.087130 0.033470 0.046870 0.049530 0.039770 
0.088610 0.033620 0.036890 0.080480 0.085360 
0.014750 0.040430 0.050680 0.038260 0.040900 
0.069580 0.058540 0.064720 0.010490 0.029920 
34
0.497092 0.014573 0.046210 
0.447409 0.970224 0.462022 
0.055499 0.015368 0.491594 
0.277221 0.012242 0.034181 0.040383 0.030282 
0.056933 0.016205 0.050298 0.040368 0.071879 
0.019997 0.027581 0.024748 0.028952 0.040345 
0.051700 0.060418 0.067571 0.009796 0.038899 
0.087130 0.033470 0.046870 0.049530 0.039770 
0.088610 0.033620 0.036890 0.080480 0.085360 
0.014750 0.040430 0.050680 0.038260 0.040900 
0.069580 0.058540 0.064720 0.010490 0.029920 
35
0.497092 0.014573 0.046194 
0.447409 0.970059 0.462212 
0.055499 0.024316 0.482330 
0.338525 0.009784 0.057108 0.046466 0.024001 
0.053437 0.015898 0.036134 0.045366 0.057972 
0.016298 0.029147 0.024144 0.031338 0.036731 
0.048007 0.044031 0.054002 0.008300 0.023314 
0.087129 0.033475 0.046869 0.049529 0.039769 
0.088609 0.033619 0.036890 0.080479 0.085361 
0.014750 0.040429 0.050679 0.038259 0.040899 
0.069579 0.058539 0.064722 0.010490 0.029924 
36
0.463883 0.014573 0.045323 
0.480618 0.961111 0.472347 
0.057405 0.015086 0.491768 
0.057783 0.010417 0.015004 0.017951 0.039597 
0.024513 0.010172 0.079151 0.018861 0.165401 
0.326180 0.014297 0.013624 0.015526 0.018269 
0.021918 0.037612 0.079743 0.009921 0.024060 
0.087130 0.033470 0.046870 0.049530 0.039770 
0.088610 0.033620 0.036890 0.080480 0.085360 
0.014750 0.040430 0.050680 0.038260 0.040900 
0.069580 0.058540 0.064720 0.010490 0.029920 
37
0.479817 0.014461 0.046210 
0.462778 0.970452 0.462022 
0.057405 0.015402 0.491432 
0.083799 0.007120 0.035044 0.038436 0.020130 
0.036973 0.014124 0.031632 0.038650 0.044657 
0.013025 0.032237 0.023600 0.028029 0.030382 
0.076152 0.374186 0.044629 0.006990 0.020204 
0.087130 0.033470 0.046870 0.049530 0.039770 
0.088610 0.033620 0.036890 0.080480 0.085360 
0.014750 0.040430 0.050680 0.038260 0.040900 
0.069580 0.058541 0.064720 0.010490 0.029920 
38
0.479817 0.014461 0.046179 
0.462778 0.970136 0.462389 
0.057405 0.015086 0.491768 
0.049041 0.004783 0.037049 0.044152 0.015401 
0.037500 0.015602 0.022056 0.048931 0.038349 
0.010902 0.029661 0.023295 0.031255 0.463350 
0.037007 0.035978 0.030517 0.006913 0.018256 
0.087130 0.033470 0.046870 0.049530 0.039770 
0.088610 0.033620 0.036890 0.080480 0.085360 
0.014750 0.040430 0.050680 0.038260 0.040900 
0.069580 0.058540 0.064720 0.010490 0.029920 
39
0.479817 0.014461 0.046210 
0.462778 0.970452 0.462022 
0.057405 0.015086 0.491768 
0.065185 0.005665 0.074833 0.032045 0.016087 
0.450898 0.013671 0.021711 0.033522 0.029626 
0.010965 0.041480 0.024504 0.021759 0.025943 
0.048346 0.034170 0.024175 0.006991 0.018425 
0.087130 0.033470 0.046870 0.049530 0.039770 
0.088610 0.033620 0.036890 0.080480 0.085360 
0.014750 0.040430 0.050680 0.038260 0.040900 
0.069580 0.058540 0.064720 0.010490 0.029920 
40
0.479817 0.014461 0.046210 
0.462778 0.970452 0.462022 
0.057405 0.015086 0.491768 
0.054756 0.010265 0.013163 0.015716 0.039525 
0.020309 0.009429 0.074755 0.016758 0.477762 
0.033856 0.012720 0.012959 0.013974 0.016560 
0.019328 0.037079 0.088281 0.009591 0.023215 
0.087130 0.033470 0.046870 0.049530 0.039770 
0.088610 0.033620 0.036890 0.080480 0.085360 
0.014750 0.040430 0.050680 0.038260 0.040900 
0.069580 0.058540 0.064720 0.010490 0.029920 
41
0.479817 0.014461 0.046210 
0.462778 0.970452 0.462022 
0.057405 0.015086 0.491768 
0.087894 0.006494 0.047147 0.032354 0.019213 
0.402101 0.019003 0.026854 0.034900 0.034211 
0.013314 0.054426 0.025719 0.022628 0.026757 
0.054775 0.035179 0.027646 0.008177 0.021208 
0.087130 0.033470 0.046870 0.049530 0.039770 
0.088610 0.033620 0.036890 0.080480 0.085360 
0.014750 0.040430 0.050680 0.038260 0.040900 
0.069580 0.058540 0.064720 0.010490 0.029920 
42
0.479817 0.014461 0.046210 
0.462778 0.970452 0.462022 
0.057405 0.015086 0.491768 
0.017346 0.005193 0.008114 0.010361 0.035668 
0.016513 0.005924 0.017644 0.008654 0.043949 
0.010520 0.006775 0.007528 0.005731 0.013161 
0.011125 0.009860 0.022915 0.712528 0.030489 
0.087130 0.033470 0.046870 0.049530 0.039770 
0.088610 0.033620 0.036890 0.080480 0.085360 
0.014750 0.040430 0.050680 0.038260 0.040900 
0.069580 0.058540 0.064720 0.010490 0.029920 
43
0.479817 0.014461 0.046210 
0.462778 0.970452 0.462022 
0.057405 0.015086 0.491768 
0.075926 0.002680 0.137048 0.312358 0.014204 
0.035864 0.013355 0.015839 0.057236 0.032662 
0.009633 0.029611 0.019707 0.069215 0.036435 
0.054843 0.038323 0.023940 0.005777 0.015342 
0.087130 0.033470 0.046870 0.049530 0.039770 
0.088610 0.033620 0.036890 0.080480 0.085360 
0.014750 0.040430 0.050680 0.038260 0.040900 
0.069580 0.058540 0.064720 0.010490 0.029920 
44
0.479817 0.014461 0.046210 
0.462778 0.970452 0.462022 
0.057405 0.015086 0.491768 
0.058257 0.007835 0.034599 0.036768 0.032520 
0.037996 0.014274 0.038019 0.036280 0.060505 
0.014342 0.032410 0.031546 0.027021 0.028822 
0.076184 0.351414 0.051067 0.007741 0.022400 
0.087130 0.033470 0.046870 0.049530 0.039770 
0.088610 0.033620 0.036890 0.080480 0.085360 
0.014750 0.040430 0.050680 0.038260 0.040900 
0.069580 0.058540 0.064720 0.010490 0.029920 
45
0.479817 0.014461 0.046210 
0.462778 0.970452 0.462022 
0.057405 0.015086 0.491768 
0.052783 0.007127 0.037784 0.036075 0.017679 
0.043404 0.013125 0.026437 0.032988 0.029005 
0.009469 0.038410 0.025289 0.025921 0.024198 
0.211577 0.300917 0.042050 0.006171 0.019591 
0.087130 0.033470 0.046870 0.049530 0.039770 
0.088610 0.033620 0.036890 0.080480 0.085360 
0.014750 0.040430 0.050680 0.038260 0.040900 
0.069580 0.058540 0.064720 0.010490 0.029920 
46
0.479817 0.014461 0.046210 
0.462778 0.970452 0.462022 
0.057405 0.015086 0.491768 
0.033317 0.005896 0.017422 0.019024 0.061682 
0.026123 0.015780 0.028754 0.019370 0.047017 
0.011491 0.015614 0.013921 0.014785 0.019325 
0.024069 0.023420 0.037448 0.015223 0.550317 
0.087130 0.033470 0.046870 0.049530 0.039770 
0.088610 0.033620 0.036890 0.080480 0.085360 
0.014750 0.040430 0.050680 0.038260 0.040900 
0.069580 0.058540 0.064720 0.010490 0.029920 
47
0.479817 0.014461 0.046210 
0.462778 0.970452 0.462022 
0.057405 0.015086 0.491768 
0.058337 0.005511 0.042489 0.055173 0.018560 
0.035969 0.016709 0.027835 0.054582 0.047735 
0.013359 0.032308 0.023642 0.351133 0.043861 
0.042196 0.040466 0.062426 0.007523 0.020184 
0.087130 0.033470 0.046870 0.049530 0.039770 
0.088610 0.033620 0.036890 0.080480 0.085360 
0.014750 0.040430 0.050680 0.038260 0.040900 
0.069580 0.058540 0.064720 0.010490 0.029920 
48
0.479817 0.014461 0.046210 
0.462778 0.970452 0.462022 
0.057405 0.015086 0.491768 
0.061805 0.004896 0.050649 0.039246 0.020094 
0.044325 0.013070 0.028401 0.050406 0.045718 
0.008142 0.032976 0.358841 0.028977 0.033854 
0.064667 0.045315 0.041895 0.007043 0.019679 
0.087130 0.033470 0.046870 0.049530 0.039770 
0.088610 0.033620 0.036890 0.080480 0.085360 
0.014750 0.040430 0.050680 0.038260 0.040900 
0.069580 0.058540 0.064720 0.010490 0.029920 
49
0.479817 0.014461 0.046210 
0.462778 0.970452 0.462022 
0.057405 0.015086 0.491768 
0.062366 0.008019 0.031686 0.052735 0.027740 
0.036714 0.015532 0.046035 0.042174 0.074464 
0.326219 0.026962 0.021453 0.028849 0.037141 
0.036278 0.037625 0.054806 0.009432 0.023769 
0.087130 0.033470 0.046870 0.049530 0.039770 
0.088610 0.033620 0.036890 0.080480 0.085360 
0.014750 0.040430 0.050680 0.038260 0.040900 
0.069580 0.058540 0.064720 0.010490 0.029920 
50
0.479817 0.014461 0.046210 
0.462778 0.970452 0.462022 
0.057405 0.015086 0.491768 
0.059038 0.003380 0.310725 0.151007 0.013666 
0.040954 0.014809 0.017100 0.053810 0.030286 
0.009270 0.057638 0.021910 0.047158 0.033691 
0.053710 0.037010 0.024557 0.005262 0.015018 
0.087130 0.033470 0.046870 0.049530 0.039770 
0.088610 0.033620 0.036890 0.080480 0.085360 
0.014750 0.040430 0.050680 0.038260 0.040900 
0.069580 0.058540 0.064720 0.010490 0.029920 
51
0.479817 0.014461 0.046210 
0.462778 0.970452 0.462022 
0.057405 0.015086 0.491768 
0.062061 0.004204 0.060225 0.079478 0.014240 
0.037340 0.017643 0.021310 0.357477 0.037914 
0.011251 0.035805 0.025562 0.042611 0.050794 
0.044787 0.040125 0.031739 0.006877 0.018557 
0.087130 0.033470 0.046870 0.049530 0.039770 
0.088610 0.033620 0.036890 0.080480 0.085360 
0.014750 0.040430 0.050680 0.038260 0.040900 
0.069580 0.058540 0.064720 0.010490 0.029920 
52
0.479817 0.014461 0.046210 
0.462778 0.970452 0.462022 
0.057405 0.015086 0.491768 
0.068131 0.012100 0.011351 0.012398 0.036669 
0.020867 0.008104 0.136782 0.014386 0.105232 
0.021083 0.010639 0.013432 0.010897 0.013461 
0.021051 0.030285 0.423772 0.007683 0.021678 
0.087130 0.033470 0.046870 0.049530 0.039770 
0.088610 0.033620 0.036890 0.080480 0.085360 
0.014750 0.040430 0.050680 0.038260 0.040900 
0.069580 0.058540 0.064720 0.010490 0.029920 
53
0.479817 0.014461 0.046210 
0.462778 0.970452 0.462022 
0.057405 0.015086 0.491768 
0.036239 0.008146 0.011564 0.015500 0.520464 
0.019540 0.009319 0.045773 0.013610 0.075550 
0.016340 0.010751 0.011643 0.011761 0.010982 
0.019828 0.021975 0.048986 0.022549 0.069482 
0.087130 0.033470 0.046870 0.049530 0.039770 
0.088610 0.033620 0.036890 0.080480 0.085360 
0.014750 0.040430 0.050680 0.038260 0.040900 
0.069580 0.058540 0.064720 0.010490 0.029920 
54
0.479817 0.014461 0.046210 
0.462778 0.970452 0.462022 
0.057405 0.022637 0.483863 
0.036738 0.004249 0.028386 0.023412 0.013990 
0.040450 0.009957 0.017107 0.026285 0.028915 
0.005438 0.020181 0.607742 0.015075 0.019935 
0.031782 0.025380 0.025932 0.005092 0.013955 
0.087129 0.033470 0.046869 0.049529 0.039770 
0.088609 0.033620 0.036890 0.080479 0.085359 
0.014750 0.040429 0.050679 0.038259 0.040899 
0.069579 0.058539 0.064719 0.010490 0.029932 
55
0.479817 0.072366 0.045468 
0.462778 0.904997 0.470670 
0.045575 0.016014 0.491768 
0.068316 0.011809 0.061031 0.082403 0.035712 
0.053238 0.041223 0.045140 0.063332 0.077237 
0.023006 0.053740 0.038608 0.051351 0.055462 
0.068275 0.058678 0.055014 0.013147 0.043277 
0.087130 0.033470 0.046870 0.049530 0.039770 
0.088610 0.033620 0.036890 0.080480 0.085360 
0.014750 0.040430 0.050680 0.038260 0.040900 
0.069580 0.058540 0.064720 0.010490 0.029920 
56
0.586461 0.016684 0.046210 
0.367964 0.967302 0.462022 
0.045397 0.016032 0.491768 
0.069655 0.008576 0.083475 0.152848 0.022151 
0.048061 0.024646 0.032862 0.079146 0.052160 
0.016788 0.051110 0.042818 0.054759 0.059836 
0.067588 0.056786 0.043839 0.008556 0.024337 
0.087130 0.033470 0.046870 0.049530 0.039770 
0.088610 0.033620 0.036890 0.080480 0.085360 
0.014750 0.040430 0.050680 0.038260 0.040900 
0.069580 0.058540 0.064720 0.010490 0.029920 
57
0.383905 0.037351 0.046210 
0.570698 0.946617 0.462022 
0.052264 0.015425 0.491768 
0.037695 0.007664 0.012263 0.015980 0.126170 
0.022431 0.022249 0.037164 0.015346 0.076004 
0.016116 0.014962 0.011012 0.014407 0.020103 
0.025850 0.025490 0.050667 0.028142 0.420286 
0.087130 0.033470 0.046870 0.049530 0.039770 
0.088610 0.033620 0.036890 0.080480 0.085360 
0.014750 0.040430 0.050680 0.038260 0.040900 
0.069580 0.058540 0.064720 0.010490 0.029920 
58
0.521273 0.015106 0.046210 
0.426463 0.969470 0.462022 
0.052466 0.015410 0.491768 
0.053493 0.004009 0.353706 0.090349 0.014689 
0.044126 0.015771 0.018770 0.050939 0.030507 
0.009424 0.065893 0.023563 0.036145 0.033722 
0.067742 0.039963 0.026218 0.005359 0.015612 
0.087130 0.033470 0.046870 0.049530 0.039770 
0.088610 0.033620 0.036890 0.080480 0.085360 
0.014750 0.040430 0.050680 0.038260 0.040900 
0.069580 0.058540 0.064720 0.010490 0.029920 
59
0.439819 0.014771 0.046210 
0.507715 0.969819 0.462022 
0.057325 0.015091 0.491768 
0.076777 0.004327 0.048063 0.064973 0.017968 
0.053086 0.019361 0.031767 0.165787 0.053460 
0.015131 0.034963 0.025578 0.052899 0.173297 
0.044327 0.049778 0.037454 0.008507 0.022496 
0.087130 0.033470 0.046870 0.049530 0.039770 
0.088610 0.033620 0.036890 0.080480 0.085360 
0.014750 0.040430 0.050680 0.038260 0.040900 
0.069580 0.058540 0.064720 0.010490 0.029920 
60
0.479145 0.022018 0.046210 
0.463530 0.962890 0.462022 
0.055526 0.015201 0.491768 
0.039871 0.007582 0.014630 0.019341 0.150439 
0.025465 0.023175 0.033073 0.017488 0.055419 
0.014337 0.016895 0.012270 0.015878 0.020857 
0.031621 0.029908 0.046974 0.027335 0.397443 
0.087130 0.033470 0.046870 0.049530 0.039770 
0.088610 0.033620 0.036890 0.080480 0.085360 
0.014750 0.040430 0.050680 0.038260 0.040900 
0.069580 0.058540 0.064720 0.010490 0.029920 
61
0.496847 0.014571 0.046210 
0.447627 0.970228 0.462022 
0.055526 0.015201 0.491768 
0.057342 0.003799 0.066850 0.411387 0.017895 
0.048932 0.014741 0.017979 0.054984 0.033765 
0.010101 0.029709 0.021795 0.043365 0.038122 
0.043274 0.036042 0.026885 0.006293 0.016742 
0.087130 0.033470 0.046870 0.049530 0.039770 
0.088610 0.033620 0.036890 0.080480 0.085360 
0.014750 0.040430 0.050680 0.038260 0.040900 
0.069580 0.058540 0.064720 0.010490 0.029920 
62
0.496847 0.014729 0.046210 
0.447627 0.970070 0.462022 
0.055488 0.015204 0.491768 
0.057092 0.004056 0.039158 0.023412 0.010158 
0.603626 0.009350 0.014144 0.026168 0.020891 
0.007806 0.029355 0.018756 0.015840 0.023517 
0.039187 0.024282 0.015604 0.004707 0.012890 
0.087130 0.033470 0.046870 0.049530 0.039770 
0.088610 0.033620 0.036890 0.080480 0.085360 
0.014750 0.040430 0.050680 0.038260 0.040900 
0.069580 0.058540 0.064720 0.010490 0.029920 
63
0.463794 0.014574 0.046210 
0.480717 0.970223 0.462022 
0.057405 0.015086 0.491768 
0.049381 0.011148 0.009839 0.010912 0.038148 
0.018583 0.007691 0.416187 0.012734 0.115666 
0.023453 0.009660 0.012137 0.010173 0.012413 
0.016975 0.026680 0.168739 0.008106 0.021376 
0.087130 0.033470 0.046870 0.049530 0.039770 
0.088610 0.033620 0.036890 0.080480 0.085360 
0.014750 0.040430 0.050680 0.038260 0.040900 
0.069580 0.058540 0.064720 0.010490 0.029920 
64
0.479817 0.014619 0.046210 
0.462778 0.970295 0.462022 
0.057365 0.015089 0.491768 
0.060237 0.004578 0.045022 0.058047 0.014680 
0.037562 0.021536 0.022095 0.378459 0.038856 
0.011473 0.035384 0.034139 0.040846 0.055871 
0.044419 0.040102 0.030775 0.007010 0.018909 
0.087130 0.033470 0.046870 0.049530 0.039770 
0.088610 0.033620 0.036890 0.080480 0.085360 
0.014750 0.040430 0.050680 0.038260 0.040900 
0.069580 0.058540 0.064720 0.010490 0.029920 
65
0.480184 0.014463 0.046210 
0.462452 0.970448 0.462022 
0.057365 0.015089 0.491768 
0.067239 0.011500 0.014437 0.016244 0.038125 
0.032093 0.009782 0.376896 0.018484 0.106370 
0.025775 0.013389 0.014788 0.013984 0.017369 
0.022451 0.031951 0.136854 0.008768 0.023501 
0.087130 0.033470 0.046870 0.049530 0.039770 
0.088610 0.033620 0.036890 0.080480 0.085360 
0.014750 0.040430 0.050680 0.038260 0.040900 
0.069580 0.058540 0.064720 0.010490 0.029920 
66
0.479479 0.014463 0.046210 
0.463156 0.970448 0.462022 
0.057405 0.015086 0.491768 
0.054006 0.005724 0.041833 0.076504 0.020517 
0.041621 0.329946 0.023967 0.051080 0.041228 
0.012321 0.035864 0.024783 0.034594 0.041358 
0.043904 0.054147 0.033290 0.009149 0.024164 
0.087130 0.033470 0.046870 0.049530 0.039770 
0.088610 0.033620 0.036890 0.080480 0.085360 
0.014750 0.040430 0.050680 0.038260 0.040900 
0.069580 0.058540 0.064720 0.010490 0.029920 
67
0.479817 0.014461 0.046210 
0.462778 0.970452 0.462022 
0.057405 0.015086 0.491768 
0.057875 0.003781 0.399773 0.082647 0.012736 
0.051631 0.014703 0.017206 0.046146 0.028101 
0.008640 0.063030 0.022053 0.032976 0.031292 
0.047287 0.036555 0.024382 0.004833 0.014352 
0.087130 0.033470 0.046870 0.049530 0.039770 
0.088610 0.033620 0.036890 0.080480 0.085360 
0.014750 0.040430 0.050680 0.038260 0.040900 
0.069580 0.058540 0.064720 0.010490 0.029920 
68
0.479817 0.014461 0.046210 
0.462778 0.970452 0.462022 
0.057405 0.015086 0.491768 
0.020003 0.004955 0.010234 0.012863 0.069215 
0.015215 0.012095 0.021767 0.012523 0.045635 
0.010855 0.010593 0.009336 0.009491 0.015961 
0.016176 0.015262 0.022878 0.603233 0.061710 
0.087130 0.033470 0.046870 0.049530 0.039770 
0.088610 0.033620 0.036890 0.080480 0.085360 
0.014750 0.040430 0.050680 0.038260 0.040900 
0.069580 0.058540 0.064720 0.010490 0.029920 
69
0.479817 0.014461 0.046210 
0.462778 0.970452 0.462022 
0.057405 0.015086 0.491768 
0.052407 0.004147 0.368623 0.081927 0.014268 
0.043585 0.016026 0.018677 0.049470 0.036045 
0.009615 0.068756 0.023691 0.035689 0.034711 
0.054076 0.038969 0.026418 0.006740 0.016157 
0.087130 0.033470 0.046870 0.049530 0.039770 
0.088610 0.033620 0.036890 0.080480 0.085360 
0.014750 0.040430 0.050680 0.038260 0.040900 
0.069580 0.058540 0.064720 0.010490 0.029920 
70
0.479817 0.014461 0.046210 
0.462778 0.970452 0.462022 
0.057405 0.015086 0.491768 
0.076718 0.004203 0.050118 0.063346 0.014356 
0.045816 0.017541 0.021876 0.350152 0.038720 
0.011390 0.035618 0.025574 0.050576 0.052804 
0.045047 0.040471 0.030178 0.006882 0.018615 
0.087130 0.033470 0.046870 0.049530 0.039770 
0.088610 0.033620 0.036890 0.080480 0.085360 
0.014750 0.040430 0.050680 0.038260 0.040900 
0.069580 0.058540 0.064720 0.010490 0.029920 
71
0.479817 0.014461 0.046210 
0.462778 0.970452 0.462022 
0.057405 0.015086 0.491768 
0.017870 0.004524 0.007181 0.010647 0.041374 
0.014893 0.005985 0.019212 0.009005 0.048537 
0.011682 0.006499 0.006810 0.005969 0.014109 
0.010999 0.009911 0.024691 0.693942 0.036158 
0.087130 0.033470 0.046870 0.049530 0.039770 
0.088610 0.033620 0.036890 0.080480 0.085360 
0.014750 0.040430 0.050680 0.038260 0.040900 
0.069580 0.058540 0.064720 0.010490 0.029920 
72
0.479817 0.014461 0.046210 
0.462778 0.970452 0.462022 
0.057405 0.015086 0.491768 
0.072302 0.006362 0.077248 0.147991 0.025753 
0.042067 0.019206 0.040089 0.054249 0.060635 
0.017470 0.034167 0.027456 0.063178 0.046601 
0.045702 0.041983 0.139716 0.010699 0.027124 
0.087130 0.033470 0.046870 0.049530 0.039770 
0.088610 0.033620 0.036890 0.080480 0.085360 
0.014750 0.040430 0.050680 0.038260 0.040900 
0.069580 0.058540 0.064720 0.010490 0.029920 
73
0.479817 0.014461 0.046210 
0.462778 0.970452 0.462022 
0.057405 0.015086 0.491768 
0.046679 0.003542 0.423283 0.107419 0.012079 
0.039560 0.013959 0.015708 0.043844 0.026545 
0.008113 0.055390 0.021253 0.032634 0.030234 
0.043972 0.034294 0.022988 0.004693 0.013811 
0.087130 0.033470 0.046870 0.049530 0.039770 
0.088610 0.033620 0.036890 0.080480 0.085360 
0.014750 0.040430 0.050680 0.038260 0.040900 
0.069580 0.058540 0.064720 0.010490 0.029920 
74
0.479817 0.014461 0.046210 
0.462778 0.970452 0.462022 
0.057405 0.015086 0.491768 
0.048745 0.004929 0.029921 0.035000 0.010373 
0.031908 0.010751 0.016825 0.031776 0.028897 
0.006227 0.019776 0.574586 0.018595 0.023329 
0.041440 0.027967 0.025737 0.003351 0.009868 
0.087130 0.033470 0.046870 0.049530 0.039770 
0.088610 0.033620 0.036890 0.080480 0.085360 
0.014750 0.040430 0.050680 0.038260 0.040900 
0.069580 0.058540 0.064720 0.010490 0.029920 
75
0.479817 0.014461 0.046210 
0.462778 0.970452 0.462022 
0.057405 0.015086 0.491768 
0.034797 0.008229 0.010860 0.015212 0.501857 
0.019589 0.009869 0.041247 0.012510 0.070840 
0.015281 0.010385 0.011286 0.011382 0.009901 
0.020350 0.021650 0.046163 0.026849 0.101743 
0.087130 0.033470 0.046870 0.049530 0.039770 
0.088610 0.033620 0.036890 0.080480 0.085360 
0.014750 0.040430 0.050680 0.038260 0.040900 
0.069580 0.058540 0.064720 0.010490 0.029920 
76
0.479817 0.014461 0.046210 
0.462778 0.970452 0.462022 
0.057405 0.015086 0.491768 
0.055400 0.004443 0.041108 0.052792 0.015091 
0.035765 0.017218 0.022800 0.091907 0.039700 
0.011951 0.033581 0.024103 0.037786 0.378027 
0.041108 0.039094 0.031349 0.007325 0.019451 
0.087130 0.033470 0.046870 0.049530 0.039770 
0.088610 0.033620 0.036890 0.080480 0.085360 
0.014750 0.040430 0.050680 0.038260 0.040900 
0.069580 0.058540 0.064720 0.010490 0.029920 
77
0.479817 0.014461 0.046210 
0.462778 0.970452 0.462022 
0.057405 0.015086 0.491768 
0.051917 0.010357 0.010538 0.012527 0.040461 
0.017895 0.008387 0.093913 0.013326 0.489806 
0.030196 0.010664 0.011769 0.012022 0.013838 
0.016738 0.025191 0.098386 0.009446 0.022624 
0.087130 0.033470 0.046870 0.049530 0.039770 
0.088610 0.033620 0.036890 0.080480 0.085360 
0.014750 0.040430 0.050680 0.038260 0.040900 
0.069580 0.058540 0.064720 0.010490 0.029920 
78
0.479817 0.014461 0.046210 
0.462778 0.970452 0.462022 
0.057405 0.015086 0.491768 
0.048325 0.006157 0.034105 0.035675 0.016880 
0.035704 0.013224 0.025238 0.035495 0.034576 
0.010070 0.031272 0.022896 0.025709 0.027714 
0.091224 0.444096 0.037368 0.006152 0.018120 
0.087130 0.033470 0.046870 0.049530 0.039770 
0.088610 0.033620 0.036890 0.080480 0.085360 
0.014750 0.040430 0.050680 0.038260 0.040900 
0.069580 0.058540 0.064720 0.010490 0.029920 
79
0.479817 0.014461 0.046210 
0.462778 0.970452 0.462022 
0.057405 0.015086 0.491768 
0.059563 0.009820 0.020370 0.024470 0.038101 
0.029252 0.011836 0.064738 0.025806 0.104709 
0.352365 0.018410 0.016258 0.019472 0.023255 
0.027058 0.031717 0.071659 0.010134 0.041006 
0.087130 0.033470 0.046870 0.049530 0.039770 
0.088610 0.033620 0.036890 0.080480 0.085360 
0.014750 0.040430 0.050680 0.038260 0.040900 
0.069580 0.058540 0.064720 0.010490 0.029920 
80
0.479817 0.014461 0.046210 
0.462778 0.970452 0.462022 
0.057405 0.015086 0.491768 
0.048511 0.003904 0.409335 0.068682 0.012875 
0.040940 0.015303 0.017391 0.047875 0.028954 
0.008900 0.058469 0.027071 0.032989 0.050808 
0.046070 0.036747 0.024921 0.005197 0.015056 
0.087130 0.033470 0.046870 0.049530 0.039770 
0.088610 0.033620 0.036890 0.080480 0.085360 
0.014750 0.040430 0.050680 0.038260 0.040900 
0.069580 0.058540 0.064720 0.010490 0.029920 
81
0.479817 0.014461 0.046210 
0.462778 0.970452 0.462022 
0.057405 0.015086 0.491768 
0.355234 0.009248 0.039546 0.066516 0.022267 
0.051522 0.015509 0.032599 0.046274 0.052654 
0.015120 0.028880 0.023336 0.031775 0.037087 
0.053349 0.040304 0.048636 0.007933 0.022211 
0.087130 0.033470 0.046870 0.049530 0.039770 
0.088610 0.033620 0.036890 0.080480 0.085360 
0.014750 0.040430 0.050680 0.038260 0.040900 
0.069580 0.058540 0.064720 0.010490 0.029920 
82
0.479817 0.014461 0.046210 
0.462778 0.970452 0.462022 
0.057405 0.015086 0.491768 
0.028533 0.008820 0.015808 0.018224 0.101456 
0.018650 0.028062 0.029813 0.019004 0.055867 
0.014192 0.017772 0.013057 0.013697 0.019491 
0.023053 0.021200 0.032696 0.030345 0.490259 
0.087130 0.033470 0.046870 0.049530 0.039770 
0.088610 0.033620 0.036890 0.080480 0.085360 
0.014750 0.040430 0.050680 0.038260 0.040900 
0.069580 0.058540 0.064720 0.010490 0.029920 
83
0.479817 0.014461 0.046210 
0.462778 0.970452 0.462022 
0.057405 0.015086 0.491768 
0.022105 0.005170 0.008129 0.012211 0.041888 
0.015413 0.006624 0.024693 0.010904 0.056731 
0.013523 0.007639 0.007539 0.007478 0.015417 
0.012613 0.012213 0.046573 0.638375 0.034762 
0.087130 0.033470 0.046870 0.049530 0.039770 
0.088610 0.033620 0.036890 0.080480 0.085360 
0.014750 0.040430 0.050680 0.038260 0.040900 
