{{N1140} {name {N1140} dist 0 subfamily 0 my_cost 0.90579 node_weight 3 sam_hmm {
%  SAM: modelfromalign v3.5 (July 15, 2005) compiled 12/05/20_11:48:22
%  (c) 1992-2001 Regents of the University of California, Santa Cruz
%
%          Sequence Alignment and Modeling Software System
%         http://www.cse.ucsc.edu/research/compbio/sam.html
%
% ----------------- Citations (SAM, SAM-T2K, HMMs) --------------------
% R. Hughey, A. Krogh, Hidden Markov models for sequence analysis:
%  Extension and analysis of the basic method, CABIOS 12:95-107, 1996.
% K. Karplus, et al., What is the value added by human intervention in protein
%  structure prediction, Proteins: Stucture, Function, Genetics 45(S5):86--91, 2001.
% A. Krogh et al., Hidden Markov models in computational biology:
%  Applications to protein modeling, JMB 235:1501-1531, Feb 1994.
% ---------------------------------------------------------------------
%  last   Host: gauntlet    Thu Feb 11 19:03:11 2021
%  dgpinheiro   Dir:  /data/GitHub/sfFinder/example/output/subfamily/TEST2/flowerpower/fp-workspace/final
% ---------------------------------------------------------------------
% Prior File:  Internal (Name: recode3.20comp) 
%   20 priors on 20 characters.
%  Alignment weights from internal calc.  Total (1.59) Max (0.00) Min (0.00)
%  Weights from alignment method 1 (karplus), b=0.500000, e=0.500000
MODEL --  Model from alignment file last.a2m
alphabet protein
FREQAVE
0.000000 0.000000 0.000000 
0.000000 0.000000 0.000000 
0.000000 0.000000 0.000000 
0.073380 0.015587 0.057907 0.066952 0.050459 
0.061138 0.028203 0.050814 0.059218 0.083394 
0.025524 0.042204 0.045009 0.042259 0.052329 
0.059341 0.053415 0.060112 0.024898 0.047857 
0.073380 0.015587 0.057907 0.066952 0.050459 
0.061138 0.028203 0.050814 0.059218 0.083394 
0.025524 0.042204 0.045009 0.042259 0.052329 
0.059341 0.053415 0.060112 0.024898 0.047857 
Begin
0.000000 0.000000 0.000000 
0.000000 0.000000 0.000000 
0.000000 0.102839 0.652970 
0.000000 0.000000 0.000000 0.000000 0.000000 
0.000000 0.000000 0.000000 0.000000 0.000000 
0.000000 0.000000 0.000000 0.000000 0.000000 
0.000000 0.000000 0.000000 0.000000 0.000000 
0.087170 0.033443 0.046859 0.049499 0.039738 
0.088556 0.033597 0.036866 0.080520 0.085361 
0.014908 0.040439 0.050666 0.038262 0.040907 
0.069554 0.058573 0.064691 0.010481 0.029909 
   1
0.000000 0.016547 0.117361 
0.000000 0.880614 0.229669 
0.040924 0.016576 0.491768 
0.078615 0.016638 0.053547 0.063079 0.042115 
0.068638 0.021057 0.063583 0.057579 0.094610 
0.024402 0.041266 0.046839 0.037495 0.049511 
0.060649 0.055279 0.075018 0.015103 0.034975 
0.087130 0.033470 0.046870 0.049530 0.039770 
0.088610 0.033620 0.036890 0.080480 0.085360 
0.014750 0.040430 0.050680 0.038260 0.040900 
0.069580 0.058540 0.064720 0.010490 0.029920 
   2
0.629163 0.015889 0.046210 
0.329913 0.967536 0.462022 
0.040924 0.016576 0.491768 
0.076928 0.016438 0.057682 0.065084 0.038832 
0.075417 0.025146 0.057472 0.058847 0.086950 
0.021662 0.043871 0.048483 0.038189 0.053874 
0.061608 0.055279 0.069125 0.014792 0.034320 
0.087130 0.033470 0.046870 0.049530 0.039770 
0.088610 0.033620 0.036890 0.080480 0.085360 
0.014750 0.040430 0.050680 0.038260 0.040900 
0.069580 0.058540 0.064720 0.010490 0.029920 
   3
0.629163 0.015889 0.046210 
0.329913 0.967536 0.462022 
0.040924 0.016576 0.491768 
0.076928 0.016438 0.057682 0.065084 0.038832 
0.075417 0.025146 0.057472 0.058847 0.086950 
0.021662 0.043871 0.048483 0.038189 0.053874 
0.061608 0.055279 0.069125 0.014792 0.034320 
0.087130 0.033470 0.046870 0.049530 0.039770 
0.088610 0.033620 0.036890 0.080480 0.085360 
0.014750 0.040430 0.050680 0.038260 0.040900 
0.069580 0.058540 0.064720 0.010490 0.029920 
   4
0.629163 0.015889 0.046210 
0.329913 0.967536 0.462022 
0.040924 0.016576 0.491768 
0.080243 0.018170 0.056525 0.064270 0.038076 
0.082160 0.021670 0.055760 0.058408 0.086545 
0.021601 0.043512 0.050405 0.037881 0.049454 
0.062794 0.055928 0.068198 0.015024 0.033376 
0.087130 0.033470 0.046870 0.049530 0.039770 
0.088610 0.033620 0.036890 0.080480 0.085360 
0.014750 0.040430 0.050680 0.038260 0.040900 
0.069580 0.058540 0.064720 0.010490 0.029920 
   5
0.629163 0.015889 0.046210 
0.329913 0.967536 0.462022 
0.040924 0.016576 0.491768 
0.078476 0.018185 0.057312 0.064086 0.039779 
0.077028 0.024908 0.056764 0.057725 0.086799 
0.021575 0.043682 0.048693 0.037531 0.049897 
0.064068 0.055457 0.068903 0.014672 0.034460 
0.087130 0.033470 0.046870 0.049530 0.039770 
0.088610 0.033620 0.036890 0.080480 0.085360 
0.014750 0.040430 0.050680 0.038260 0.040900 
0.069580 0.058540 0.064720 0.010490 0.029920 
   6
0.629163 0.015889 0.046210 
0.329913 0.967536 0.462022 
0.040924 0.016576 0.491768 
0.077917 0.018539 0.054702 0.062648 0.041257 
0.072389 0.023859 0.061932 0.056704 0.091835 
0.022348 0.041919 0.048141 0.036949 0.048881 
0.060558 0.054804 0.075144 0.014866 0.034607 
0.087130 0.033470 0.046870 0.049530 0.039770 
0.088610 0.033620 0.036890 0.080480 0.085360 
0.014750 0.040430 0.050680 0.038260 0.040900 
0.069580 0.058540 0.064720 0.010490 0.029920 
   7
0.629163 0.015889 0.046210 
0.329913 0.967536 0.462022 
0.040924 0.016576 0.491768 
0.082722 0.018481 0.057889 0.065393 0.040863 
0.078692 0.021268 0.050361 0.058822 0.088236 
0.022106 0.043874 0.049644 0.038157 0.050759 
0.062886 0.056321 0.063399 0.015075 0.035054 
0.087130 0.033470 0.046870 0.049530 0.039770 
0.088610 0.033620 0.036890 0.080480 0.085360 
0.014750 0.040430 0.050680 0.038260 0.040900 
0.069580 0.058540 0.064720 0.010490 0.029920 
   8
0.629163 0.015889 0.046210 
0.329913 0.967536 0.462022 
0.040924 0.016576 0.491768 
0.080243 0.018170 0.056525 0.064270 0.038076 
0.082160 0.021670 0.055760 0.058408 0.086545 
0.021601 0.043512 0.050405 0.037881 0.049454 
0.062794 0.055928 0.068198 0.015024 0.033376 
0.087130 0.033470 0.046870 0.049530 0.039770 
0.088610 0.033620 0.036890 0.080480 0.085360 
0.014750 0.040430 0.050680 0.038260 0.040900 
0.069580 0.058540 0.064720 0.010490 0.029920 
   9
0.629163 0.015889 0.046210 
0.329913 0.967536 0.462022 
0.040924 0.016576 0.491768 
0.079028 0.018028 0.055924 0.063003 0.039514 
0.077754 0.024665 0.059024 0.057767 0.088257 
0.021510 0.042943 0.051572 0.036008 0.048611 
0.062191 0.055648 0.070815 0.014301 0.033439 
0.087130 0.033470 0.046870 0.049530 0.039770 
0.088610 0.033620 0.036890 0.080480 0.085360 
0.014750 0.040430 0.050680 0.038260 0.040900 
0.069580 0.058540 0.064720 0.010490 0.029920 
  10
0.629163 0.015889 0.046210 
0.329913 0.967536 0.462022 
0.040924 0.016576 0.491768 
0.080243 0.018170 0.056525 0.064270 0.038076 
0.082160 0.021670 0.055760 0.058408 0.086545 
0.021601 0.043512 0.050405 0.037881 0.049454 
0.062794 0.055928 0.068198 0.015024 0.033376 
0.087130 0.033470 0.046870 0.049530 0.039770 
0.088610 0.033620 0.036890 0.080480 0.085360 
0.014750 0.040430 0.050680 0.038260 0.040900 
0.069580 0.058540 0.064720 0.010490 0.029920 
  11
0.629163 0.015889 0.046210 
0.329913 0.967536 0.462022 
0.040924 0.016576 0.491768 
0.080243 0.018170 0.056525 0.064270 0.038076 
0.082160 0.021670 0.055760 0.058408 0.086545 
0.021601 0.043512 0.050405 0.037881 0.049454 
0.062794 0.055928 0.068198 0.015024 0.033376 
0.087130 0.033470 0.046870 0.049530 0.039770 
0.088610 0.033620 0.036890 0.080480 0.085360 
0.014750 0.040430 0.050680 0.038260 0.040900 
0.069580 0.058540 0.064720 0.010490 0.029920 
  12
0.629163 0.015889 0.046210 
0.329913 0.967536 0.462022 
0.040924 0.016576 0.491768 
0.077081 0.016877 0.054173 0.061982 0.044956 
0.070927 0.024968 0.062467 0.056018 0.093421 
0.022702 0.041771 0.047232 0.036736 0.048860 
0.059996 0.054218 0.073647 0.015896 0.036070 
0.087130 0.033470 0.046870 0.049530 0.039770 
0.088610 0.033620 0.036890 0.080480 0.085360 
0.014750 0.040430 0.050680 0.038260 0.040900 
0.069580 0.058540 0.064720 0.010490 0.029920 
  13
0.629163 0.015889 0.046210 
0.329913 0.967536 0.462022 
0.040924 0.016576 0.491768 
0.080243 0.018170 0.056525 0.064270 0.038076 
0.082160 0.021670 0.055760 0.058408 0.086545 
0.021601 0.043512 0.050405 0.037881 0.049454 
0.062794 0.055928 0.068198 0.015024 0.033376 
0.087130 0.033470 0.046870 0.049530 0.039770 
0.088610 0.033620 0.036890 0.080480 0.085360 
0.014750 0.040430 0.050680 0.038260 0.040900 
0.069580 0.058540 0.064720 0.010490 0.029920 
  14
0.628657 0.015889 0.046210 
0.330419 0.967536 0.462022 
0.040945 0.016573 0.491768 
0.080065 0.017638 0.056866 0.064072 0.038527 
0.078587 0.024628 0.056338 0.058634 0.085611 
0.021183 0.043652 0.052267 0.036578 0.049263 
0.063743 0.056502 0.068746 0.013876 0.033226 
0.087130 0.033470 0.046870 0.049530 0.039770 
0.088610 0.033620 0.036890 0.080480 0.085360 
0.014750 0.040430 0.050680 0.038260 0.040900 
0.069580 0.058540 0.064720 0.010490 0.029920 
  15
0.628471 0.015886 0.046210 
0.330584 0.967541 0.462022 
0.040965 0.016570 0.491768 
0.077886 0.015217 0.060185 0.068600 0.031930 
0.080043 0.026894 0.051517 0.062366 0.079439 
0.020675 0.048543 0.050428 0.040458 0.054801 
0.064608 0.057686 0.064089 0.012703 0.031931 
0.087130 0.033470 0.046870 0.049530 0.039770 
0.088610 0.033620 0.036890 0.080480 0.085360 
0.014750 0.040430 0.050680 0.038260 0.040900 
0.069580 0.058540 0.064720 0.010490 0.029920 
  16
0.626268 0.015883 0.046210 
0.332767 0.967547 0.462022 
0.041069 0.016556 0.491768 
0.080062 0.013629 0.063281 0.071990 0.029698 
0.079563 0.022967 0.047558 0.065799 0.073840 
0.019783 0.049302 0.057432 0.040762 0.054564 
0.067977 0.060156 0.061087 0.010630 0.029921 
0.087130 0.033470 0.046870 0.049530 0.039770 
0.088610 0.033620 0.036890 0.080480 0.085360 
0.014750 0.040430 0.050680 0.038260 0.040900 
0.069580 0.058540 0.064720 0.010490 0.029920 
  17
0.627850 0.015869 0.046210 
0.331081 0.967575 0.462022 
0.041069 0.016556 0.491768 
0.082701 0.014311 0.055827 0.065100 0.041140 
0.074024 0.023406 0.051501 0.059395 0.088510 
0.022737 0.044363 0.048710 0.039272 0.050980 
0.064599 0.057610 0.064254 0.015179 0.036381 
0.087130 0.033470 0.046870 0.049530 0.039770 
0.088610 0.033620 0.036890 0.080480 0.085360 
0.014750 0.040430 0.050680 0.038260 0.040900 
0.069580 0.058540 0.064720 0.010490 0.029920 
  18
0.627345 0.015869 0.046210 
0.331586 0.967575 0.462022 
0.041090 0.016553 0.491768 
0.085544 0.014906 0.061509 0.069964 0.030037 
0.081000 0.022611 0.046695 0.063585 0.074967 
0.020021 0.047553 0.054601 0.039776 0.053051 
0.069514 0.061747 0.061759 0.011016 0.030142 
0.087130 0.033470 0.046870 0.049530 0.039770 
0.088610 0.033620 0.036890 0.080480 0.085360 
0.014750 0.040430 0.050680 0.038260 0.040900 
0.069580 0.058540 0.064720 0.010490 0.029920 
  19
0.544128 0.015867 0.046210 
0.414782 0.967581 0.462022 
0.044835 0.016093 0.491768 
0.061888 0.007748 0.164470 0.106069 0.017614 
0.065699 0.025102 0.022532 0.070609 0.038107 
0.012296 0.074114 0.043346 0.048944 0.051942 
0.073933 0.055740 0.031503 0.007203 0.021138 
0.087130 0.033470 0.046870 0.049530 0.039770 
0.088610 0.033620 0.036890 0.080480 0.085360 
0.014750 0.040430 0.050680 0.038260 0.040900 
0.069580 0.058540 0.064720 0.010490 0.029920 
  20
0.563498 0.015426 0.046210 
0.391668 0.968481 0.462022 
0.046232 0.015946 0.491768 
0.073633 0.012300 0.046186 0.067898 0.033218 
0.040407 0.024815 0.052022 0.063974 0.077766 
0.034968 0.041746 0.034512 0.048225 0.054689 
0.067110 0.116376 0.065930 0.011960 0.032265 
0.087130 0.033470 0.046870 0.049530 0.039770 
0.088610 0.033620 0.036890 0.080480 0.085360 
0.014750 0.040430 0.050680 0.038260 0.040900 
0.069580 0.058540 0.064720 0.010490 0.029920 
  21
0.570728 0.015285 0.046210 
0.383039 0.968769 0.462022 
0.046715 0.015898 0.491768 
0.066849 0.008486 0.065121 0.088562 0.022881 
0.051558 0.026922 0.031720 0.097846 0.052848 
0.016777 0.056697 0.066584 0.062328 0.078315 
0.071576 0.058337 0.042562 0.009042 0.024989 
0.087130 0.033470 0.046870 0.049530 0.039770 
0.088610 0.033620 0.036890 0.080480 0.085360 
0.014750 0.040430 0.050680 0.038260 0.040900 
0.069580 0.058540 0.064720 0.010490 0.029920 
  22
0.548893 0.015239 0.046210 
0.404392 0.968863 0.462022 
0.048050 0.015771 0.491768 
0.074113 0.010276 0.050279 0.091302 0.030192 
0.039036 0.024765 0.045348 0.081238 0.070510 
0.022346 0.042954 0.036866 0.053464 0.059022 
0.064628 0.085537 0.077002 0.011170 0.029954 
0.087130 0.033470 0.046870 0.049530 0.039770 
0.088610 0.033620 0.036890 0.080480 0.085360 
0.014750 0.040430 0.050680 0.038260 0.040900 
0.069580 0.058540 0.064720 0.010490 0.029920 
  23
0.538113 0.015118 0.046210 
0.413837 0.969111 0.462022 
0.049357 0.015656 0.491768 
0.096188 0.012917 0.036242 0.061752 0.039174 
0.034191 0.024910 0.063977 0.060932 0.108430 
0.028757 0.036750 0.035813 0.045666 0.052232 
0.056308 0.075759 0.079033 0.014043 0.036927 
0.087130 0.033470 0.046870 0.049530 0.039770 
0.088610 0.033620 0.036890 0.080480 0.085360 
0.014750 0.040430 0.050680 0.038260 0.040900 
0.069580 0.058540 0.064720 0.010490 0.029920 
  24
0.521049 0.015007 0.046210 
0.429594 0.969337 0.462022 
0.050973 0.015523 0.491768 
0.074791 0.007822 0.068896 0.087360 0.019672 
0.056961 0.026452 0.026028 0.125739 0.044221 
0.014524 0.072551 0.045181 0.051955 0.063009 
0.086209 0.062539 0.035517 0.008056 0.022519 
0.087130 0.033470 0.046870 0.049530 0.039770 
0.088610 0.033620 0.036890 0.080480 0.085360 
0.014750 0.040430 0.050680 0.038260 0.040900 
0.069580 0.058540 0.064720 0.010490 0.029920 
  25
0.525477 0.014880 0.046210 
0.423550 0.969596 0.462022 
0.051625 0.015473 0.491768 
0.061555 0.006821 0.051729 0.088198 0.017866 
0.037305 0.023183 0.028809 0.211897 0.047806 
0.019170 0.043364 0.033299 0.056711 0.100189 
0.056447 0.050606 0.038254 0.006882 0.019910 
0.087130 0.033470 0.046870 0.049530 0.039770 
0.088610 0.033620 0.036890 0.080480 0.085360 
0.014750 0.040430 0.050680 0.038260 0.040900 
0.069580 0.058540 0.064720 0.010490 0.029920 
  26
0.532197 0.014832 0.046210 
0.416178 0.969695 0.462022 
0.051625 0.015473 0.491768 
0.063122 0.006459 0.058093 0.090676 0.015801 
0.043016 0.023256 0.024656 0.211011 0.042055 
0.013278 0.047039 0.043799 0.055523 0.092202 
0.060164 0.050609 0.034567 0.006279 0.018394 
0.087130 0.033470 0.046870 0.049530 0.039770 
0.088610 0.033620 0.036890 0.080480 0.085360 
0.014750 0.040430 0.050680 0.038260 0.040900 
0.069580 0.058540 0.064720 0.010490 0.029920 
  27
0.516242 0.014832 0.046210 
0.432133 0.969695 0.462022 
0.052462 0.015410 0.491768 
0.063606 0.012493 0.029744 0.050554 0.041456 
0.029905 0.023857 0.065295 0.062884 0.202609 
0.031455 0.030289 0.030520 0.038484 0.064431 
0.046770 0.051995 0.073631 0.013649 0.036373 
0.087130 0.033470 0.046870 0.049530 0.039770 
0.088610 0.033620 0.036890 0.080480 0.085360 
0.014750 0.040430 0.050680 0.038260 0.040900 
0.069580 0.058540 0.064720 0.010490 0.029920 
  28
0.523804 0.014772 0.046210 
0.423734 0.969818 0.462022 
0.052504 0.015407 0.491768 
0.064823 0.009622 0.066891 0.065573 0.024118 
0.132251 0.028053 0.029260 0.061369 0.068759 
0.015816 0.086186 0.038865 0.041968 0.050878 
0.086782 0.054349 0.038015 0.009687 0.026735 
0.087130 0.033470 0.046870 0.049530 0.039770 
0.088610 0.033620 0.036890 0.080480 0.085360 
0.014750 0.040430 0.050680 0.038260 0.040900 
0.069580 0.058540 0.064720 0.010490 0.029920 
  29
0.508640 0.014769 0.046210 
0.438856 0.969824 0.462022 
0.053336 0.015348 0.491768 
0.084541 0.014008 0.028561 0.048981 0.044067 
0.031405 0.024848 0.080811 0.048509 0.160415 
0.031687 0.041440 0.030547 0.037367 0.047216 
0.052598 0.056785 0.080260 0.015482 0.040474 
0.087130 0.033470 0.046870 0.049530 0.039770 
0.088610 0.033620 0.036890 0.080480 0.085360 
0.014750 0.040430 0.050680 0.038260 0.040900 
0.069580 0.058540 0.064720 0.010490 0.029920 
  30
0.477717 0.014712 0.046210 
0.468948 0.969941 0.462022 
0.055499 0.015203 0.491768 
0.056572 0.006131 0.047112 0.085811 0.015611 
0.032962 0.022527 0.025881 0.232343 0.055668 
0.014682 0.040370 0.029039 0.062962 0.114490 
0.052006 0.046923 0.035012 0.006114 0.017786 
0.087130 0.033470 0.046870 0.049530 0.039770 
0.088610 0.033620 0.036890 0.080480 0.085360 
0.014750 0.040430 0.050680 0.038260 0.040900 
0.069580 0.058540 0.064720 0.010490 0.029920 
  31
0.497092 0.014573 0.046210 
0.447409 0.970224 0.462022 
0.055499 0.015203 0.491768 
0.059040 0.004682 0.167707 0.198328 0.010419 
0.046166 0.020739 0.014873 0.095175 0.026500 
0.008762 0.053004 0.034459 0.055307 0.053870 
0.062853 0.046272 0.023712 0.004564 0.013567 
0.087130 0.033470 0.046870 0.049530 0.039770 
0.088610 0.033620 0.036890 0.080480 0.085360 
0.014750 0.040430 0.050680 0.038260 0.040900 
0.069580 0.058540 0.064720 0.010490 0.029920 
  32
0.497092 0.014573 0.046210 
0.447409 0.970224 0.462022 
0.055499 0.015203 0.491768 
0.061383 0.005904 0.080799 0.100531 0.014059 
0.046894 0.023604 0.020867 0.136855 0.036438 
0.011784 0.060257 0.033717 0.056801 0.140823 
0.064685 0.051296 0.030275 0.005898 0.017131 
0.087130 0.033470 0.046870 0.049530 0.039770 
0.088610 0.033620 0.036890 0.080480 0.085360 
0.014750 0.040430 0.050680 0.038260 0.040900 
0.069580 0.058540 0.064720 0.010490 0.029920 
  33
0.497092 0.014573 0.046210 
0.447409 0.970224 0.462022 
0.055499 0.015203 0.491768 
0.052606 0.012448 0.031021 0.038884 0.069314 
0.033966 0.032650 0.045338 0.058789 0.074254 
0.022973 0.033752 0.026069 0.030333 0.042095 
0.045797 0.044368 0.053564 0.026464 0.225315 
0.087130 0.033470 0.046870 0.049530 0.039770 
0.088610 0.033620 0.036890 0.080480 0.085360 
0.014750 0.040430 0.050680 0.038260 0.040900 
0.069580 0.058540 0.064720 0.010490 0.029920 
  34
0.497092 0.014573 0.046210 
0.447409 0.970224 0.462022 
0.055499 0.015368 0.491594 
0.118929 0.011017 0.048150 0.061129 0.033069 
0.046092 0.027333 0.045457 0.060324 0.071509 
0.022704 0.048606 0.033890 0.052738 0.079019 
0.062739 0.059048 0.055110 0.012448 0.050688 
0.087130 0.033470 0.046870 0.049530 0.039770 
0.088610 0.033620 0.036890 0.080480 0.085360 
0.014750 0.040430 0.050680 0.038260 0.040900 
0.069580 0.058540 0.064720 0.010490 0.029920 
  35
0.497092 0.014573 0.046194 
0.447409 0.970059 0.462212 
0.055499 0.024316 0.482330 
0.106844 0.019842 0.029807 0.041355 0.047488 
0.032868 0.030696 0.068107 0.043785 0.117132 
0.042362 0.031524 0.030060 0.034624 0.054888 
0.055244 0.059350 0.082733 0.017074 0.054218 
0.087129 0.033475 0.046869 0.049529 0.039769 
0.088609 0.033619 0.036890 0.080479 0.085361 
0.014750 0.040429 0.050679 0.038259 0.040899 
0.069579 0.058539 0.064722 0.010490 0.029924 
  36
0.463883 0.014573 0.045323 
0.480618 0.961111 0.472347 
0.057405 0.015086 0.491768 
0.045233 0.011315 0.011378 0.019346 0.057513 
0.015208 0.012544 0.104587 0.021113 0.303649 
0.148970 0.013801 0.015478 0.017555 0.021818 
0.023185 0.031214 0.089730 0.010054 0.026308 
0.087130 0.033470 0.046870 0.049530 0.039770 
0.088610 0.033620 0.036890 0.080480 0.085360 
0.014750 0.040430 0.050680 0.038260 0.040900 
0.069580 0.058540 0.064720 0.010490 0.029920 
  37
0.479817 0.014461 0.046210 
0.462778 0.970452 0.462022 
0.057405 0.015402 0.491432 
0.072159 0.012162 0.036308 0.046220 0.019619 
0.035437 0.015820 0.037981 0.043763 0.049153 
0.016506 0.037632 0.028302 0.029684 0.036059 
0.095397 0.305794 0.056552 0.006619 0.018835 
0.087130 0.033470 0.046870 0.049530 0.039770 
0.088610 0.033620 0.036890 0.080480 0.085360 
0.014750 0.040430 0.050680 0.038260 0.040900 
0.069580 0.058541 0.064720 0.010490 0.029920 
  38
0.479817 0.014461 0.046179 
0.462778 0.970136 0.462389 
0.057405 0.015086 0.491768 
0.045367 0.006108 0.035966 0.057199 0.014618 
0.034099 0.022684 0.021610 0.110826 0.039021 
0.012113 0.035645 0.026626 0.046090 0.358938 
0.042337 0.038990 0.028089 0.006284 0.017388 
0.087130 0.033470 0.046870 0.049530 0.039770 
0.088610 0.033620 0.036890 0.080480 0.085360 
0.014750 0.040430 0.050680 0.038260 0.040900 
0.069580 0.058540 0.064720 0.010490 0.029920 
  39
0.479817 0.014461 0.046210 
0.462778 0.970452 0.462022 
0.057405 0.015086 0.491768 
0.053828 0.006489 0.188176 0.078405 0.011900 
0.183027 0.024734 0.011121 0.057989 0.022213 
0.007410 0.074876 0.037213 0.039766 0.043288 
0.073401 0.046907 0.017281 0.005605 0.016370 
0.087130 0.033470 0.046870 0.049530 0.039770 
0.088610 0.033620 0.036890 0.080480 0.085360 
0.014750 0.040430 0.050680 0.038260 0.040900 
0.069580 0.058540 0.064720 0.010490 0.029920 
  40
0.479817 0.014461 0.046210 
0.462778 0.970452 0.462022 
0.057405 0.015086 0.491768 
0.045862 0.011325 0.011154 0.019150 0.055019 
0.014622 0.011498 0.105316 0.020822 0.399880 
0.056794 0.013062 0.014993 0.016568 0.020913 
0.022085 0.032959 0.093973 0.009349 0.024653 
0.087130 0.033470 0.046870 0.049530 0.039770 
0.088610 0.033620 0.036890 0.080480 0.085360 
0.014750 0.040430 0.050680 0.038260 0.040900 
0.069580 0.058540 0.064720 0.010490 0.029920 
  41
0.479817 0.014461 0.046210 
0.462778 0.970452 0.462022 
0.057405 0.015086 0.491768 
0.084060 0.007049 0.132598 0.076707 0.014306 
0.174020 0.027845 0.013913 0.062375 0.026992 
0.008952 0.072381 0.038937 0.042221 0.047506 
0.076225 0.047897 0.020803 0.006534 0.018680 
0.087130 0.033470 0.046870 0.049530 0.039770 
0.088610 0.033620 0.036890 0.080480 0.085360 
0.014750 0.040430 0.050680 0.038260 0.040900 
0.069580 0.058540 0.064720 0.010490 0.029920 
  42
0.479817 0.014461 0.046210 
0.462778 0.970452 0.462022 
0.057405 0.015086 0.491768 
0.025339 0.007043 0.012901 0.016155 0.076360 
0.018190 0.015098 0.027279 0.015968 0.054367 
0.013345 0.013609 0.011720 0.012366 0.018753 
0.020200 0.019266 0.028999 0.523479 0.069564 
0.087130 0.033470 0.046870 0.049530 0.039770 
0.088610 0.033620 0.036890 0.080480 0.085360 
0.014750 0.040430 0.050680 0.038260 0.040900 
0.069580 0.058540 0.064720 0.010490 0.029920 
  43
0.479817 0.014461 0.046210 
0.462778 0.970452 0.462022 
0.057405 0.015086 0.491768 
0.058730 0.004482 0.134587 0.247097 0.010314 
0.041341 0.019380 0.015934 0.078957 0.027585 
0.009094 0.048975 0.032654 0.060439 0.052583 
0.059695 0.055977 0.024754 0.004391 0.013029 
0.087130 0.033470 0.046870 0.049530 0.039770 
0.088610 0.033620 0.036890 0.080480 0.085360 
0.014750 0.040430 0.050680 0.038260 0.040900 
0.069580 0.058540 0.064720 0.010490 0.029920 
  44
0.479817 0.014461 0.046210 
0.462778 0.970452 0.462022 
0.057405 0.015086 0.491768 
0.064475 0.012308 0.041086 0.049278 0.055202 
0.042648 0.025991 0.051436 0.048290 0.079600 
0.024604 0.041301 0.075475 0.036033 0.045278 
0.059854 0.131823 0.062349 0.013519 0.039450 
0.087130 0.033470 0.046870 0.049530 0.039770 
0.088610 0.033620 0.036890 0.080480 0.085360 
0.014750 0.040430 0.050680 0.038260 0.040900 
0.069580 0.058540 0.064720 0.010490 0.029920 
  45
0.479817 0.014461 0.046210 
0.462778 0.970452 0.462022 
0.057405 0.015086 0.491768 
0.062887 0.010278 0.049099 0.052837 0.015790 
0.043526 0.018069 0.023758 0.048933 0.035191 
0.012313 0.048383 0.030932 0.032799 0.037936 
0.201102 0.216296 0.036589 0.006056 0.017224 
0.087130 0.033470 0.046870 0.049530 0.039770 
0.088610 0.033620 0.036890 0.080480 0.085360 
0.014750 0.040430 0.050680 0.038260 0.040900 
0.069580 0.058540 0.064720 0.010490 0.029920 
  46
0.479817 0.014461 0.046210 
0.462778 0.970452 0.462022 
0.057405 0.015086 0.491768 
0.032803 0.010134 0.017380 0.020507 0.116563 
0.020912 0.031439 0.035661 0.021662 0.065138 
0.016499 0.019922 0.015135 0.015502 0.022079 
0.026303 0.024431 0.038260 0.034217 0.415453 
0.087130 0.033470 0.046870 0.049530 0.039770 
0.088610 0.033620 0.036890 0.080480 0.085360 
0.014750 0.040430 0.050680 0.038260 0.040900 
0.069580 0.058540 0.064720 0.010490 0.029920 
  47
0.479817 0.014461 0.046210 
0.462778 0.970452 0.462022 
0.057405 0.015086 0.491768 
0.075353 0.006436 0.060931 0.117692 0.016782 
0.036251 0.021550 0.026900 0.086980 0.044730 
0.014728 0.042386 0.032232 0.174612 0.066304 
0.057887 0.051121 0.042098 0.006605 0.018421 
0.087130 0.033470 0.046870 0.049530 0.039770 
0.088610 0.033620 0.036890 0.080480 0.085360 
0.014750 0.040430 0.050680 0.038260 0.040900 
0.069580 0.058540 0.064720 0.010490 0.029920 
  48
0.479817 0.014461 0.046210 
0.462778 0.970452 0.462022 
0.057405 0.015086 0.491768 
0.063459 0.006868 0.095097 0.082799 0.016243 
0.058072 0.025729 0.019724 0.093216 0.035142 
0.011248 0.059670 0.130775 0.047604 0.054823 
0.085526 0.059397 0.028062 0.006927 0.019617 
0.087130 0.033470 0.046870 0.049530 0.039770 
0.088610 0.033620 0.036890 0.080480 0.085360 
0.014750 0.040430 0.050680 0.038260 0.040900 
0.069580 0.058540 0.064720 0.010490 0.029920 
  49
0.479817 0.014461 0.046210 
0.462778 0.970452 0.462022 
0.057405 0.015086 0.491768 
0.063632 0.011894 0.034187 0.058262 0.038169 
0.033416 0.030630 0.054563 0.083324 0.085487 
0.100219 0.034353 0.030781 0.040851 0.077168 
0.051028 0.054099 0.066895 0.013786 0.037256 
0.087130 0.033470 0.046870 0.049530 0.039770 
0.088610 0.033620 0.036890 0.080480 0.085360 
0.014750 0.040430 0.050680 0.038260 0.040900 
0.069580 0.058540 0.064720 0.010490 0.029920 
  50
0.479817 0.014461 0.046210 
0.462778 0.970452 0.462022 
0.057405 0.015086 0.491768 
0.058946 0.004817 0.179161 0.166792 0.010396 
0.049410 0.021654 0.014001 0.105141 0.025555 
0.008467 0.056975 0.034783 0.054778 0.054232 
0.067317 0.046779 0.022272 0.004664 0.013859 
0.087130 0.033470 0.046870 0.049530 0.039770 
0.088610 0.033620 0.036890 0.080480 0.085360 
0.014750 0.040430 0.050680 0.038260 0.040900 
0.069580 0.058540 0.064720 0.010490 0.029920 
  51
0.479817 0.014461 0.046210 
0.462778 0.970452 0.462022 
0.057405 0.015086 0.491768 
0.067413 0.005053 0.133626 0.134581 0.011339 
0.048304 0.022044 0.016661 0.150232 0.029554 
0.009702 0.054220 0.034939 0.058791 0.060420 
0.065925 0.051291 0.026330 0.004954 0.014620 
0.087130 0.033470 0.046870 0.049530 0.039770 
0.088610 0.033620 0.036890 0.080480 0.085360 
0.014750 0.040430 0.050680 0.038260 0.040900 
0.069580 0.058540 0.064720 0.010490 0.029920 
  52
0.479817 0.014461 0.046210 
0.462778 0.970452 0.462022 
0.057405 0.015086 0.491768 
0.111501 0.019540 0.012449 0.022722 0.032851 
0.017512 0.011693 0.154913 0.022370 0.122485 
0.027477 0.014073 0.018500 0.017107 0.021678 
0.027253 0.050454 0.265773 0.007921 0.021729 
0.087130 0.033470 0.046870 0.049530 0.039770 
0.088610 0.033620 0.036890 0.080480 0.085360 
0.014750 0.040430 0.050680 0.038260 0.040900 
0.069580 0.058540 0.064720 0.010490 0.029920 
  53
0.479817 0.014461 0.046210 
0.462778 0.970452 0.462022 
0.057405 0.015086 0.491768 
0.038511 0.012092 0.016451 0.022409 0.288690 
0.020696 0.035401 0.044565 0.024116 0.080402 
0.021297 0.021429 0.016326 0.018117 0.025414 
0.029486 0.030223 0.048054 0.033254 0.173065 
0.087130 0.033470 0.046870 0.049530 0.039770 
0.088610 0.033620 0.036890 0.080480 0.085360 
0.014750 0.040430 0.050680 0.038260 0.040900 
0.069580 0.058540 0.064720 0.010490 0.029920 
  54
0.479817 0.014461 0.046210 
0.462778 0.970452 0.462022 
0.057405 0.022637 0.483863 
0.048800 0.004762 0.030586 0.035906 0.009675 
0.032164 0.010477 0.016542 0.032985 0.028459 
0.006223 0.020334 0.570292 0.019122 0.024372 
0.042466 0.028431 0.025484 0.003242 0.009679 
0.087129 0.033470 0.046869 0.049529 0.039770 
0.088609 0.033620 0.036890 0.080479 0.085359 
0.014750 0.040429 0.050679 0.038259 0.040899 
0.069579 0.058539 0.064719 0.010490 0.029932 
  55
0.479817 0.072366 0.045468 
0.462778 0.904997 0.470670 
0.045575 0.016014 0.491768 
0.068316 0.011809 0.061031 0.082403 0.035712 
0.053238 0.041223 0.045140 0.063332 0.077237 
0.023006 0.053740 0.038608 0.051351 0.055462 
0.068275 0.058678 0.055014 0.013147 0.043277 
0.087130 0.033470 0.046870 0.049530 0.039770 
0.088610 0.033620 0.036890 0.080480 0.085360 
0.014750 0.040430 0.050680 0.038260 0.040900 
0.069580 0.058540 0.064720 0.010490 0.029920 
  56
0.586461 0.016684 0.046210 
0.367964 0.967302 0.462022 
0.045397 0.016032 0.491768 
0.069655 0.008576 0.083475 0.152848 0.022151 
0.048061 0.024646 0.032862 0.079146 0.052160 
0.016788 0.051110 0.042818 0.054759 0.059836 
0.067588 0.056786 0.043839 0.008556 0.024337 
0.087130 0.033470 0.046870 0.049530 0.039770 
0.088610 0.033620 0.036890 0.080480 0.085360 
0.014750 0.040430 0.050680 0.038260 0.040900 
0.069580 0.058540 0.064720 0.010490 0.029920 
  57
0.383905 0.037351 0.046210 
0.570698 0.946617 0.462022 
0.052264 0.015425 0.491768 
0.048662 0.013483 0.020829 0.029286 0.136352 
0.025616 0.035205 0.051356 0.031111 0.087487 
0.027139 0.025942 0.021281 0.024135 0.033223 
0.037487 0.040522 0.058383 0.029403 0.223097 
0.087130 0.033470 0.046870 0.049530 0.039770 
0.088610 0.033620 0.036890 0.080480 0.085360 
0.014750 0.040430 0.050680 0.038260 0.040900 
0.069580 0.058540 0.064720 0.010490 0.029920 
  58
0.521273 0.015106 0.046210 
0.426463 0.969470 0.462022 
0.052466 0.015410 0.491768 
0.068982 0.007029 0.149839 0.133320 0.018849 
0.045624 0.023064 0.030267 0.077783 0.045220 
0.016287 0.050288 0.035778 0.053674 0.056161 
0.066233 0.054739 0.038881 0.007371 0.020611 
0.087130 0.033470 0.046870 0.049530 0.039770 
0.088610 0.033620 0.036890 0.080480 0.085360 
0.014750 0.040430 0.050680 0.038260 0.040900 
0.069580 0.058540 0.064720 0.010490 0.029920 
  59
0.439819 0.014771 0.046210 
0.507715 0.969819 0.462022 
0.057325 0.015091 0.491768 
0.065797 0.007001 0.079969 0.098327 0.016879 
0.072964 0.031719 0.020878 0.112124 0.037000 
0.012029 0.061628 0.037095 0.057524 0.099027 
0.073758 0.058999 0.029430 0.007216 0.020637 
0.087130 0.033470 0.046870 0.049530 0.039770 
0.088610 0.033620 0.036890 0.080480 0.085360 
0.014750 0.040430 0.050680 0.038260 0.040900 
0.069580 0.058540 0.064720 0.010490 0.029920 
  60
0.479145 0.022018 0.046210 
0.463530 0.962890 0.462022 
0.055526 0.015201 0.491768 
0.047726 0.013008 0.019789 0.028294 0.193437 
0.024730 0.035609 0.045200 0.029201 0.077348 
0.022962 0.024821 0.019938 0.022412 0.031225 
0.036262 0.037461 0.052308 0.028588 0.209682 
0.087130 0.033470 0.046870 0.049530 0.039770 
0.088610 0.033620 0.036890 0.080480 0.085360 
0.014750 0.040430 0.050680 0.038260 0.040900 
0.069580 0.058540 0.064720 0.010490 0.029920 
  61
0.496847 0.014571 0.046210 
0.447627 0.970228 0.462022 
0.055526 0.015201 0.491768 
0.059562 0.005432 0.095230 0.279431 0.014012 
0.040025 0.019777 0.020607 0.077233 0.034393 
0.011679 0.043718 0.034882 0.057024 0.054123 
0.055843 0.045770 0.030308 0.005343 0.015607 
0.087130 0.033470 0.046870 0.049530 0.039770 
0.088610 0.033620 0.036890 0.080480 0.085360 
0.014750 0.040430 0.050680 0.038260 0.040900 
0.069580 0.058540 0.064720 0.010490 0.029920 
  62
0.496847 0.014729 0.046210 
0.447627 0.970070 0.462022 
0.055488 0.015204 0.491768 
0.052951 0.005822 0.039346 0.028957 0.008135 
0.601882 0.012018 0.008526 0.028046 0.015378 
0.005179 0.037120 0.021257 0.017617 0.022928 
0.044235 0.022835 0.014124 0.003739 0.009906 
0.087130 0.033470 0.046870 0.049530 0.039770 
0.088610 0.033620 0.036890 0.080480 0.085360 
0.014750 0.040430 0.050680 0.038260 0.040900 
0.069580 0.058540 0.064720 0.010490 0.029920 
  63
0.463794 0.014574 0.046210 
0.480717 0.970223 0.462022 
0.057405 0.015086 0.491768 
0.045341 0.011609 0.008740 0.014290 0.041566 
0.011350 0.007841 0.367110 0.015663 0.155769 
0.029428 0.009463 0.013378 0.011402 0.015141 
0.017490 0.029783 0.167548 0.007164 0.019924 
0.087130 0.033470 0.046870 0.049530 0.039770 
0.088610 0.033620 0.036890 0.080480 0.085360 
0.014750 0.040430 0.050680 0.038260 0.040900 
0.069580 0.058540 0.064720 0.010490 0.029920 
  64
0.479817 0.014619 0.046210 
0.462778 0.970295 0.462022 
0.057365 0.015089 0.491768 
0.056612 0.006564 0.049546 0.083661 0.015786 
0.035780 0.023443 0.026415 0.249874 0.042934 
0.013533 0.042039 0.035231 0.053945 0.100343 
0.054184 0.047611 0.038254 0.006166 0.018079 
0.087130 0.033470 0.046870 0.049530 0.039770 
0.088610 0.033620 0.036890 0.080480 0.085360 
0.014750 0.040430 0.050680 0.038260 0.040900 
0.069580 0.058540 0.064720 0.010490 0.029920 
  65
0.480184 0.014463 0.046210 
0.462452 0.970448 0.462022 
0.057365 0.015089 0.491768 
0.069231 0.016382 0.012340 0.021801 0.042558 
0.017424 0.011891 0.277093 0.022433 0.158409 
0.036319 0.014063 0.017954 0.017112 0.022086 
0.026166 0.043656 0.140298 0.008816 0.023967 
0.087130 0.033470 0.046870 0.049530 0.039770 
0.088610 0.033620 0.036890 0.080480 0.085360 
0.014750 0.040430 0.050680 0.038260 0.040900 
0.069580 0.058540 0.064720 0.010490 0.029920 
  66
0.479479 0.014463 0.046210 
0.463156 0.970448 0.462022 
0.057405 0.015086 0.491768 
0.060151 0.009571 0.057530 0.069186 0.026837 
0.050332 0.114375 0.033498 0.064231 0.054863 
0.017658 0.051947 0.035469 0.043109 0.054427 
0.066691 0.107884 0.042638 0.010312 0.029290 
0.087130 0.033470 0.046870 0.049530 0.039770 
0.088610 0.033620 0.036890 0.080480 0.085360 
0.014750 0.040430 0.050680 0.038260 0.040900 
0.069580 0.058540 0.064720 0.010490 0.029920 
  67
0.479817 0.014461 0.046210 
0.462778 0.970452 0.462022 
0.057405 0.015086 0.491768 
0.049296 0.005423 0.324508 0.115741 0.010063 
0.053783 0.020078 0.012412 0.056146 0.021514 
0.007091 0.072759 0.033783 0.040722 0.037318 
0.061757 0.041445 0.018044 0.004452 0.013666 
0.087130 0.033470 0.046870 0.049530 0.039770 
0.088610 0.033620 0.036890 0.080480 0.085360 
0.014750 0.040430 0.050680 0.038260 0.040900 
0.069580 0.058540 0.064720 0.010490 0.029920 
  68
0.479817 0.014461 0.046210 
0.462778 0.970452 0.462022 
0.057405 0.015086 0.491768 
0.020003 0.004955 0.010234 0.012863 0.069215 
0.015215 0.012095 0.021767 0.012523 0.045635 
0.010855 0.010593 0.009336 0.009491 0.015961 
0.016176 0.015262 0.022878 0.603233 0.061710 
0.087130 0.033470 0.046870 0.049530 0.039770 
0.088610 0.033620 0.036890 0.080480 0.085360 
0.014750 0.040430 0.050680 0.038260 0.040900 
0.069580 0.058540 0.064720 0.010490 0.029920 
  69
0.479817 0.014461 0.046210 
0.462778 0.970452 0.462022 
0.057405 0.015086 0.491768 
0.052774 0.006166 0.233049 0.102395 0.012128 
0.061500 0.024319 0.012879 0.062809 0.024773 
0.008103 0.077816 0.036639 0.043883 0.045205 
0.106245 0.047577 0.019482 0.005915 0.016343 
0.087130 0.033470 0.046870 0.049530 0.039770 
0.088610 0.033620 0.036890 0.080480 0.085360 
0.014750 0.040430 0.050680 0.038260 0.040900 
0.069580 0.058540 0.064720 0.010490 0.029920 
  70
0.479817 0.014461 0.046210 
0.462778 0.970452 0.462022 
0.057405 0.015086 0.491768 
0.061873 0.005947 0.059448 0.090082 0.014112 
0.049965 0.023212 0.021353 0.229382 0.037433 
0.012030 0.048948 0.033118 0.063422 0.087453 
0.059854 0.049360 0.030167 0.005829 0.017012 
0.087130 0.033470 0.046870 0.049530 0.039770 
0.088610 0.033620 0.036890 0.080480 0.085360 
0.014750 0.040430 0.050680 0.038260 0.040900 
0.069580 0.058540 0.064720 0.010490 0.029920 
  71
0.479817 0.014461 0.046210 
0.462778 0.970452 0.462022 
0.057405 0.015086 0.491768 
0.020813 0.005496 0.009529 0.012714 0.088100 
0.012992 0.013790 0.024711 0.012646 0.050979 
0.012279 0.010754 0.009384 0.009668 0.016042 
0.016587 0.016210 0.025718 0.555263 0.076327 
0.087130 0.033470 0.046870 0.049530 0.039770 
0.088610 0.033620 0.036890 0.080480 0.085360 
0.014750 0.040430 0.050680 0.038260 0.040900 
0.069580 0.058540 0.064720 0.010490 0.029920 
  72
0.479817 0.014461 0.046210 
0.462778 0.970452 0.462022 
0.057405 0.015086 0.491768 
0.062486 0.005370 0.079771 0.246935 0.014544 
0.030672 0.018198 0.025932 0.086591 0.041191 
0.013317 0.038333 0.031419 0.065692 0.059165 
0.053788 0.049186 0.056085 0.005537 0.015789 
0.087130 0.033470 0.046870 0.049530 0.039770 
0.088610 0.033620 0.036890 0.080480 0.085360 
0.014750 0.040430 0.050680 0.038260 0.040900 
0.069580 0.058540 0.064720 0.010490 0.029920 
  73
0.479817 0.014461 0.046210 
0.462778 0.970452 0.462022 
0.057405 0.015086 0.491768 
0.044756 0.005068 0.361056 0.120934 0.009110 
0.050730 0.018659 0.010855 0.050671 0.019525 
0.006447 0.069580 0.032061 0.038572 0.033821 
0.057815 0.037270 0.016452 0.004072 0.012546 
0.087130 0.033470 0.046870 0.049530 0.039770 
0.088610 0.033620 0.036890 0.080480 0.085360 
0.014750 0.040430 0.050680 0.038260 0.040900 
0.069580 0.058540 0.064720 0.010490 0.029920 
  74
0.479817 0.014461 0.046210 
0.462778 0.970452 0.462022 
0.057405 0.015086 0.491768 
0.048745 0.004929 0.029921 0.035000 0.010373 
0.031908 0.010751 0.016825 0.031776 0.028897 
0.006227 0.019776 0.574586 0.018595 0.023329 
0.041440 0.027967 0.025737 0.003351 0.009868 
0.087130 0.033470 0.046870 0.049530 0.039770 
0.088610 0.033620 0.036890 0.080480 0.085360 
0.014750 0.040430 0.050680 0.038260 0.040900 
0.069580 0.058540 0.064720 0.010490 0.029920 
  75
0.479817 0.014461 0.046210 
0.462778 0.970452 0.462022 
0.057405 0.015086 0.491768 
0.030617 0.009229 0.010748 0.014579 0.406314 
0.014261 0.019106 0.054307 0.015096 0.109487 
0.023670 0.012974 0.012869 0.011980 0.016206 
0.020129 0.021009 0.050895 0.034155 0.112369 
0.087130 0.033470 0.046870 0.049530 0.039770 
0.088610 0.033620 0.036890 0.080480 0.085360 
0.014750 0.040430 0.050680 0.038260 0.040900 
0.069580 0.058540 0.064720 0.010490 0.029920 
  76
0.479817 0.014461 0.046210 
0.462778 0.970452 0.462022 
0.057405 0.015086 0.491768 
0.046926 0.006089 0.037738 0.061084 0.014278 
0.034839 0.023314 0.021784 0.125396 0.039821 
0.012505 0.037724 0.027686 0.049552 0.325668 
0.044198 0.039702 0.028411 0.005887 0.017397 
0.087130 0.033470 0.046870 0.049530 0.039770 
0.088610 0.033620 0.036890 0.080480 0.085360 
0.014750 0.040430 0.050680 0.038260 0.040900 
0.069580 0.058540 0.064720 0.010490 0.029920 
  77
0.479817 0.014461 0.046210 
0.462778 0.970452 0.462022 
0.057405 0.015086 0.491768 
0.045482 0.011259 0.011417 0.019674 0.054455 
0.014876 0.011986 0.104552 0.021452 0.395400 
0.061553 0.013485 0.015310 0.017919 0.021669 
0.022649 0.031575 0.091290 0.009379 0.024616 
0.087130 0.033470 0.046870 0.049530 0.039770 
0.088610 0.033620 0.036890 0.080480 0.085360 
0.014750 0.040430 0.050680 0.038260 0.040900 
0.069580 0.058540 0.064720 0.010490 0.029920 
  78
0.479817 0.014461 0.046210 
0.462778 0.970452 0.462022 
0.057405 0.015086 0.491768 
0.064309 0.011772 0.038191 0.043847 0.017218 
0.036306 0.015213 0.032388 0.041456 0.041663 
0.013319 0.039582 0.028633 0.027875 0.033891 
0.104779 0.336996 0.049379 0.006030 0.017154 
0.087130 0.033470 0.046870 0.049530 0.039770 
0.088610 0.033620 0.036890 0.080480 0.085360 
0.014750 0.040430 0.050680 0.038260 0.040900 
0.069580 0.058540 0.064720 0.010490 0.029920 
  79
0.479817 0.014461 0.046210 
0.462778 0.970452 0.462022 
0.057405 0.015086 0.491768 
0.052053 0.011624 0.017204 0.027550 0.059265 
0.021405 0.016174 0.084413 0.028625 0.163754 
0.225412 0.018674 0.018998 0.023455 0.028967 
0.030918 0.035751 0.082046 0.013484 0.040229 
0.087130 0.033470 0.046870 0.049530 0.039770 
0.088610 0.033620 0.036890 0.080480 0.085360 
0.014750 0.040430 0.050680 0.038260 0.040900 
0.069580 0.058540 0.064720 0.010490 0.029920 
  80
0.479817 0.014461 0.046210 
0.462778 0.970452 0.462022 
0.057405 0.015086 0.491768 
0.048956 0.005328 0.316829 0.120524 0.010139 
0.053486 0.020174 0.012036 0.056246 0.021709 
0.007128 0.067784 0.039118 0.041759 0.040008 
0.061678 0.040689 0.018223 0.004510 0.013677 
0.087130 0.033470 0.046870 0.049530 0.039770 
0.088610 0.033620 0.036890 0.080480 0.085360 
0.014750 0.040430 0.050680 0.038260 0.040900 
0.069580 0.058540 0.064720 0.010490 0.029920 
  81
0.479817 0.014461 0.046210 
0.462778 0.970452 0.462022 
0.057405 0.015086 0.491768 
0.253212 0.013172 0.046383 0.065449 0.019549 
0.056064 0.018746 0.029928 0.053131 0.046112 
0.015182 0.039518 0.034548 0.036502 0.041718 
0.091440 0.065174 0.047021 0.007145 0.020007 
0.087130 0.033470 0.046870 0.049530 0.039770 
0.088610 0.033620 0.036890 0.080480 0.085360 
0.014750 0.040430 0.050680 0.038260 0.040900 
0.069580 0.058540 0.064720 0.010490 0.029920 
  82
0.479817 0.014461 0.046210 
0.462778 0.970452 0.462022 
0.057405 0.015086 0.491768 
0.028533 0.008820 0.015808 0.018224 0.101456 
0.018650 0.028062 0.029813 0.019004 0.055867 
0.014192 0.017772 0.013057 0.013697 0.019491 
0.023053 0.021200 0.032696 0.030345 0.490259 
0.087130 0.033470 0.046870 0.049530 0.039770 
0.088610 0.033620 0.036890 0.080480 0.085360 
0.014750 0.040430 0.050680 0.038260 0.040900 
0.069580 0.058540 0.064720 0.010490 0.029920 
  83
0.479817 0.014461 0.046210 
0.462778 0.970452 0.462022 
0.057405 0.015086 0.491768 
0.029442 0.007190 0.013825 0.018147 0.080033 
