%  SAM: modelfromalign v3.5 (July 15, 2005) compiled 12/05/20_11:48:22
%  (c) 1992-2001 Regents of the University of California, Santa Cruz
%
%          Sequence Alignment and Modeling Software System
%         http://www.cse.ucsc.edu/research/compbio/sam.html
%
% ----------------- Citations (SAM, SAM-T2K, HMMs) --------------------
% R. Hughey, A. Krogh, Hidden Markov models for sequence analysis:
%  Extension and analysis of the basic method, CABIOS 12:95-107, 1996.
% K. Karplus, et al., What is the value added by human intervention in protein
%  structure prediction, Proteins: Stucture, Function, Genetics 45(S5):86--91, 2001.
% A. Krogh et al., Hidden Markov models in computational biology:
%  Applications to protein modeling, JMB 235:1501-1531, Feb 1994.
% ---------------------------------------------------------------------
%  last   Host: gauntlet    Thu Feb 11 19:03:11 2021
%  dgpinheiro   Dir:  /data/GitHub/sfFinder/example/output/subfamily/TEST2/flowerpower/fp-workspace/final
% ---------------------------------------------------------------------
% Prior File:  Internal (Name: recode3.20comp) 
%   20 priors on 20 characters.
%  Alignment weights from internal calc.  Total (1.59) Max (0.00) Min (0.00)
%  Weights from alignment method 1 (karplus), b=0.500000, e=0.500000
MODEL --  Model from alignment file last.a2m
alphabet protein
FREQAVE
0.000000 0.000000 0.000000 
0.000000 0.000000 0.000000 
0.000000 0.000000 0.000000 
0.073380 0.015587 0.057907 0.066952 0.050459 
0.061138 0.028203 0.050814 0.059218 0.083394 
0.025524 0.042204 0.045009 0.042259 0.052329 
0.059341 0.053415 0.060112 0.024898 0.047857 
0.073380 0.015587 0.057907 0.066952 0.050459 
0.061138 0.028203 0.050814 0.059218 0.083394 
0.025524 0.042204 0.045009 0.042259 0.052329 
0.059341 0.053415 0.060112 0.024898 0.047857 
Begin
0.000000 0.000000 0.000000 
0.000000 0.000000 0.000000 
0.000000 0.102839 0.652970 
0.000000 0.000000 0.000000 0.000000 0.000000 
0.000000 0.000000 0.000000 0.000000 0.000000 
0.000000 0.000000 0.000000 0.000000 0.000000 
0.000000 0.000000 0.000000 0.000000 0.000000 
0.087170 0.033443 0.046859 0.049499 0.039738 
0.088556 0.033597 0.036866 0.080520 0.085361 
0.014908 0.040439 0.050666 0.038262 0.040907 
0.069554 0.058573 0.064691 0.010481 0.029909 
1
0.000000 0.016547 0.117361 
0.000000 0.880614 0.229669 
0.040924 0.016576 0.491768 
0.078615 0.016638 0.053547 0.063079 0.042115 
0.068638 0.021057 0.063583 0.057579 0.094610 
0.024402 0.041266 0.046839 0.037495 0.049511 
0.060649 0.055279 0.075018 0.015103 0.034975 
0.087130 0.033470 0.046870 0.049530 0.039770 
0.088610 0.033620 0.036890 0.080480 0.085360 
0.014750 0.040430 0.050680 0.038260 0.040900 
0.069580 0.058540 0.064720 0.010490 0.029920 
2
0.629163 0.015889 0.046210 
0.329913 0.967536 0.462022 
0.040924 0.016576 0.491768 
0.076928 0.016438 0.057682 0.065084 0.038832 
0.075417 0.025146 0.057472 0.058847 0.086950 
0.021662 0.043871 0.048483 0.038189 0.053874 
0.061608 0.055279 0.069125 0.014792 0.034320 
0.087130 0.033470 0.046870 0.049530 0.039770 
0.088610 0.033620 0.036890 0.080480 0.085360 
0.014750 0.040430 0.050680 0.038260 0.040900 
0.069580 0.058540 0.064720 0.010490 0.029920 
3
0.629163 0.015889 0.046210 
0.329913 0.967536 0.462022 
0.040924 0.016576 0.491768 
0.076928 0.016438 0.057682 0.065084 0.038832 
0.075417 0.025146 0.057472 0.058847 0.086950 
0.021662 0.043871 0.048483 0.038189 0.053874 
0.061608 0.055279 0.069125 0.014792 0.034320 
0.087130 0.033470 0.046870 0.049530 0.039770 
0.088610 0.033620 0.036890 0.080480 0.085360 
0.014750 0.040430 0.050680 0.038260 0.040900 
0.069580 0.058540 0.064720 0.010490 0.029920 
4
0.629163 0.015889 0.046210 
0.329913 0.967536 0.462022 
0.040924 0.016576 0.491768 
0.080243 0.018170 0.056525 0.064270 0.038076 
0.082160 0.021670 0.055760 0.058408 0.086545 
0.021601 0.043512 0.050405 0.037881 0.049454 
0.062794 0.055928 0.068198 0.015024 0.033376 
0.087130 0.033470 0.046870 0.049530 0.039770 
0.088610 0.033620 0.036890 0.080480 0.085360 
0.014750 0.040430 0.050680 0.038260 0.040900 
0.069580 0.058540 0.064720 0.010490 0.029920 
5
0.629163 0.015889 0.046210 
0.329913 0.967536 0.462022 
0.040924 0.016576 0.491768 
0.078476 0.018185 0.057312 0.064086 0.039779 
0.077028 0.024908 0.056764 0.057725 0.086799 
0.021575 0.043682 0.048693 0.037531 0.049897 
0.064068 0.055457 0.068903 0.014672 0.034460 
0.087130 0.033470 0.046870 0.049530 0.039770 
0.088610 0.033620 0.036890 0.080480 0.085360 
0.014750 0.040430 0.050680 0.038260 0.040900 
0.069580 0.058540 0.064720 0.010490 0.029920 
6
0.629163 0.015889 0.046210 
0.329913 0.967536 0.462022 
0.040924 0.016576 0.491768 
0.077917 0.018539 0.054702 0.062648 0.041257 
0.072389 0.023859 0.061932 0.056704 0.091835 
0.022348 0.041919 0.048141 0.036949 0.048881 
0.060558 0.054804 0.075144 0.014866 0.034607 
0.087130 0.033470 0.046870 0.049530 0.039770 
0.088610 0.033620 0.036890 0.080480 0.085360 
0.014750 0.040430 0.050680 0.038260 0.040900 
0.069580 0.058540 0.064720 0.010490 0.029920 
7
0.629163 0.015889 0.046210 
0.329913 0.967536 0.462022 
0.040924 0.016576 0.491768 
0.082722 0.018481 0.057889 0.065393 0.040863 
0.078692 0.021268 0.050361 0.058822 0.088236 
0.022106 0.043874 0.049644 0.038157 0.050759 
0.062886 0.056321 0.063399 0.015075 0.035054 
0.087130 0.033470 0.046870 0.049530 0.039770 
0.088610 0.033620 0.036890 0.080480 0.085360 
0.014750 0.040430 0.050680 0.038260 0.040900 
0.069580 0.058540 0.064720 0.010490 0.029920 
8
0.629163 0.015889 0.046210 
0.329913 0.967536 0.462022 
0.040924 0.016576 0.491768 
0.080243 0.018170 0.056525 0.064270 0.038076 
0.082160 0.021670 0.055760 0.058408 0.086545 
0.021601 0.043512 0.050405 0.037881 0.049454 
0.062794 0.055928 0.068198 0.015024 0.033376 
0.087130 0.033470 0.046870 0.049530 0.039770 
0.088610 0.033620 0.036890 0.080480 0.085360 
0.014750 0.040430 0.050680 0.038260 0.040900 
0.069580 0.058540 0.064720 0.010490 0.029920 
9
0.629163 0.015889 0.046210 
0.329913 0.967536 0.462022 
0.040924 0.016576 0.491768 
0.079028 0.018028 0.055924 0.063003 0.039514 
0.077754 0.024665 0.059024 0.057767 0.088257 
0.021510 0.042943 0.051572 0.036008 0.048611 
0.062191 0.055648 0.070815 0.014301 0.033439 
0.087130 0.033470 0.046870 0.049530 0.039770 
0.088610 0.033620 0.036890 0.080480 0.085360 
0.014750 0.040430 0.050680 0.038260 0.040900 
0.069580 0.058540 0.064720 0.010490 0.029920 
10
0.629163 0.015889 0.046210 
0.329913 0.967536 0.462022 
0.040924 0.016576 0.491768 
0.080243 0.018170 0.056525 0.064270 0.038076 
0.082160 0.021670 0.055760 0.058408 0.086545 
0.021601 0.043512 0.050405 0.037881 0.049454 
0.062794 0.055928 0.068198 0.015024 0.033376 
0.087130 0.033470 0.046870 0.049530 0.039770 
0.088610 0.033620 0.036890 0.080480 0.085360 
0.014750 0.040430 0.050680 0.038260 0.040900 
0.069580 0.058540 0.064720 0.010490 0.029920 
11
0.629163 0.015889 0.046210 
0.329913 0.967536 0.462022 
0.040924 0.016576 0.491768 
0.080243 0.018170 0.056525 0.064270 0.038076 
0.082160 0.021670 0.055760 0.058408 0.086545 
0.021601 0.043512 0.050405 0.037881 0.049454 
0.062794 0.055928 0.068198 0.015024 0.033376 
0.087130 0.033470 0.046870 0.049530 0.039770 
0.088610 0.033620 0.036890 0.080480 0.085360 
0.014750 0.040430 0.050680 0.038260 0.040900 
0.069580 0.058540 0.064720 0.010490 0.029920 
12
0.629163 0.015889 0.046210 
0.329913 0.967536 0.462022 
0.040924 0.016576 0.491768 
0.077081 0.016877 0.054173 0.061982 0.044956 
0.070927 0.024968 0.062467 0.056018 0.093421 
0.022702 0.041771 0.047232 0.036736 0.048860 
0.059996 0.054218 0.073647 0.015896 0.036070 
0.087130 0.033470 0.046870 0.049530 0.039770 
0.088610 0.033620 0.036890 0.080480 0.085360 
0.014750 0.040430 0.050680 0.038260 0.040900 
0.069580 0.058540 0.064720 0.010490 0.029920 
13
0.629163 0.015889 0.046210 
0.329913 0.967536 0.462022 
0.040924 0.016576 0.491768 
0.080243 0.018170 0.056525 0.064270 0.038076 
0.082160 0.021670 0.055760 0.058408 0.086545 
0.021601 0.043512 0.050405 0.037881 0.049454 
0.062794 0.055928 0.068198 0.015024 0.033376 
0.087130 0.033470 0.046870 0.049530 0.039770 
0.088610 0.033620 0.036890 0.080480 0.085360 
0.014750 0.040430 0.050680 0.038260 0.040900 
0.069580 0.058540 0.064720 0.010490 0.029920 
14
0.628657 0.015889 0.046210 
0.330419 0.967536 0.462022 
0.040945 0.016573 0.491768 
0.066660 0.007646 0.047286 0.044893 0.026454 
0.062359 0.018075 0.036349 0.047904 0.055553 
0.013353 0.038150 0.279977 0.030358 0.037506 
0.055824 0.046494 0.049457 0.009832 0.025873 
0.087130 0.033470 0.046870 0.049530 0.039770 
0.088610 0.033620 0.036890 0.080480 0.085360 
0.014750 0.040430 0.050680 0.038260 0.040900 
0.069580 0.058540 0.064720 0.010490 0.029920 
15
0.628471 0.015886 0.046210 
0.330584 0.967541 0.462022 
0.040965 0.016570 0.491768 
0.073964 0.006728 0.051221 0.061727 0.023956 
0.052421 0.021261 0.035976 0.067946 0.058586 
0.016795 0.044859 0.031614 0.042905 0.225852 
0.051491 0.047324 0.046222 0.010958 0.028192 
0.087130 0.033470 0.046870 0.049530 0.039770 
0.088610 0.033620 0.036890 0.080480 0.085360 
0.014750 0.040430 0.050680 0.038260 0.040900 
0.069580 0.058540 0.064720 0.010490 0.029920 
16
0.626268 0.015883 0.046210 
0.332767 0.967547 0.462022 
0.041069 0.016556 0.491768 
0.067665 0.007336 0.048287 0.046828 0.026024 
0.061191 0.018296 0.036046 0.052180 0.054909 
0.013283 0.043378 0.265569 0.032023 0.039301 
0.054970 0.047892 0.049100 0.009814 0.025909 
0.087130 0.033470 0.046870 0.049530 0.039770 
0.088610 0.033620 0.036890 0.080480 0.085360 
0.014750 0.040430 0.050680 0.038260 0.040900 
0.069580 0.058540 0.064720 0.010490 0.029920 
17
0.627850 0.015869 0.046210 
0.331081 0.967575 0.462022 
0.041069 0.016556 0.491768 
0.070033 0.010102 0.032560 0.036671 0.055191 
0.049143 0.019807 0.049968 0.034171 0.081292 
0.021085 0.029807 0.024455 0.025384 0.033473 
0.041700 0.038976 0.060014 0.237793 0.048374 
0.087130 0.033470 0.046870 0.049530 0.039770 
0.088610 0.033620 0.036890 0.080480 0.085360 
0.014750 0.040430 0.050680 0.038260 0.040900 
0.069580 0.058540 0.064720 0.010490 0.029920 
18
0.627345 0.015869 0.046210 
0.331586 0.967575 0.462022 
0.041090 0.016553 0.491768 
0.081509 0.008967 0.047004 0.041681 0.026716 
0.309199 0.018740 0.035644 0.040591 0.049871 
0.015727 0.043533 0.033290 0.027981 0.033762 
0.057858 0.045411 0.044824 0.010498 0.027196 
0.087130 0.033470 0.046870 0.049530 0.039770 
0.088610 0.033620 0.036890 0.080480 0.085360 
0.014750 0.040430 0.050680 0.038260 0.040900 
0.069580 0.058540 0.064720 0.010490 0.029920 
19
0.544128 0.015867 0.046210 
0.414782 0.967581 0.462022 
0.044835 0.016093 0.491768 
0.064362 0.007177 0.110594 0.056533 0.023919 
0.071152 0.022685 0.027995 0.054051 0.045646 
0.013663 0.192931 0.034147 0.036624 0.042322 
0.068060 0.055213 0.036884 0.010125 0.025919 
0.087130 0.033470 0.046870 0.049530 0.039770 
0.088610 0.033620 0.036890 0.080480 0.085360 
0.014750 0.040430 0.050680 0.038260 0.040900 
0.069580 0.058540 0.064720 0.010490 0.029920 
20
0.563498 0.015426 0.046210 
0.391668 0.968481 0.462022 
0.046232 0.015946 0.491768 
0.072364 0.009351 0.042684 0.045541 0.030257 
0.050061 0.017956 0.048119 0.045158 0.067240 
0.023333 0.037147 0.029389 0.033040 0.036752 
0.069601 0.241459 0.062128 0.010178 0.028241 
0.087130 0.033470 0.046870 0.049530 0.039770 
0.088610 0.033620 0.036890 0.080480 0.085360 
0.014750 0.040430 0.050680 0.038260 0.040900 
0.069580 0.058540 0.064720 0.010490 0.029920 
21
0.570728 0.015285 0.046210 
0.383039 0.968769 0.462022 
0.046715 0.015898 0.491768 
0.072750 0.005596 0.054187 0.067184 0.019715 
0.048193 0.020254 0.030606 0.255598 0.051077 
0.014748 0.041838 0.033433 0.047905 0.057515 
0.052376 0.053609 0.040614 0.008868 0.023934 
0.087130 0.033470 0.046870 0.049530 0.039770 
0.088610 0.033620 0.036890 0.080480 0.085360 
0.014750 0.040430 0.050680 0.038260 0.040900 
0.069580 0.058540 0.064720 0.010490 0.029920 
22
0.548893 0.015239 0.046210 
0.404392 0.968863 0.462022 
0.048050 0.015771 0.491768 
0.074303 0.005768 0.070687 0.232337 0.022006 
0.049372 0.020070 0.028919 0.067967 0.049422 
0.014467 0.042423 0.029649 0.048001 0.049866 
0.057086 0.062804 0.040675 0.009496 0.024684 
0.087130 0.033470 0.046870 0.049530 0.039770 
0.088610 0.033620 0.036890 0.080480 0.085360 
0.014750 0.040430 0.050680 0.038260 0.040900 
0.069580 0.058540 0.064720 0.010490 0.029920 
23
0.538113 0.015118 0.046210 
0.413837 0.969111 0.462022 
0.049357 0.015656 0.491768 
0.244888 0.010879 0.042857 0.050372 0.030570 
0.061075 0.018109 0.048333 0.051919 0.073924 
0.019926 0.034778 0.028988 0.035526 0.040962 
0.053184 0.049957 0.064928 0.010397 0.028430 
0.087130 0.033470 0.046870 0.049530 0.039770 
0.088610 0.033620 0.036890 0.080480 0.085360 
0.014750 0.040430 0.050680 0.038260 0.040900 
0.069580 0.058540 0.064720 0.010490 0.029920 
24
0.521049 0.015007 0.046210 
0.429594 0.969337 0.462022 
0.050973 0.015523 0.491768 
0.075453 0.008271 0.055903 0.055370 0.025205 
0.064804 0.020381 0.032459 0.056487 0.049175 
0.014422 0.054155 0.035156 0.037056 0.041794 
0.221282 0.069238 0.046115 0.010008 0.027267 
0.087130 0.033470 0.046870 0.049530 0.039770 
0.088610 0.033620 0.036890 0.080480 0.085360 
0.014750 0.040430 0.050680 0.038260 0.040900 
0.069580 0.058540 0.064720 0.010490 0.029920 
25
0.525477 0.014880 0.046210 
0.423550 0.969596 0.462022 
0.051625 0.015473 0.491768 
0.076942 0.009864 0.038737 0.045221 0.036269 
0.051254 0.019516 0.060469 0.060782 0.090323 
0.174835 0.032502 0.024566 0.033167 0.043808 
0.042453 0.044279 0.069496 0.013100 0.032417 
0.087130 0.033470 0.046870 0.049530 0.039770 
0.088610 0.033620 0.036890 0.080480 0.085360 
0.014750 0.040430 0.050680 0.038260 0.040900 
0.069580 0.058540 0.064720 0.010490 0.029920 
26
0.532197 0.014832 0.046210 
0.416178 0.969695 0.462022 
0.051625 0.015473 0.491768 
0.082746 0.006231 0.048319 0.049018 0.024091 
0.055963 0.017300 0.034911 0.075765 0.053268 
0.012343 0.040255 0.238069 0.034007 0.041833 
0.056227 0.048117 0.047953 0.009130 0.024454 
0.087130 0.033470 0.046870 0.049530 0.039770 
0.088610 0.033620 0.036890 0.080480 0.085360 
0.014750 0.040430 0.050680 0.038260 0.040900 
0.069580 0.058540 0.064720 0.010490 0.029920 
27
0.516242 0.014832 0.046210 
0.432133 0.969695 0.462022 
0.052462 0.015410 0.491768 
0.075297 0.006041 0.051652 0.064274 0.022543 
0.047224 0.019546 0.037298 0.225014 0.084927 
0.017522 0.039114 0.032206 0.043947 0.057216 
0.049494 0.045114 0.046498 0.009606 0.025467 
0.087130 0.033470 0.046870 0.049530 0.039770 
0.088610 0.033620 0.036890 0.080480 0.085360 
0.014750 0.040430 0.050680 0.038260 0.040900 
0.069580 0.058540 0.064720 0.010490 0.029920 
28
0.523804 0.014772 0.046210 
0.423734 0.969818 0.462022 
0.052504 0.015407 0.491768 
0.074722 0.011290 0.028194 0.032012 0.041953 
0.043242 0.016450 0.072729 0.033314 0.315378 
0.026488 0.026376 0.022891 0.024580 0.030695 
0.035565 0.037741 0.082775 0.012743 0.030864 
0.087130 0.033470 0.046870 0.049530 0.039770 
0.088610 0.033620 0.036890 0.080480 0.085360 
0.014750 0.040430 0.050680 0.038260 0.040900 
0.069580 0.058540 0.064720 0.010490 0.029920 
29
0.508640 0.014769 0.046210 
0.438856 0.969824 0.462022 
0.053336 0.015348 0.491768 
0.215924 0.010989 0.044632 0.051946 0.031756 
0.063987 0.018965 0.050642 0.051036 0.082308 
0.020545 0.039613 0.030048 0.039397 0.042158 
0.053687 0.046306 0.065235 0.010954 0.029871 
0.087130 0.033470 0.046870 0.049530 0.039770 
0.088610 0.033620 0.036890 0.080480 0.085360 
0.014750 0.040430 0.050680 0.038260 0.040900 
0.069580 0.058540 0.064720 0.010490 0.029920 
30
0.477717 0.014712 0.046210 
0.468948 0.969941 0.462022 
0.055499 0.015203 0.491768 
0.072845 0.005944 0.050714 0.063725 0.021891 
0.047743 0.020908 0.033942 0.083885 0.056787 
0.016679 0.040592 0.030312 0.044848 0.231098 
0.050982 0.046627 0.043396 0.010312 0.026773 
0.087130 0.033470 0.046870 0.049530 0.039770 
0.088610 0.033620 0.036890 0.080480 0.085360 
0.014750 0.040430 0.050680 0.038260 0.040900 
0.069580 0.058540 0.064720 0.010490 0.029920 
31
0.497092 0.014573 0.046210 
0.447409 0.970224 0.462022 
0.055499 0.015203 0.491768 
0.074621 0.007739 0.072219 0.062868 0.024222 
0.065908 0.021187 0.030763 0.057017 0.047524 
0.014164 0.051844 0.035950 0.038909 0.049917 
0.199287 0.065404 0.043423 0.010105 0.026930 
0.087130 0.033470 0.046870 0.049530 0.039770 
0.088610 0.033620 0.036890 0.080480 0.085360 
0.014750 0.040430 0.050680 0.038260 0.040900 
0.069580 0.058540 0.064720 0.010490 0.029920 
32
0.497092 0.014573 0.046210 
0.447409 0.970224 0.462022 
0.055499 0.015203 0.491768 
0.067002 0.005620 0.270880 0.077487 0.019483 
0.054326 0.019579 0.025559 0.061509 0.042561 
0.012637 0.056897 0.030074 0.041177 0.048126 
0.056641 0.045593 0.034857 0.008153 0.021840 
0.087130 0.033470 0.046870 0.049530 0.039770 
0.088610 0.033620 0.036890 0.080480 0.085360 
0.014750 0.040430 0.050680 0.038260 0.040900 
0.069580 0.058540 0.064720 0.010490 0.029920 
33
0.497092 0.014573 0.046210 
0.447409 0.970224 0.462022 
0.055499 0.015203 0.491768 
0.052189 0.008787 0.025630 0.029818 0.059532 
0.039841 0.017402 0.043460 0.027452 0.076076 
0.019477 0.024238 0.019470 0.020380 0.028763 
0.033250 0.030848 0.052324 0.325577 0.065485 
0.087130 0.033470 0.046870 0.049530 0.039770 
0.088610 0.033620 0.036890 0.080480 0.085360 
0.014750 0.040430 0.050680 0.038260 0.040900 
0.069580 0.058540 0.064720 0.010490 0.029920 
34
0.497092 0.014573 0.046210 
0.447409 0.970224 0.462022 
0.055499 0.015368 0.491594 
0.064716 0.009189 0.031958 0.035573 0.060430 
0.045860 0.021290 0.046140 0.035147 0.071717 
0.018763 0.028795 0.023592 0.026232 0.034875 
0.040987 0.039524 0.058499 0.019009 0.287704 
0.087130 0.033470 0.046870 0.049530 0.039770 
0.088610 0.033620 0.036890 0.080480 0.085360 
0.014750 0.040430 0.050680 0.038260 0.040900 
0.069580 0.058540 0.064720 0.010490 0.029920 
35
0.497092 0.014573 0.046194 
0.447409 0.970059 0.462212 
0.055499 0.024316 0.482330 
0.068380 0.005872 0.294174 0.073909 0.019777 
0.055098 0.019116 0.025605 0.054691 0.043201 
0.012450 0.054342 0.029731 0.038658 0.040678 
0.054940 0.044472 0.035184 0.008052 0.021670 
0.087129 0.033475 0.046869 0.049529 0.039769 
0.088609 0.033619 0.036890 0.080479 0.085361 
0.014750 0.040429 0.050679 0.038259 0.040899 
0.069579 0.058539 0.064722 0.010490 0.029924 
36
0.463883 0.014573 0.045323 
0.480618 0.961111 0.472347 
0.057405 0.015086 0.491768 
0.077208 0.012577 0.023694 0.026720 0.048256 
0.035805 0.014978 0.093538 0.027796 0.292496 
0.034354 0.021203 0.021047 0.021794 0.027212 
0.031160 0.045724 0.098048 0.013548 0.032842 
0.087130 0.033470 0.046870 0.049530 0.039770 
0.088610 0.033620 0.036890 0.080480 0.085360 
0.014750 0.040430 0.050680 0.038260 0.040900 
0.069580 0.058540 0.064720 0.010490 0.029920 
37
0.479817 0.014461 0.046210 
0.462778 0.970452 0.462022 
0.057405 0.015402 0.491432 
0.253439 0.011731 0.040123 0.046691 0.031201 
0.061464 0.017273 0.048831 0.045387 0.073625 
0.020315 0.031566 0.027667 0.032113 0.037847 
0.056866 0.058325 0.067025 0.010238 0.028273 
0.087130 0.033470 0.046870 0.049530 0.039770 
0.088610 0.033620 0.036890 0.080480 0.085360 
0.014750 0.040430 0.050680 0.038260 0.040900 
0.069580 0.058541 0.064720 0.010490 0.029920 
38
0.479817 0.014461 0.046179 
0.462778 0.970136 0.462389 
0.057405 0.015086 0.491768 
0.068341 0.006324 0.047480 0.057736 0.022039 
0.047923 0.019864 0.033257 0.063964 0.055278 
0.015668 0.037903 0.029387 0.040388 0.282169 
0.047820 0.045557 0.043203 0.009967 0.025731 
0.087130 0.033470 0.046870 0.049530 0.039770 
0.088610 0.033620 0.036890 0.080480 0.085360 
0.014750 0.040430 0.050680 0.038260 0.040900 
0.069580 0.058540 0.064720 0.010490 0.029920 
39
0.479817 0.014461 0.046210 
0.462778 0.970452 0.462022 
0.057405 0.015086 0.491768 
0.062898 0.005735 0.289366 0.071835 0.019374 
0.064314 0.019038 0.024533 0.053537 0.040432 
0.011940 0.062409 0.029824 0.038134 0.039876 
0.056443 0.047451 0.033672 0.007911 0.021277 
0.087130 0.033470 0.046870 0.049530 0.039770 
0.088610 0.033620 0.036890 0.080480 0.085360 
0.014750 0.040430 0.050680 0.038260 0.040900 
0.069580 0.058540 0.064720 0.010490 0.029920 
40
0.479817 0.014461 0.046210 
0.462778 0.970452 0.462022 
0.057405 0.015086 0.491768 
0.076126 0.010540 0.037965 0.039961 0.035838 
0.049429 0.017543 0.059348 0.039229 0.107450 
0.024494 0.033147 0.028806 0.029169 0.033364 
0.059323 0.200327 0.076143 0.011274 0.030523 
0.087130 0.033470 0.046870 0.049530 0.039770 
0.088610 0.033620 0.036890 0.080480 0.085360 
0.014750 0.040430 0.050680 0.038260 0.040900 
0.069580 0.058540 0.064720 0.010490 0.029920 
41
0.479817 0.014461 0.046210 
0.462778 0.970452 0.462022 
0.057405 0.015086 0.491768 
0.065037 0.007200 0.096137 0.054543 0.023551 
0.077172 0.022737 0.027187 0.052957 0.044694 
0.013349 0.216718 0.033948 0.035818 0.041795 
0.066347 0.048775 0.036296 0.010034 0.025705 
0.087130 0.033470 0.046870 0.049530 0.039770 
0.088610 0.033620 0.036890 0.080480 0.085360 
0.014750 0.040430 0.050680 0.038260 0.040900 
0.069580 0.058540 0.064720 0.010490 0.029920 
42
0.479817 0.014461 0.046210 
0.462778 0.970452 0.462022 
0.057405 0.015086 0.491768 
0.036594 0.007393 0.018401 0.021511 0.044283 
0.028720 0.011173 0.032324 0.020206 0.063864 
0.015466 0.015891 0.014667 0.014289 0.021796 
0.023082 0.022026 0.039914 0.511373 0.037027 
0.087130 0.033470 0.046870 0.049530 0.039770 
0.088610 0.033620 0.036890 0.080480 0.085360 
0.014750 0.040430 0.050680 0.038260 0.040900 
0.069580 0.058540 0.064720 0.010490 0.029920 
43
0.479817 0.014461 0.046210 
0.462778 0.970452 0.462022 
0.057405 0.015086 0.491768 
0.088820 0.008434 0.062258 0.064187 0.025417 
0.065728 0.020261 0.032314 0.051813 0.048596 
0.014415 0.049303 0.035024 0.037010 0.040527 
0.195875 0.076675 0.046216 0.010032 0.027096 
0.087130 0.033470 0.046870 0.049530 0.039770 
0.088610 0.033620 0.036890 0.080480 0.085360 
0.014750 0.040430 0.050680 0.038260 0.040900 
0.069580 0.058540 0.064720 0.010490 0.029920 
44
0.479817 0.014461 0.046210 
0.462778 0.970452 0.462022 
0.057405 0.015086 0.491768 
0.068888 0.011860 0.026276 0.028537 0.232154 
0.043192 0.018259 0.068742 0.025508 0.114164 
0.024627 0.024873 0.026384 0.021447 0.024847 
0.036554 0.040707 0.079414 0.021391 0.062175 
0.087130 0.033470 0.046870 0.049530 0.039770 
0.088610 0.033620 0.036890 0.080480 0.085360 
0.014750 0.040430 0.050680 0.038260 0.040900 
0.069580 0.058540 0.064720 0.010490 0.029920 
45
0.479817 0.014461 0.046210 
0.462778 0.970452 0.462022 
0.057405 0.015086 0.491768 
0.082098 0.008969 0.048393 0.042393 0.026425 
0.283263 0.018862 0.034604 0.041247 0.048050 
0.015664 0.045748 0.032051 0.028394 0.033612 
0.081473 0.047601 0.043525 0.010461 0.027170 
0.087130 0.033470 0.046870 0.049530 0.039770 
0.088610 0.033620 0.036890 0.080480 0.085360 
0.014750 0.040430 0.050680 0.038260 0.040900 
0.069580 0.058540 0.064720 0.010490 0.029920 
46
0.479817 0.014461 0.046210 
0.462778 0.970452 0.462022 
0.057405 0.015086 0.491768 
0.054522 0.008599 0.027337 0.030389 0.066842 
0.039837 0.019579 0.043895 0.030076 0.068972 
0.017435 0.024586 0.020740 0.022609 0.028501 
0.035966 0.035016 0.054663 0.018513 0.351923 
0.087130 0.033470 0.046870 0.049530 0.039770 
0.088610 0.033620 0.036890 0.080480 0.085360 
0.014750 0.040430 0.050680 0.038260 0.040900 
0.069580 0.058540 0.064720 0.010490 0.029920 
47
0.479817 0.014461 0.046210 
0.462778 0.970452 0.462022 
0.057405 0.015086 0.491768 
0.075332 0.012329 0.026196 0.029374 0.038759 
0.038150 0.014278 0.097371 0.031144 0.098431 
0.023126 0.022419 0.023123 0.025918 0.028945 
0.036668 0.041649 0.296906 0.010669 0.029213 
0.087130 0.033470 0.046870 0.049530 0.039770 
0.088610 0.033620 0.036890 0.080480 0.085360 
0.014750 0.040430 0.050680 0.038260 0.040900 
0.069580 0.058540 0.064720 0.010490 0.029920 
48
0.479817 0.014461 0.046210 
0.462778 0.970452 0.462022 
0.057405 0.015086 0.491768 
0.073165 0.008087 0.070556 0.055281 0.024334 
0.065761 0.020502 0.030592 0.051528 0.046214 
0.013660 0.050396 0.039004 0.036062 0.040030 
0.223168 0.071688 0.043940 0.009742 0.026290 
0.087130 0.033470 0.046870 0.049530 0.039770 
0.088610 0.033620 0.036890 0.080480 0.085360 
0.014750 0.040430 0.050680 0.038260 0.040900 
0.069580 0.058540 0.064720 0.010490 0.029920 
49
0.479817 0.014461 0.046210 
0.462778 0.970452 0.462022 
0.057405 0.015086 0.491768 
0.073550 0.005591 0.070477 0.252775 0.021111 
0.048159 0.020172 0.028300 0.067999 0.049202 
0.015577 0.040557 0.030435 0.048673 0.054664 
0.054145 0.046489 0.038518 0.009385 0.024222 
0.087130 0.033470 0.046870 0.049530 0.039770 
0.088610 0.033620 0.036890 0.080480 0.085360 
0.014750 0.040430 0.050680 0.038260 0.040900 
0.069580 0.058540 0.064720 0.010490 0.029920 
50
0.479817 0.014461 0.046210 
0.462778 0.970452 0.462022 
0.057405 0.015086 0.491768 
0.078720 0.006011 0.077864 0.084669 0.021792 
0.050813 0.021035 0.030045 0.073645 0.050871 
0.014960 0.042983 0.030388 0.181612 0.052669 
0.059414 0.048474 0.039576 0.009389 0.025071 
0.087130 0.033470 0.046870 0.049530 0.039770 
0.088610 0.033620 0.036890 0.080480 0.085360 
0.014750 0.040430 0.050680 0.038260 0.040900 
0.069580 0.058540 0.064720 0.010490 0.029920 
51
0.479817 0.014461 0.046210 
0.462778 0.970452 0.462022 
0.057405 0.015086 0.491768 
0.068538 0.005496 0.231206 0.101000 0.020252 
0.054779 0.019919 0.026234 0.066402 0.043913 
0.013079 0.057221 0.030596 0.044280 0.044855 
0.058379 0.046196 0.036738 0.008474 0.022445 
0.087130 0.033470 0.046870 0.049530 0.039770 
0.088610 0.033620 0.036890 0.080480 0.085360 
0.014750 0.040430 0.050680 0.038260 0.040900 
0.069580 0.058540 0.064720 0.010490 0.029920 
52
0.479817 0.014461 0.046210 
0.462778 0.970452 0.462022 
0.057405 0.015086 0.491768 
0.088942 0.013585 0.018588 0.020157 0.042392 
0.033162 0.011899 0.126444 0.021737 0.115585 
0.025003 0.016627 0.019520 0.016581 0.020864 
0.030615 0.038176 0.301399 0.010330 0.028394 
0.087130 0.033470 0.046870 0.049530 0.039770 
0.088610 0.033620 0.036890 0.080480 0.085360 
0.014750 0.040430 0.050680 0.038260 0.040900 
0.069580 0.058540 0.064720 0.010490 0.029920 
53
0.479817 0.014461 0.046210 
0.462778 0.970452 0.462022 
0.057405 0.015086 0.491768 
0.058239 0.010891 0.021723 0.024593 0.328948 
0.035330 0.015290 0.062372 0.022209 0.095841 
0.022388 0.020178 0.018953 0.018547 0.020666 
0.031349 0.033133 0.070225 0.021670 0.067455 
0.087130 0.033470 0.046870 0.049530 0.039770 
0.088610 0.033620 0.036890 0.080480 0.085360 
0.014750 0.040430 0.050680 0.038260 0.040900 
0.069580 0.058540 0.064720 0.010490 0.029920 
54
0.479817 0.014461 0.046210 
0.462778 0.970452 0.462022 
0.057405 0.022637 0.483863 
0.056014 0.006237 0.040187 0.036955 0.021438 
0.053129 0.014767 0.028646 0.041183 0.046130 
0.009984 0.031194 0.402712 0.024893 0.031337 
0.046629 0.039116 0.040650 0.007810 0.020988 
0.087129 0.033470 0.046869 0.049529 0.039770 
0.088609 0.033620 0.036890 0.080479 0.085359 
0.014750 0.040429 0.050679 0.038259 0.040899 
0.069579 0.058539 0.064719 0.010490 0.029932 
55
0.479817 0.072366 0.045468 
0.462778 0.904997 0.470670 
0.045575 0.016014 0.491768 
0.078676 0.005579 0.071622 0.247941 0.021225 
0.047899 0.024330 0.027609 0.067541 0.048506 
0.014098 0.040687 0.028899 0.053837 0.050466 
0.054144 0.045851 0.037400 0.009306 0.024385 
0.087130 0.033470 0.046870 0.049530 0.039770 
0.088610 0.033620 0.036890 0.080480 0.085360 
0.014750 0.040430 0.050680 0.038260 0.040900 
0.069580 0.058540 0.064720 0.010490 0.029920 
56
0.586461 0.016684 0.046210 
0.367964 0.967302 0.462022 
0.045397 0.016032 0.491768 
0.072554 0.005245 0.091189 0.264432 0.019527 
0.046604 0.018999 0.025647 0.065140 0.044987 
0.013349 0.039739 0.027592 0.048593 0.048189 
0.056892 0.044803 0.035398 0.008600 0.022520 
0.087130 0.033470 0.046870 0.049530 0.039770 
0.088610 0.033620 0.036890 0.080480 0.085360 
0.014750 0.040430 0.050680 0.038260 0.040900 
0.069580 0.058540 0.064720 0.010490 0.029920 
57
0.383905 0.037351 0.046210 
0.570698 0.946617 0.462022 
0.052264 0.015425 0.491768 
0.079441 0.012516 0.025210 0.028555 0.050610 
0.038623 0.016374 0.084375 0.029508 0.273655 
0.031797 0.022762 0.022181 0.022681 0.030273 
0.032705 0.037148 0.094601 0.017331 0.049653 
0.087130 0.033470 0.046870 0.049530 0.039770 
0.088610 0.033620 0.036890 0.080480 0.085360 
0.014750 0.040430 0.050680 0.038260 0.040900 
0.069580 0.058540 0.064720 0.010490 0.029920 
58
0.521273 0.015106 0.046210 
0.426463 0.969470 0.462022 
0.052466 0.015410 0.491768 
0.073678 0.007717 0.064282 0.071697 0.025153 
0.063207 0.020550 0.030521 0.056374 0.046246 
0.013823 0.050614 0.034921 0.038181 0.042048 
0.211938 0.069693 0.043059 0.009862 0.026436 
0.087130 0.033470 0.046870 0.049530 0.039770 
0.088610 0.033620 0.036890 0.080480 0.085360 
0.014750 0.040430 0.050680 0.038260 0.040900 
0.069580 0.058540 0.064720 0.010490 0.029920 
59
0.439819 0.014771 0.046210 
0.507715 0.969819 0.462022 
0.057325 0.015091 0.491768 
0.075107 0.007574 0.046702 0.043680 0.023463 
0.330422 0.018193 0.032672 0.050500 0.044664 
0.015110 0.044213 0.030452 0.029647 0.036973 
0.054846 0.042312 0.038540 0.009723 0.025205 
0.087130 0.033470 0.046870 0.049530 0.039770 
0.088610 0.033620 0.036890 0.080480 0.085360 
0.014750 0.040430 0.050680 0.038260 0.040900 
0.069580 0.058540 0.064720 0.010490 0.029920 
60
0.479145 0.022018 0.046210 
0.463530 0.962890 0.462022 
0.055526 0.015201 0.491768 
0.079306 0.009635 0.046258 0.048992 0.036958 
0.056297 0.019208 0.045642 0.044224 0.059599 
0.017177 0.040328 0.033008 0.032727 0.036454 
0.088576 0.201432 0.060939 0.010728 0.032515 
0.087130 0.033470 0.046870 0.049530 0.039770 
0.088610 0.033620 0.036890 0.080480 0.085360 
0.014750 0.040430 0.050680 0.038260 0.040900 
0.069580 0.058540 0.064720 0.010490 0.029920 
61
0.496847 0.014571 0.046210 
0.447627 0.970228 0.462022 
0.055526 0.015201 0.491768 
0.077850 0.008282 0.051305 0.063174 0.030956 
0.264827 0.020181 0.036273 0.047648 0.049697 
0.016586 0.047115 0.032598 0.031539 0.037176 
0.057931 0.044442 0.042702 0.011268 0.028448 
0.087130 0.033470 0.046870 0.049530 0.039770 
0.088610 0.033620 0.036890 0.080480 0.085360 
0.014750 0.040430 0.050680 0.038260 0.040900 
0.069580 0.058540 0.064720 0.010490 0.029920 
62
0.496847 0.014729 0.046210 
0.447627 0.970070 0.462022 
0.055488 0.015204 0.491768 
0.073746 0.006496 0.059881 0.059178 0.023474 
0.105479 0.020867 0.034193 0.064228 0.054316 
0.016160 0.041323 0.031372 0.040335 0.192893 
0.051116 0.044252 0.042743 0.010653 0.027292 
0.087130 0.033470 0.046870 0.049530 0.039770 
0.088610 0.033620 0.036890 0.080480 0.085360 
0.014750 0.040430 0.050680 0.038260 0.040900 
0.069580 0.058540 0.064720 0.010490 0.029920 
63
0.463794 0.014574 0.046210 
0.480717 0.970223 0.462022 
0.057405 0.015086 0.491768 
0.068506 0.013759 0.015631 0.016357 0.044125 
0.029863 0.011058 0.185027 0.018645 0.118813 
0.025614 0.014301 0.017969 0.014192 0.018393 
0.025857 0.035497 0.288198 0.010190 0.028005 
0.087130 0.033470 0.046870 0.049530 0.039770 
0.088610 0.033620 0.036890 0.080480 0.085360 
0.014750 0.040430 0.050680 0.038260 0.040900 
0.069580 0.058540 0.064720 0.010490 0.029920 
64
0.479817 0.014619 0.046210 
0.462778 0.970295 0.462022 
0.057365 0.015089 0.491768 
0.068982 0.007102 0.049576 0.048832 0.025595 
0.059290 0.021361 0.036209 0.069378 0.054262 
0.012981 0.042321 0.234706 0.034238 0.042238 
0.058562 0.049624 0.048891 0.009806 0.026047 
0.087130 0.033470 0.046870 0.049530 0.039770 
0.088610 0.033620 0.036890 0.080480 0.085360 
0.014750 0.040430 0.050680 0.038260 0.040900 
0.069580 0.058540 0.064720 0.010490 0.029920 
65
0.480184 0.014463 0.046210 
0.462452 0.970448 0.462022 
0.057365 0.015089 0.491768 
0.217777 0.013380 0.036940 0.040945 0.036159 
0.076933 0.017232 0.070204 0.039700 0.084906 
0.023893 0.029718 0.027730 0.028860 0.035102 
0.052234 0.046518 0.079217 0.011429 0.031123 
0.087130 0.033470 0.046870 0.049530 0.039770 
0.088610 0.033620 0.036890 0.080480 0.085360 
0.014750 0.040430 0.050680 0.038260 0.040900 
0.069580 0.058540 0.064720 0.010490 0.029920 
66
0.479479 0.014463 0.046210 
0.463156 0.970448 0.462022 
0.057405 0.015086 0.491768 
0.071881 0.005586 0.069269 0.262642 0.021132 
0.047761 0.022477 0.027476 0.064969 0.047743 
0.013924 0.039712 0.028476 0.047227 0.048727 
0.053658 0.056748 0.037695 0.009135 0.023763 
0.087130 0.033470 0.046870 0.049530 0.039770 
0.088610 0.033620 0.036890 0.080480 0.085360 
0.014750 0.040430 0.050680 0.038260 0.040900 
0.069580 0.058540 0.064720 0.010490 0.029920 
67
0.479817 0.014461 0.046210 
0.462778 0.970452 0.462022 
0.057405 0.015086 0.491768 
0.086287 0.008001 0.071453 0.052391 0.025550 
0.267877 0.019695 0.033661 0.044927 0.046727 
0.015659 0.049078 0.032351 0.030807 0.035912 
0.059152 0.043522 0.039660 0.010527 0.026761 
0.087130 0.033470 0.046870 0.049530 0.039770 
0.088610 0.033620 0.036890 0.080480 0.085360 
0.014750 0.040430 0.050680 0.038260 0.040900 
0.069580 0.058540 0.064720 0.010490 0.029920 
68
0.479817 0.014461 0.046210 
0.462778 0.970452 0.462022 
0.057405 0.015086 0.491768 
0.020003 0.004955 0.010234 0.012863 0.069215 
0.015215 0.012095 0.021767 0.012523 0.045635 
0.010855 0.010593 0.009336 0.009491 0.015961 
0.016176 0.015262 0.022878 0.603233 0.061710 
0.087130 0.033470 0.046870 0.049530 0.039770 
0.088610 0.033620 0.036890 0.080480 0.085360 
0.014750 0.040430 0.050680 0.038260 0.040900 
0.069580 0.058540 0.064720 0.010490 0.029920 
69
0.479817 0.014461 0.046210 
0.462778 0.970452 0.462022 
0.057405 0.015086 0.491768 
0.084801 0.011199 0.043026 0.045200 0.041846 
0.049173 0.019890 0.068149 0.043053 0.218741 
0.025321 0.031536 0.028822 0.030804 0.039539 
0.044102 0.042992 0.079804 0.016541 0.035459 
0.087130 0.033470 0.046870 0.049530 0.039770 
0.088610 0.033620 0.036890 0.080480 0.085360 
0.014750 0.040430 0.050680 0.038260 0.040900 
0.069580 0.058540 0.064720 0.010490 0.029920 
70
0.479817 0.014461 0.046210 
0.462778 0.970452 0.462022 
0.057405 0.015086 0.491768 
0.214801 0.009437 0.050516 0.056647 0.028065 
0.077895 0.019366 0.043510 0.066088 0.065649 
0.018472 0.037233 0.031581 0.038196 0.045321 
0.054207 0.047152 0.057402 0.010346 0.028118 
0.087130 0.033470 0.046870 0.049530 0.039770 
0.088610 0.033620 0.036890 0.080480 0.085360 
0.014750 0.040430 0.050680 0.038260 0.040900 
0.069580 0.058540 0.064720 0.010490 0.029920 
71
0.479817 0.014461 0.046210 
0.462778 0.970452 0.462022 
0.057405 0.015086 0.491768 
0.037202 0.006948 0.017584 0.021714 0.049635 
0.027280 0.011421 0.033554 0.020198 0.066671 
0.016264 0.015803 0.013927 0.014473 0.022251 
0.023107 0.022083 0.041204 0.493661 0.045019 
0.087130 0.033470 0.046870 0.049530 0.039770 
0.088610 0.033620 0.036890 0.080480 0.085360 
0.014750 0.040430 0.050680 0.038260 0.040900 
0.069580 0.058540 0.064720 0.010490 0.029920 
72
0.479817 0.014461 0.046210 
0.462778 0.970452 0.462022 
0.057405 0.015086 0.491768 
0.062576 0.005181 0.284880 0.103371 0.018357 
0.052124 0.018558 0.023140 0.055735 0.039244 
0.011680 0.056078 0.028443 0.040985 0.040510 
0.055146 0.043477 0.032507 0.007593 0.020412 
0.087130 0.033470 0.046870 0.049530 0.039770 
0.088610 0.033620 0.036890 0.080480 0.085360 
0.014750 0.040430 0.050680 0.038260 0.040900 
0.069580 0.058540 0.064720 0.010490 0.029920 
73
0.479817 0.014461 0.046210 
0.462778 0.970452 0.462022 
0.057405 0.015086 0.491768 
0.069331 0.004689 0.107948 0.280823 0.018356 
0.045997 0.018069 0.022902 0.062481 0.041577 
0.012276 0.038100 0.026744 0.048936 0.045402 
0.052243 0.042609 0.032493 0.008038 0.020984 
0.087130 0.033470 0.046870 0.049530 0.039770 
0.088610 0.033620 0.036890 0.080480 0.085360 
0.014750 0.040430 0.050680 0.038260 0.040900 
0.069580 0.058540 0.064720 0.010490 0.029920 
74
0.479817 0.014461 0.046210 
0.462778 0.970452 0.462022 
0.057405 0.015086 0.491768 
0.048745 0.004929 0.029921 0.035000 0.010373 
0.031908 0.010751 0.016825 0.031776 0.028897 
0.006227 0.019776 0.574586 0.018595 0.023329 
0.041440 0.027967 0.025737 0.003351 0.009868 
0.087130 0.033470 0.046870 0.049530 0.039770 
0.088610 0.033620 0.036890 0.080480 0.085360 
0.014750 0.040430 0.050680 0.038260 0.040900 
0.069580 0.058540 0.064720 0.010490 0.029920 
75
0.479817 0.014461 0.046210 
0.462778 0.970452 0.462022 
0.057405 0.015086 0.491768 
0.058554 0.010128 0.024084 0.026674 0.122656 
0.040883 0.022178 0.052597 0.024328 0.080647 
0.020563 0.024073 0.019725 0.020455 0.026080 
0.035972 0.034928 0.064620 0.025485 0.265372 
0.087130 0.033470 0.046870 0.049530 0.039770 
0.088610 0.033620 0.036890 0.080480 0.085360 
0.014750 0.040430 0.050680 0.038260 0.040900 
0.069580 0.058540 0.064720 0.010490 0.029920 
76
0.479817 0.014461 0.046210 
0.462778 0.970452 0.462022 
0.057405 0.015086 0.491768 
0.073317 0.005260 0.053436 0.067533 0.018883 
0.046615 0.020103 0.029853 0.245681 0.050381 
0.014613 0.040798 0.031346 0.046435 0.087948 
0.050877 0.045495 0.038989 0.008819 0.023617 
0.087130 0.033470 0.046870 0.049530 0.039770 
0.088610 0.033620 0.036890 0.080480 0.085360 
0.014750 0.040430 0.050680 0.038260 0.040900 
0.069580 0.058540 0.064720 0.010490 0.029920 
77
0.479817 0.014461 0.046210 
0.462778 0.970452 0.462022 
0.057405 0.015086 0.491768 
0.069817 0.013208 0.016653 0.017934 0.047404 
0.031463 0.012321 0.234382 0.020099 0.186109 
0.031349 0.015410 0.017674 0.016158 0.020903 
0.024294 0.034307 0.148753 0.011706 0.030057 
0.087130 0.033470 0.046870 0.049530 0.039770 
0.088610 0.033620 0.036890 0.080480 0.085360 
0.014750 0.040430 0.050680 0.038260 0.040900 
0.069580 0.058540 0.064720 0.010490 0.029920 
78
0.479817 0.014461 0.046210 
0.462778 0.970452 0.462022 
0.057405 0.015086 0.491768 
0.066412 0.008264 0.043494 0.045438 0.024600 
0.049056 0.017302 0.036912 0.044649 0.050411 
0.014487 0.038113 0.029764 0.032201 0.035604 
0.093183 0.284665 0.051447 0.008793 0.025207 
0.087130 0.033470 0.046870 0.049530 0.039770 
0.088610 0.033620 0.036890 0.080480 0.085360 
0.014750 0.040430 0.050680 0.038260 0.040900 
0.069580 0.058540 0.064720 0.010490 0.029920 
79
0.479817 0.014461 0.046210 
0.462778 0.970452 0.462022 
0.057405 0.015086 0.491768 
0.065028 0.010363 0.027620 0.031285 0.082016 
0.043548 0.021609 0.056000 0.029885 0.085666 
0.026101 0.026613 0.021306 0.023638 0.029914 
0.038941 0.038279 0.068050 0.022594 0.251544 
0.087130 0.033470 0.046870 0.049530 0.039770 
0.088610 0.033620 0.036890 0.080480 0.085360 
0.014750 0.040430 0.050680 0.038260 0.040900 
0.069580 0.058540 0.064720 0.010490 0.029920 
80
0.479817 0.014461 0.046210 
0.462778 0.970452 0.462022 
0.057405 0.015086 0.491768 
0.072434 0.005981 0.073802 0.063017 0.021793 
0.050398 0.020837 0.032709 0.069041 0.053866 
0.015785 0.040803 0.035070 0.043074 0.226888 
0.050628 0.045573 0.041932 0.010098 0.026273 
0.087130 0.033470 0.046870 0.049530 0.039770 
0.088610 0.033620 0.036890 0.080480 0.085360 
0.014750 0.040430 0.050680 0.038260 0.040900 
0.069580 0.058540 0.064720 0.010490 0.029920 
81
0.479817 0.014461 0.046210 
0.462778 0.970452 0.462022 
0.057405 0.015086 0.491768 
0.085793 0.005308 0.077495 0.264996 0.020090 
0.047439 0.018897 0.026083 0.064501 0.045994 
0.013449 0.038726 0.027765 0.048258 0.047805 
0.054799 0.045021 0.036198 0.008707 0.022673 
0.087130 0.033470 0.046870 0.049530 0.039770 
0.088610 0.033620 0.036890 0.080480 0.085360 
0.014750 0.040430 0.050680 0.038260 0.040900 
0.069580 0.058540 0.064720 0.010490 0.029920 
82
0.479817 0.014461 0.046210 
0.462778 0.970452 0.462022 
0.057405 0.015086 0.491768 
0.028533 0.008820 0.015808 0.018224 0.101456 
0.018650 0.028062 0.029813 0.019004 0.055867 
0.014192 0.017772 0.013057 0.013697 0.019491 
0.023053 0.021200 0.032696 0.030345 0.490259 
0.087130 0.033470 0.046870 0.049530 0.039770 
0.088610 0.033620 0.036890 0.080480 0.085360 
0.014750 0.040430 0.050680 0.038260 0.040900 
0.069580 0.058540 0.064720 0.010490 0.029920 
83
0.479817 0.014461 0.046210 
0.462778 0.970452 0.462022 
0.057405 0.015086 0.491768 
0.073057 0.013078 0.021355 0.023619 0.041884 
0.035415 0.012889 0.106464 0.025117 0.107080 
0.024420 0.018861 0.021057 0.018693 0.023343 
0.032483 0.038591 0.318525 0.014691 0.029377 
0.087130 0.033470 0.046870 0.049530 0.039770 
0.088610 0.033620 0.036890 0.080480 0.085360 
0.014750 0.040430 0.050680 0.038260 0.040900 
