%  SAM: modelfromalign v3.5 (July 15, 2005) compiled 12/05/20_11:48:22
%  (c) 1992-2001 Regents of the University of California, Santa Cruz
%
%          Sequence Alignment and Modeling Software System
%         http://www.cse.ucsc.edu/research/compbio/sam.html
%
% ----------------- Citations (SAM, SAM-T2K, HMMs) --------------------
% R. Hughey, A. Krogh, Hidden Markov models for sequence analysis:
%  Extension and analysis of the basic method, CABIOS 12:95-107, 1996.
% K. Karplus, et al., What is the value added by human intervention in protein
%  structure prediction, Proteins: Stucture, Function, Genetics 45(S5):86--91, 2001.
% A. Krogh et al., Hidden Markov models in computational biology:
%  Applications to protein modeling, JMB 235:1501-1531, Feb 1994.
% ---------------------------------------------------------------------
%  last   Host: gauntlet    Thu Feb 11 19:03:11 2021
%  dgpinheiro   Dir:  /data/GitHub/sfFinder/example/output/subfamily/TEST2/flowerpower/fp-workspace/final
% ---------------------------------------------------------------------
% Prior File:  Internal (Name: recode3.20comp) 
%   20 priors on 20 characters.
%  Alignment weights from internal calc.  Total (1.59) Max (0.00) Min (0.00)
%  Weights from alignment method 1 (karplus), b=0.500000, e=0.500000
MODEL --  Model from alignment file last.a2m
alphabet protein
FREQAVE
0.000000 0.000000 0.000000 
0.000000 0.000000 0.000000 
0.000000 0.000000 0.000000 
0.073380 0.015587 0.057907 0.066952 0.050459 
0.061138 0.028203 0.050814 0.059218 0.083394 
0.025524 0.042204 0.045009 0.042259 0.052329 
0.059341 0.053415 0.060112 0.024898 0.047857 
0.073380 0.015587 0.057907 0.066952 0.050459 
0.061138 0.028203 0.050814 0.059218 0.083394 
0.025524 0.042204 0.045009 0.042259 0.052329 
0.059341 0.053415 0.060112 0.024898 0.047857 
Begin
0.000000 0.000000 0.000000 
0.000000 0.000000 0.000000 
0.000000 0.102839 0.652970 
0.000000 0.000000 0.000000 0.000000 0.000000 
0.000000 0.000000 0.000000 0.000000 0.000000 
0.000000 0.000000 0.000000 0.000000 0.000000 
0.000000 0.000000 0.000000 0.000000 0.000000 
0.087170 0.033443 0.046859 0.049499 0.039738 
0.088556 0.033597 0.036866 0.080520 0.085361 
0.014908 0.040439 0.050666 0.038262 0.040907 
0.069554 0.058573 0.064691 0.010481 0.029909 
1
0.000000 0.016547 0.117361 
0.000000 0.880614 0.229669 
0.040924 0.016576 0.491768 
0.078615 0.016638 0.053547 0.063079 0.042115 
0.068638 0.021057 0.063583 0.057579 0.094610 
0.024402 0.041266 0.046839 0.037495 0.049511 
0.060649 0.055279 0.075018 0.015103 0.034975 
0.087130 0.033470 0.046870 0.049530 0.039770 
0.088610 0.033620 0.036890 0.080480 0.085360 
0.014750 0.040430 0.050680 0.038260 0.040900 
0.069580 0.058540 0.064720 0.010490 0.029920 
2
0.629163 0.015889 0.046210 
0.329913 0.967536 0.462022 
0.040924 0.016576 0.491768 
0.076928 0.016438 0.057682 0.065084 0.038832 
0.075417 0.025146 0.057472 0.058847 0.086950 
0.021662 0.043871 0.048483 0.038189 0.053874 
0.061608 0.055279 0.069125 0.014792 0.034320 
0.087130 0.033470 0.046870 0.049530 0.039770 
0.088610 0.033620 0.036890 0.080480 0.085360 
0.014750 0.040430 0.050680 0.038260 0.040900 
0.069580 0.058540 0.064720 0.010490 0.029920 
3
0.629163 0.015889 0.046210 
0.329913 0.967536 0.462022 
0.040924 0.016576 0.491768 
0.076928 0.016438 0.057682 0.065084 0.038832 
0.075417 0.025146 0.057472 0.058847 0.086950 
0.021662 0.043871 0.048483 0.038189 0.053874 
0.061608 0.055279 0.069125 0.014792 0.034320 
0.087130 0.033470 0.046870 0.049530 0.039770 
0.088610 0.033620 0.036890 0.080480 0.085360 
0.014750 0.040430 0.050680 0.038260 0.040900 
0.069580 0.058540 0.064720 0.010490 0.029920 
4
0.629163 0.015889 0.046210 
0.329913 0.967536 0.462022 
0.040924 0.016576 0.491768 
0.080243 0.018170 0.056525 0.064270 0.038076 
0.082160 0.021670 0.055760 0.058408 0.086545 
0.021601 0.043512 0.050405 0.037881 0.049454 
0.062794 0.055928 0.068198 0.015024 0.033376 
0.087130 0.033470 0.046870 0.049530 0.039770 
0.088610 0.033620 0.036890 0.080480 0.085360 
0.014750 0.040430 0.050680 0.038260 0.040900 
0.069580 0.058540 0.064720 0.010490 0.029920 
5
0.629163 0.015889 0.046210 
0.329913 0.967536 0.462022 
0.040924 0.016576 0.491768 
0.078476 0.018185 0.057312 0.064086 0.039779 
0.077028 0.024908 0.056764 0.057725 0.086799 
0.021575 0.043682 0.048693 0.037531 0.049897 
0.064068 0.055457 0.068903 0.014672 0.034460 
0.087130 0.033470 0.046870 0.049530 0.039770 
0.088610 0.033620 0.036890 0.080480 0.085360 
0.014750 0.040430 0.050680 0.038260 0.040900 
0.069580 0.058540 0.064720 0.010490 0.029920 
6
0.629163 0.015889 0.046210 
0.329913 0.967536 0.462022 
0.040924 0.016576 0.491768 
0.077917 0.018539 0.054702 0.062648 0.041257 
0.072389 0.023859 0.061932 0.056704 0.091835 
0.022348 0.041919 0.048141 0.036949 0.048881 
0.060558 0.054804 0.075144 0.014866 0.034607 
0.087130 0.033470 0.046870 0.049530 0.039770 
0.088610 0.033620 0.036890 0.080480 0.085360 
0.014750 0.040430 0.050680 0.038260 0.040900 
0.069580 0.058540 0.064720 0.010490 0.029920 
7
0.629163 0.015889 0.046210 
0.329913 0.967536 0.462022 
0.040924 0.016576 0.491768 
0.082722 0.018481 0.057889 0.065393 0.040863 
0.078692 0.021268 0.050361 0.058822 0.088236 
0.022106 0.043874 0.049644 0.038157 0.050759 
0.062886 0.056321 0.063399 0.015075 0.035054 
0.087130 0.033470 0.046870 0.049530 0.039770 
0.088610 0.033620 0.036890 0.080480 0.085360 
0.014750 0.040430 0.050680 0.038260 0.040900 
0.069580 0.058540 0.064720 0.010490 0.029920 
8
0.629163 0.015889 0.046210 
0.329913 0.967536 0.462022 
0.040924 0.016576 0.491768 
0.080243 0.018170 0.056525 0.064270 0.038076 
0.082160 0.021670 0.055760 0.058408 0.086545 
0.021601 0.043512 0.050405 0.037881 0.049454 
0.062794 0.055928 0.068198 0.015024 0.033376 
0.087130 0.033470 0.046870 0.049530 0.039770 
0.088610 0.033620 0.036890 0.080480 0.085360 
0.014750 0.040430 0.050680 0.038260 0.040900 
0.069580 0.058540 0.064720 0.010490 0.029920 
9
0.629163 0.015889 0.046210 
0.329913 0.967536 0.462022 
0.040924 0.016576 0.491768 
0.079028 0.018028 0.055924 0.063003 0.039514 
0.077754 0.024665 0.059024 0.057767 0.088257 
0.021510 0.042943 0.051572 0.036008 0.048611 
0.062191 0.055648 0.070815 0.014301 0.033439 
0.087130 0.033470 0.046870 0.049530 0.039770 
0.088610 0.033620 0.036890 0.080480 0.085360 
0.014750 0.040430 0.050680 0.038260 0.040900 
0.069580 0.058540 0.064720 0.010490 0.029920 
10
0.629163 0.015889 0.046210 
0.329913 0.967536 0.462022 
0.040924 0.016576 0.491768 
0.080243 0.018170 0.056525 0.064270 0.038076 
0.082160 0.021670 0.055760 0.058408 0.086545 
0.021601 0.043512 0.050405 0.037881 0.049454 
0.062794 0.055928 0.068198 0.015024 0.033376 
0.087130 0.033470 0.046870 0.049530 0.039770 
0.088610 0.033620 0.036890 0.080480 0.085360 
0.014750 0.040430 0.050680 0.038260 0.040900 
0.069580 0.058540 0.064720 0.010490 0.029920 
11
0.629163 0.015889 0.046210 
0.329913 0.967536 0.462022 
0.040924 0.016576 0.491768 
0.080243 0.018170 0.056525 0.064270 0.038076 
0.082160 0.021670 0.055760 0.058408 0.086545 
0.021601 0.043512 0.050405 0.037881 0.049454 
0.062794 0.055928 0.068198 0.015024 0.033376 
0.087130 0.033470 0.046870 0.049530 0.039770 
0.088610 0.033620 0.036890 0.080480 0.085360 
0.014750 0.040430 0.050680 0.038260 0.040900 
0.069580 0.058540 0.064720 0.010490 0.029920 
12
0.629163 0.015889 0.046210 
0.329913 0.967536 0.462022 
0.040924 0.016576 0.491768 
0.077081 0.016877 0.054173 0.061982 0.044956 
0.070927 0.024968 0.062467 0.056018 0.093421 
0.022702 0.041771 0.047232 0.036736 0.048860 
0.059996 0.054218 0.073647 0.015896 0.036070 
0.087130 0.033470 0.046870 0.049530 0.039770 
0.088610 0.033620 0.036890 0.080480 0.085360 
0.014750 0.040430 0.050680 0.038260 0.040900 
0.069580 0.058540 0.064720 0.010490 0.029920 
13
0.629163 0.015889 0.046210 
0.329913 0.967536 0.462022 
0.040924 0.016576 0.491768 
0.080243 0.018170 0.056525 0.064270 0.038076 
0.082160 0.021670 0.055760 0.058408 0.086545 
0.021601 0.043512 0.050405 0.037881 0.049454 
0.062794 0.055928 0.068198 0.015024 0.033376 
0.087130 0.033470 0.046870 0.049530 0.039770 
0.088610 0.033620 0.036890 0.080480 0.085360 
0.014750 0.040430 0.050680 0.038260 0.040900 
0.069580 0.058540 0.064720 0.010490 0.029920 
14
0.628657 0.015889 0.046210 
0.330419 0.967536 0.462022 
0.040945 0.016573 0.491768 
0.089102 0.012510 0.057268 0.058331 0.039786 
0.074946 0.022974 0.057720 0.056237 0.083001 
0.021748 0.044301 0.048629 0.038870 0.046705 
0.064693 0.056950 0.073993 0.014854 0.037384 
0.087130 0.033470 0.046870 0.049530 0.039770 
0.088610 0.033620 0.036890 0.080480 0.085360 
0.014750 0.040430 0.050680 0.038260 0.040900 
0.069580 0.058540 0.064720 0.010490 0.029920 
15
0.628471 0.015886 0.046210 
0.330584 0.967541 0.462022 
0.040965 0.016570 0.491768 
0.088634 0.011079 0.059293 0.062741 0.035236 
0.072334 0.023656 0.053584 0.062092 0.077372 
0.021080 0.051787 0.038580 0.042310 0.059984 
0.062337 0.057436 0.068820 0.014716 0.036927 
0.087130 0.033470 0.046870 0.049530 0.039770 
0.088610 0.033620 0.036890 0.080480 0.085360 
0.014750 0.040430 0.050680 0.038260 0.040900 
0.069580 0.058540 0.064720 0.010490 0.029920 
16
0.626268 0.015883 0.046210 
0.332767 0.967547 0.462022 
0.041069 0.016556 0.491768 
0.086606 0.010259 0.060498 0.061753 0.035395 
0.074884 0.023551 0.051674 0.063177 0.072507 
0.020017 0.054866 0.056172 0.041355 0.049588 
0.063704 0.057885 0.066511 0.013818 0.035780 
0.087130 0.033470 0.046870 0.049530 0.039770 
0.088610 0.033620 0.036890 0.080480 0.085360 
0.014750 0.040430 0.050680 0.038260 0.040900 
0.069580 0.058540 0.064720 0.010490 0.029920 
17
0.627850 0.015869 0.046210 
0.331081 0.967575 0.462022 
0.041069 0.016556 0.491768 
0.103983 0.013333 0.050349 0.055349 0.042403 
0.069384 0.021863 0.062811 0.053357 0.089455 
0.023424 0.040989 0.036065 0.037559 0.044820 
0.061384 0.057657 0.078878 0.018243 0.038694 
0.087130 0.033470 0.046870 0.049530 0.039770 
0.088610 0.033620 0.036890 0.080480 0.085360 
0.014750 0.040430 0.050680 0.038260 0.040900 
0.069580 0.058540 0.064720 0.010490 0.029920 
18
0.627345 0.015869 0.046210 
0.331586 0.967575 0.462022 
0.041090 0.016553 0.491768 
0.096014 0.010870 0.057999 0.059212 0.036449 
0.090958 0.022785 0.052410 0.056680 0.073219 
0.020345 0.048006 0.040815 0.039335 0.046687 
0.068207 0.061692 0.068220 0.013955 0.036142 
0.087130 0.033470 0.046870 0.049530 0.039770 
0.088610 0.033620 0.036890 0.080480 0.085360 
0.014750 0.040430 0.050680 0.038260 0.040900 
0.069580 0.058540 0.064720 0.010490 0.029920 
19
0.544128 0.015867 0.046210 
0.414782 0.967581 0.462022 
0.044835 0.016093 0.491768 
0.071248 0.007014 0.179496 0.069293 0.024811 
0.067657 0.022214 0.031623 0.057834 0.050061 
0.014758 0.083681 0.034936 0.040056 0.044190 
0.066479 0.057364 0.040657 0.010173 0.026453 
0.087130 0.033470 0.046870 0.049530 0.039770 
0.088610 0.033620 0.036890 0.080480 0.085360 
0.014750 0.040430 0.050680 0.038260 0.040900 
0.069580 0.058540 0.064720 0.010490 0.029920 
20
0.563498 0.015426 0.046210 
0.391668 0.968481 0.462022 
0.046232 0.015946 0.491768 
0.086537 0.010829 0.050816 0.048836 0.039899 
0.068406 0.024064 0.061312 0.046854 0.084004 
0.066387 0.040481 0.028398 0.048276 0.044279 
0.052836 0.077097 0.067962 0.014594 0.038134 
0.087130 0.033470 0.046870 0.049530 0.039770 
0.088610 0.033620 0.036890 0.080480 0.085360 
0.014750 0.040430 0.050680 0.038260 0.040900 
0.069580 0.058540 0.064720 0.010490 0.029920 
21
0.570728 0.015285 0.046210 
0.383039 0.968769 0.462022 
0.046715 0.015898 0.491768 
0.088822 0.006108 0.059189 0.071478 0.024758 
0.053995 0.020950 0.039205 0.108706 0.064517 
0.017725 0.052418 0.037557 0.088177 0.076118 
0.052807 0.050694 0.048707 0.010489 0.027581 
0.087130 0.033470 0.046870 0.049530 0.039770 
0.088610 0.033620 0.036890 0.080480 0.085360 
0.014750 0.040430 0.050680 0.038260 0.040900 
0.069580 0.058540 0.064720 0.010490 0.029920 
22
0.548893 0.015239 0.046210 
0.404392 0.968863 0.462022 
0.048050 0.015771 0.491768 
0.098640 0.007686 0.053243 0.066799 0.031412 
0.053506 0.021459 0.052365 0.084704 0.077256 
0.021435 0.039309 0.045454 0.047611 0.053851 
0.059188 0.061841 0.080029 0.012236 0.031974 
0.087130 0.033470 0.046870 0.049530 0.039770 
0.088610 0.033620 0.036890 0.080480 0.085360 
0.014750 0.040430 0.050680 0.038260 0.040900 
0.069580 0.058540 0.064720 0.010490 0.029920 
23
0.538113 0.015118 0.046210 
0.413837 0.969111 0.462022 
0.049357 0.015656 0.491768 
0.153080 0.011653 0.041633 0.042798 0.036746 
0.061458 0.020323 0.061603 0.046431 0.084124 
0.025317 0.035174 0.047782 0.032108 0.039898 
0.056744 0.067672 0.089418 0.012427 0.033611 
0.087130 0.033470 0.046870 0.049530 0.039770 
0.088610 0.033620 0.036890 0.080480 0.085360 
0.014750 0.040430 0.050680 0.038260 0.040900 
0.069580 0.058540 0.064720 0.010490 0.029920 
24
0.521049 0.015007 0.046210 
0.429594 0.969337 0.462022 
0.050973 0.015523 0.491768 
0.099941 0.006449 0.058356 0.057890 0.025192 
0.075143 0.019041 0.038722 0.107503 0.059033 
0.016597 0.052982 0.086708 0.037937 0.048667 
0.072427 0.055663 0.045568 0.009974 0.026208 
0.087130 0.033470 0.046870 0.049530 0.039770 
0.088610 0.033620 0.036890 0.080480 0.085360 
0.014750 0.040430 0.050680 0.038260 0.040900 
0.069580 0.058540 0.064720 0.010490 0.029920 
25
0.525477 0.014880 0.046210 
0.423550 0.969596 0.462022 
0.051625 0.015473 0.491768 
0.075077 0.004682 0.049321 0.064615 0.018563 
0.041783 0.018335 0.033753 0.247152 0.053792 
0.024355 0.036466 0.033123 0.047180 0.095045 
0.045888 0.040099 0.038997 0.008679 0.023095 
0.087130 0.033470 0.046870 0.049530 0.039770 
0.088610 0.033620 0.036890 0.080480 0.085360 
0.014750 0.040430 0.050680 0.038260 0.040900 
0.069580 0.058540 0.064720 0.010490 0.029920 
26
0.532197 0.014832 0.046210 
0.416178 0.969695 0.462022 
0.051625 0.015473 0.491768 
0.088320 0.004421 0.049440 0.063976 0.016657 
0.041520 0.017787 0.027384 0.255624 0.046663 
0.013005 0.036762 0.066079 0.043590 0.077855 
0.047369 0.039852 0.035382 0.007677 0.020638 
0.087130 0.033470 0.046870 0.049530 0.039770 
0.088610 0.033620 0.036890 0.080480 0.085360 
0.014750 0.040430 0.050680 0.038260 0.040900 
0.069580 0.058540 0.064720 0.010490 0.029920 
27
0.516242 0.014832 0.046210 
0.432133 0.969695 0.462022 
0.052462 0.015410 0.491768 
0.070864 0.008527 0.033388 0.041063 0.031950 
0.035847 0.016986 0.057799 0.084131 0.290762 
0.024121 0.027518 0.023869 0.030738 0.044627 
0.035177 0.037720 0.065836 0.011034 0.028043 
0.087130 0.033470 0.046870 0.049530 0.039770 
0.088610 0.033620 0.036890 0.080480 0.085360 
0.014750 0.040430 0.050680 0.038260 0.040900 
0.069580 0.058540 0.064720 0.010490 0.029920 
28
0.523804 0.014772 0.046210 
0.423734 0.969818 0.462022 
0.052504 0.015407 0.491768 
0.082869 0.009809 0.045945 0.037291 0.030534 
0.239546 0.020554 0.038109 0.034857 0.080685 
0.017150 0.053367 0.032291 0.025609 0.030429 
0.091521 0.042140 0.045488 0.012028 0.029778 
0.087130 0.033470 0.046870 0.049530 0.039770 
0.088610 0.033620 0.036890 0.080480 0.085360 
0.014750 0.040430 0.050680 0.038260 0.040900 
0.069580 0.058540 0.064720 0.010490 0.029920 
29
0.508640 0.014769 0.046210 
0.438856 0.969824 0.462022 
0.053336 0.015348 0.491768 
0.102706 0.013034 0.031475 0.033325 0.044489 
0.051319 0.020313 0.114863 0.035763 0.166314 
0.028889 0.029082 0.025862 0.028152 0.036949 
0.048521 0.040630 0.097468 0.013944 0.036902 
0.087130 0.033470 0.046870 0.049530 0.039770 
0.088610 0.033620 0.036890 0.080480 0.085360 
0.014750 0.040430 0.050680 0.038260 0.040900 
0.069580 0.058540 0.064720 0.010490 0.029920 
30
0.477717 0.014712 0.046210 
0.468948 0.969941 0.462022 
0.055499 0.015203 0.491768 
0.066857 0.004005 0.043582 0.059467 0.015485 
0.034075 0.016659 0.026611 0.273509 0.070354 
0.013356 0.032543 0.023390 0.041395 0.140653 
0.041697 0.036142 0.033134 0.007402 0.019684 
0.087130 0.033470 0.046870 0.049530 0.039770 
0.088610 0.033620 0.036890 0.080480 0.085360 
0.014750 0.040430 0.050680 0.038260 0.040900 
0.069580 0.058540 0.064720 0.010490 0.029920 
31
0.497092 0.014573 0.046210 
0.447409 0.970224 0.462022 
0.055499 0.015203 0.491768 
0.064480 0.002898 0.109263 0.340205 0.013129 
0.034273 0.014094 0.016037 0.082344 0.031971 
0.009510 0.030147 0.020352 0.050482 0.046605 
0.053955 0.034948 0.024302 0.005697 0.015307 
0.087130 0.033470 0.046870 0.049530 0.039770 
0.088610 0.033620 0.036890 0.080480 0.085360 
0.014750 0.040430 0.050680 0.038260 0.040900 
0.069580 0.058540 0.064720 0.010490 0.029920 
32
0.497092 0.014573 0.046210 
0.447409 0.970224 0.462022 
0.055499 0.015203 0.491768 
0.081141 0.003874 0.081792 0.083212 0.016330 
0.039592 0.017401 0.028135 0.152787 0.048983 
0.013252 0.073937 0.024020 0.045693 0.147008 
0.046915 0.035621 0.032772 0.007570 0.019965 
0.087130 0.033470 0.046870 0.049530 0.039770 
0.088610 0.033620 0.036890 0.080480 0.085360 
0.014750 0.040430 0.050680 0.038260 0.040900 
0.069580 0.058540 0.064720 0.010490 0.029920 
33
0.497092 0.014573 0.046210 
0.447409 0.970224 0.462022 
0.055499 0.015203 0.491768 
0.037920 0.005997 0.020416 0.026356 0.082326 
0.025774 0.022187 0.026003 0.045292 0.044661 
0.012247 0.020606 0.014544 0.021182 0.030492 
0.030660 0.029239 0.039029 0.025970 0.439099 
0.087130 0.033470 0.046870 0.049530 0.039770 
0.088610 0.033620 0.036890 0.080480 0.085360 
0.014750 0.040430 0.050680 0.038260 0.040900 
0.069580 0.058540 0.064720 0.010490 0.029920 
34
0.497092 0.014573 0.046210 
0.447409 0.970224 0.462022 
0.055499 0.015368 0.491594 
0.212468 0.010660 0.040632 0.046075 0.032876 
0.059689 0.021175 0.048568 0.047341 0.076416 
0.021453 0.044035 0.026785 0.043103 0.043654 
0.051907 0.047860 0.059999 0.011572 0.053732 
0.087130 0.033470 0.046870 0.049530 0.039770 
0.088610 0.033620 0.036890 0.080480 0.085360 
0.014750 0.040430 0.050680 0.038260 0.040900 
0.069580 0.058540 0.064720 0.010490 0.029920 
35
0.497092 0.014573 0.046194 
0.447409 0.970059 0.462212 
0.055499 0.024316 0.482330 
0.103574 0.013744 0.041389 0.038510 0.051257 
0.059439 0.033321 0.077745 0.040171 0.123639 
0.042899 0.035842 0.022636 0.031334 0.045706 
0.045508 0.044705 0.084785 0.018165 0.045632 
0.087129 0.033475 0.046869 0.049529 0.039769 
0.088609 0.033619 0.036890 0.080479 0.085361 
0.014750 0.040429 0.050679 0.038259 0.040899 
0.069579 0.058539 0.064722 0.010490 0.029924 
36
0.463883 0.014573 0.045323 
0.480618 0.961111 0.472347 
0.057405 0.015086 0.491768 
0.047039 0.009421 0.009074 0.010671 0.042141 
0.016422 0.007548 0.077548 0.011273 0.293857 
0.285294 0.009322 0.009949 0.010538 0.012015 
0.014609 0.029615 0.074778 0.008480 0.020405 
0.087130 0.033470 0.046870 0.049530 0.039770 
0.088610 0.033620 0.036890 0.080480 0.085360 
0.014750 0.040430 0.050680 0.038260 0.040900 
0.069580 0.058540 0.064720 0.010490 0.029920 
37
0.479817 0.014461 0.046210 
0.462778 0.970452 0.462022 
0.057405 0.015402 0.491432 
0.072214 0.006209 0.030245 0.033689 0.017493 
0.029673 0.012133 0.028300 0.034268 0.040124 
0.014779 0.028916 0.019975 0.024988 0.026615 
0.073034 0.444233 0.039798 0.005965 0.017349 
0.087130 0.033470 0.046870 0.049530 0.039770 
0.088610 0.033620 0.036890 0.080480 0.085360 
0.014750 0.040430 0.050680 0.038260 0.040900 
0.069580 0.058541 0.064720 0.010490 0.029920 
38
0.479817 0.014461 0.046179 
0.462778 0.970136 0.462389 
0.057405 0.015086 0.491768 
0.037329 0.003904 0.030037 0.034197 0.011975 
0.032241 0.012592 0.016104 0.037348 0.028444 
0.008039 0.023773 0.019467 0.024075 0.579556 
0.029569 0.028599 0.023200 0.005348 0.014205 
0.087130 0.033470 0.046870 0.049530 0.039770 
0.088610 0.033620 0.036890 0.080480 0.085360 
0.014750 0.040430 0.050680 0.038260 0.040900 
0.069580 0.058540 0.064720 0.010490 0.029920 
39
0.479817 0.014461 0.046210 
0.462778 0.970452 0.462022 
0.057405 0.015086 0.491768 
0.051392 0.004675 0.220556 0.040395 0.013273 
0.324564 0.013737 0.015500 0.034629 0.025204 
0.008485 0.051278 0.022761 0.023376 0.026074 
0.051638 0.031518 0.019746 0.005815 0.015384 
0.087130 0.033470 0.046870 0.049530 0.039770 
0.088610 0.033620 0.036890 0.080480 0.085360 
0.014750 0.040430 0.050680 0.038260 0.040900 
0.069580 0.058540 0.064720 0.010490 0.029920 
40
0.479817 0.014461 0.046210 
0.462778 0.970452 0.462022 
0.057405 0.015086 0.491768 
0.042837 0.008706 0.009209 0.011225 0.034242 
0.014884 0.007033 0.065705 0.011960 0.572665 
0.030355 0.009357 0.010127 0.010407 0.011908 
0.014438 0.031199 0.077060 0.007870 0.018813 
0.087130 0.033470 0.046870 0.049530 0.039770 
0.088610 0.033620 0.036890 0.080480 0.085360 
0.014750 0.040430 0.050680 0.038260 0.040900 
0.069580 0.058540 0.064720 0.010490 0.029920 
41
0.479817 0.014461 0.046210 
0.462778 0.970452 0.462022 
0.057405 0.015086 0.491768 
0.106614 0.005807 0.108640 0.036167 0.016581 
0.340374 0.015185 0.019992 0.034470 0.030659 
0.010938 0.063274 0.024904 0.022803 0.025336 
0.059043 0.031565 0.021980 0.007238 0.018431 
0.087130 0.033470 0.046870 0.049530 0.039770 
0.088610 0.033620 0.036890 0.080480 0.085360 
0.014750 0.040430 0.050680 0.038260 0.040900 
0.069580 0.058540 0.064720 0.010490 0.029920 
42
0.479817 0.014461 0.046210 
0.462778 0.970452 0.462022 
0.057405 0.015086 0.491768 
0.013927 0.004669 0.006414 0.008309 0.032527 
0.014251 0.005000 0.014414 0.006533 0.037947 
0.009098 0.005322 0.006218 0.004265 0.011153 
0.009087 0.007746 0.019083 0.756032 0.028003 
0.087130 0.033470 0.046870 0.049530 0.039770 
0.088610 0.033620 0.036890 0.080480 0.085360 
0.014750 0.040430 0.050680 0.038260 0.040900 
0.069580 0.058540 0.064720 0.010490 0.029920 
43
0.479817 0.014461 0.046210 
0.462778 0.970452 0.462022 
0.057405 0.015086 0.491768 
0.070998 0.002116 0.154476 0.323347 0.012459 
0.031837 0.011272 0.013050 0.051159 0.027995 
0.008344 0.028531 0.017142 0.060030 0.030617 
0.051369 0.066638 0.020683 0.004854 0.013080 
0.087130 0.033470 0.046870 0.049530 0.039770 
0.088610 0.033620 0.036890 0.080480 0.085360 
0.014750 0.040430 0.050680 0.038260 0.040900 
0.069580 0.058540 0.064720 0.010490 0.029920 
44
0.479817 0.014461 0.046210 
0.462778 0.970452 0.462022 
0.057405 0.015086 0.491768 
0.050228 0.006325 0.033621 0.034690 0.025540 
0.035171 0.012940 0.028072 0.034960 0.041038 
0.010401 0.032409 0.109729 0.025439 0.026640 
0.086212 0.340621 0.040645 0.006401 0.018919 
0.087130 0.033470 0.046870 0.049530 0.039770 
0.088610 0.033620 0.036890 0.080480 0.085360 
0.014750 0.040430 0.050680 0.038260 0.040900 
0.069580 0.058540 0.064720 0.010490 0.029920 
45
0.479817 0.014461 0.046210 
0.462778 0.970452 0.462022 
0.057405 0.015086 0.491768 
0.043511 0.006291 0.032662 0.030370 0.014669 
0.034438 0.010757 0.022979 0.027131 0.021977 
0.007530 0.035163 0.021615 0.022272 0.019109 
0.253540 0.336526 0.037906 0.004903 0.016652 
0.087130 0.033470 0.046870 0.049530 0.039770 
0.088610 0.033620 0.036890 0.080480 0.085360 
0.014750 0.040430 0.050680 0.038260 0.040900 
0.069580 0.058540 0.064720 0.010490 0.029920 
46
0.479817 0.014461 0.046210 
0.462778 0.970452 0.462022 
0.057405 0.015086 0.491768 
0.025427 0.004741 0.014353 0.014577 0.051592 
0.022832 0.013309 0.022129 0.014607 0.036160 
0.008749 0.012422 0.011823 0.011226 0.015134 
0.019314 0.018450 0.029353 0.012681 0.641120 
0.087130 0.033470 0.046870 0.049530 0.039770 
0.088610 0.033620 0.036890 0.080480 0.085360 
0.014750 0.040430 0.050680 0.038260 0.040900 
0.069580 0.058540 0.064720 0.010490 0.029920 
47
0.479817 0.014461 0.046210 
0.462778 0.970452 0.462022 
0.057405 0.015086 0.491768 
0.056374 0.003810 0.047620 0.136438 0.013135 
0.031747 0.015135 0.018097 0.054505 0.032877 
0.009942 0.030099 0.021024 0.345102 0.041902 
0.039816 0.035900 0.044151 0.006058 0.016266 
0.087130 0.033470 0.046870 0.049530 0.039770 
0.088610 0.033620 0.036890 0.080480 0.085360 
0.014750 0.040430 0.050680 0.038260 0.040900 
0.069580 0.058540 0.064720 0.010490 0.029920 
48
0.479817 0.014461 0.046210 
0.462778 0.970452 0.462022 
0.057405 0.015086 0.491768 
0.075179 0.004381 0.044847 0.035180 0.020242 
0.043428 0.010998 0.029187 0.078558 0.046831 
0.006679 0.032803 0.314767 0.024720 0.033003 
0.086831 0.044236 0.042938 0.006543 0.018651 
0.087130 0.033470 0.046870 0.049530 0.039770 
0.088610 0.033620 0.036890 0.080480 0.085360 
0.014750 0.040430 0.050680 0.038260 0.040900 
0.069580 0.058540 0.064720 0.010490 0.029920 
49
0.479817 0.014461 0.046210 
0.462778 0.970452 0.462022 
0.057405 0.015086 0.491768 
0.059175 0.005999 0.035855 0.065515 0.022537 
0.037741 0.018586 0.033385 0.074674 0.057189 
0.289700 0.029573 0.025163 0.032516 0.049681 
0.036887 0.038721 0.054207 0.008602 0.024292 
0.087130 0.033470 0.046870 0.049530 0.039770 
0.088610 0.033620 0.036890 0.080480 0.085360 
0.014750 0.040430 0.050680 0.038260 0.040900 
0.069580 0.058540 0.064720 0.010490 0.029920 
50
0.479817 0.014461 0.046210 
0.462778 0.970452 0.462022 
0.057405 0.015086 0.491768 
0.052084 0.002661 0.353754 0.150396 0.011040 
0.036430 0.012577 0.014430 0.054190 0.024895 
0.007728 0.063165 0.018713 0.043151 0.030832 
0.053391 0.034025 0.020878 0.003790 0.011868 
0.087130 0.033470 0.046870 0.049530 0.039770 
0.088610 0.033620 0.036890 0.080480 0.085360 
0.014750 0.040430 0.050680 0.038260 0.040900 
0.069580 0.058540 0.064720 0.010490 0.029920 
51
0.479817 0.014461 0.046210 
0.462778 0.970452 0.462022 
0.057405 0.015086 0.491768 
0.091490 0.002628 0.176276 0.140705 0.011413 
0.034483 0.014656 0.017196 0.182257 0.033088 
0.008500 0.038779 0.019999 0.053847 0.047955 
0.047583 0.037355 0.023645 0.004731 0.013415 
0.087130 0.033470 0.046870 0.049530 0.039770 
0.088610 0.033620 0.036890 0.080480 0.085360 
0.014750 0.040430 0.050680 0.038260 0.040900 
0.069580 0.058540 0.064720 0.010490 0.029920 
52
0.479817 0.014461 0.046210 
0.462778 0.970452 0.462022 
0.057405 0.015086 0.491768 
0.053152 0.012030 0.007026 0.006598 0.033829 
0.013649 0.006002 0.212299 0.009519 0.092488 
0.016945 0.006600 0.010824 0.006443 0.008658 
0.014904 0.026760 0.437751 0.005970 0.018552 
0.087130 0.033470 0.046870 0.049530 0.039770 
0.088610 0.033620 0.036890 0.080480 0.085360 
0.014750 0.040430 0.050680 0.038260 0.040900 
0.069580 0.058540 0.064720 0.010490 0.029920 
53
0.479817 0.014461 0.046210 
0.462778 0.970452 0.462022 
0.057405 0.015086 0.491768 
0.022228 0.007024 0.004678 0.010693 0.578362 
0.010771 0.007155 0.031751 0.007286 0.055089 
0.011041 0.005075 0.007101 0.007755 0.003589 
0.015020 0.015783 0.032736 0.032833 0.134030 
0.087130 0.033470 0.046870 0.049530 0.039770 
0.088610 0.033620 0.036890 0.080480 0.085360 
0.014750 0.040430 0.050680 0.038260 0.040900 
0.069580 0.058540 0.064720 0.010490 0.029920 
54
0.479817 0.014461 0.046210 
0.462778 0.970452 0.462022 
0.057405 0.022637 0.483863 
0.033365 0.003500 0.025068 0.021756 0.012062 
0.033435 0.008649 0.015239 0.027570 0.025778 
0.004729 0.018168 0.644015 0.014409 0.020810 
0.028658 0.023108 0.023150 0.004395 0.012136 
0.087129 0.033470 0.046869 0.049529 0.039770 
0.088609 0.033620 0.036890 0.080479 0.085359 
0.014750 0.040429 0.050679 0.038259 0.040899 
0.069579 0.058539 0.064719 0.010490 0.029932 
55
0.479817 0.072366 0.045468 
0.462778 0.904997 0.470670 
0.045575 0.016014 0.491768 
0.087682 0.010147 0.060041 0.077702 0.036507 
0.066259 0.041595 0.047407 0.060055 0.076931 
0.021108 0.048351 0.034362 0.066484 0.051229 
0.057402 0.049544 0.054433 0.014733 0.038029 
0.087130 0.033470 0.046870 0.049530 0.039770 
0.088610 0.033620 0.036890 0.080480 0.085360 
0.014750 0.040430 0.050680 0.038260 0.040900 
0.069580 0.058540 0.064720 0.010490 0.029920 
56
0.586461 0.016684 0.046210 
0.367964 0.967302 0.462022 
0.045397 0.016032 0.491768 
0.090374 0.010091 0.098485 0.079100 0.033962 
0.070925 0.024107 0.047924 0.055725 0.071679 
0.021034 0.051760 0.037809 0.038099 0.047363 
0.062792 0.052033 0.057772 0.013650 0.035317 
0.087130 0.033470 0.046870 0.049530 0.039770 
0.088610 0.033620 0.036890 0.080480 0.085360 
0.014750 0.040430 0.050680 0.038260 0.040900 
0.069580 0.058540 0.064720 0.010490 0.029920 
57
0.383905 0.037351 0.046210 
0.570698 0.946617 0.462022 
0.052264 0.015425 0.491768 
0.029805 0.006793 0.009463 0.013305 0.182346 
0.018831 0.024245 0.029542 0.012529 0.058762 
0.013080 0.012996 0.008916 0.012733 0.018080 
0.023995 0.024316 0.043064 0.030808 0.426391 
0.087130 0.033470 0.046870 0.049530 0.039770 
0.088610 0.033620 0.036890 0.080480 0.085360 
0.014750 0.040430 0.050680 0.038260 0.040900 
0.069580 0.058540 0.064720 0.010490 0.029920 
58
0.521273 0.015106 0.046210 
0.426463 0.969470 0.462022 
0.052466 0.015410 0.491768 
0.074807 0.005711 0.268533 0.078262 0.022420 
0.051229 0.018201 0.035700 0.042532 0.045693 
0.017849 0.077597 0.025255 0.030911 0.029563 
0.063473 0.044489 0.038933 0.007924 0.020921 
0.087130 0.033470 0.046870 0.049530 0.039770 
0.088610 0.033620 0.036890 0.080480 0.085360 
0.014750 0.040430 0.050680 0.038260 0.040900 
0.069580 0.058540 0.064720 0.010490 0.029920 
59
0.439819 0.014771 0.046210 
0.507715 0.969819 0.462022 
0.057325 0.015091 0.491768 
0.121041 0.002980 0.067184 0.101402 0.016065 
0.042529 0.019013 0.032170 0.162494 0.057117 
0.013606 0.036135 0.021249 0.067845 0.088162 
0.052354 0.039193 0.033189 0.006967 0.019303 
0.087130 0.033470 0.046870 0.049530 0.039770 
0.088610 0.033620 0.036890 0.080480 0.085360 
0.014750 0.040430 0.050680 0.038260 0.040900 
0.069580 0.058540 0.064720 0.010490 0.029920 
60
0.479145 0.022018 0.046210 
0.463530 0.962890 0.462022 
0.055526 0.015201 0.491768 
0.027614 0.007128 0.007715 0.014269 0.357869 
0.015794 0.016039 0.028883 0.010670 0.052628 
0.012605 0.009768 0.008385 0.010972 0.011049 
0.022600 0.021898 0.037719 0.032935 0.293460 
0.087130 0.033470 0.046870 0.049530 0.039770 
0.088610 0.033620 0.036890 0.080480 0.085360 
0.014750 0.040430 0.050680 0.038260 0.040900 
0.069580 0.058540 0.064720 0.010490 0.029920 
61
0.496847 0.014571 0.046210 
0.447627 0.970228 0.462022 
0.055526 0.015201 0.491768 
0.047307 0.003138 0.058659 0.502281 0.015072 
0.046301 0.012305 0.014261 0.045405 0.027372 
0.008259 0.024505 0.018662 0.037235 0.031472 
0.036425 0.030331 0.022078 0.005136 0.013794 
0.087130 0.033470 0.046870 0.049530 0.039770 
0.088610 0.033620 0.036890 0.080480 0.085360 
0.014750 0.040430 0.050680 0.038260 0.040900 
0.069580 0.058540 0.064720 0.010490 0.029920 
62
0.496847 0.014729 0.046210 
0.447627 0.970070 0.462022 
0.055488 0.015204 0.491768 
0.046882 0.003193 0.035326 0.018402 0.007546 
0.684945 0.007383 0.009749 0.020347 0.015703 
0.005693 0.023594 0.015781 0.012053 0.018869 
0.030796 0.018992 0.011067 0.003640 0.010039 
0.087130 0.033470 0.046870 0.049530 0.039770 
0.088610 0.033620 0.036890 0.080480 0.085360 
0.014750 0.040430 0.050680 0.038260 0.040900 
0.069580 0.058540 0.064720 0.010490 0.029920 
63
0.463794 0.014574 0.046210 
0.480717 0.970223 0.462022 
0.057405 0.015086 0.491768 
0.041288 0.009576 0.007826 0.008882 0.033910 
0.014262 0.006327 0.499399 0.010219 0.106564 
0.021369 0.007927 0.010097 0.008457 0.010029 
0.013759 0.022331 0.142352 0.007130 0.018296 
0.087130 0.033470 0.046870 0.049530 0.039770 
0.088610 0.033620 0.036890 0.080480 0.085360 
0.014750 0.040430 0.050680 0.038260 0.040900 
0.069580 0.058540 0.064720 0.010490 0.029920 
64
0.479817 0.014619 0.046210 
0.462778 0.970295 0.462022 
0.057365 0.015089 0.491768 
0.061196 0.003921 0.041173 0.055506 0.013945 
0.031896 0.023277 0.029411 0.356845 0.040309 
0.011524 0.031084 0.028844 0.038640 0.081872 
0.039666 0.034814 0.051512 0.006659 0.017905 
0.087130 0.033470 0.046870 0.049530 0.039770 
0.088610 0.033620 0.036890 0.080480 0.085360 
0.014750 0.040430 0.050680 0.038260 0.040900 
0.069580 0.058540 0.064720 0.010490 0.029920 
65
0.480184 0.014463 0.046210 
0.462452 0.970448 0.462022 
0.057365 0.015089 0.491768 
0.054693 0.011378 0.008693 0.009094 0.035416 
0.020640 0.007004 0.399518 0.011394 0.098544 
0.022079 0.008375 0.011429 0.008607 0.010887 
0.016179 0.026909 0.212188 0.007048 0.019922 
0.087130 0.033470 0.046870 0.049530 0.039770 
0.088610 0.033620 0.036890 0.080480 0.085360 
0.014750 0.040430 0.050680 0.038260 0.040900 
0.069580 0.058540 0.064720 0.010490 0.029920 
66
0.479479 0.014463 0.046210 
0.463156 0.970448 0.462022 
0.057405 0.015086 0.491768 
0.046859 0.004384 0.039242 0.080041 0.015008 
0.033555 0.376488 0.018529 0.055582 0.032671 
0.010176 0.032112 0.021831 0.033181 0.043262 
0.039012 0.065093 0.026875 0.007198 0.018900 
0.087130 0.033470 0.046870 0.049530 0.039770 
0.088610 0.033620 0.036890 0.080480 0.085360 
0.014750 0.040430 0.050680 0.038260 0.040900 
0.069580 0.058540 0.064720 0.010490 0.029920 
67
0.479817 0.014461 0.046210 
0.462778 0.970452 0.462022 
0.057405 0.015086 0.491768 
0.046903 0.003119 0.468229 0.068903 0.010138 
0.044763 0.012902 0.014992 0.040519 0.022970 
0.007217 0.075146 0.019046 0.027171 0.026446 
0.042656 0.032962 0.020952 0.003485 0.011483 
0.087130 0.033470 0.046870 0.049530 0.039770 
0.088610 0.033620 0.036890 0.080480 0.085360 
0.014750 0.040430 0.050680 0.038260 0.040900 
0.069580 0.058540 0.064720 0.010490 0.029920 
68
0.479817 0.014461 0.046210 
0.462778 0.970452 0.462022 
0.057405 0.015086 0.491768 
0.020003 0.004955 0.010234 0.012863 0.069215 
0.015215 0.012095 0.021767 0.012523 0.045635 
0.010855 0.010593 0.009336 0.009491 0.015961 
0.016176 0.015262 0.022878 0.603233 0.061710 
0.087130 0.033470 0.046870 0.049530 0.039770 
0.088610 0.033620 0.036890 0.080480 0.085360 
0.014750 0.040430 0.050680 0.038260 0.040900 
0.069580 0.058540 0.064720 0.010490 0.029920 
69
0.479817 0.014461 0.046210 
0.462778 0.970452 0.462022 
0.057405 0.015086 0.491768 
0.043728 0.003181 0.410704 0.082613 0.010770 
0.040647 0.013452 0.015586 0.041623 0.026410 
0.007496 0.090078 0.019778 0.029067 0.026286 
0.066489 0.034933 0.021493 0.003954 0.011713 
0.087130 0.033470 0.046870 0.049530 0.039770 
0.088610 0.033620 0.036890 0.080480 0.085360 
0.014750 0.040430 0.050680 0.038260 0.040900 
0.069580 0.058540 0.064720 0.010490 0.029920 
70
0.479817 0.014461 0.046210 
0.462778 0.970452 0.462022 
0.057405 0.015086 0.491768 
0.097955 0.003309 0.050287 0.068537 0.012413 
0.070676 0.015752 0.020451 0.304752 0.037092 
0.010055 0.035421 0.021997 0.059191 0.067690 
0.043083 0.033512 0.026106 0.005830 0.015892 
0.087130 0.033470 0.046870 0.049530 0.039770 
0.088610 0.033620 0.036890 0.080480 0.085360 
0.014750 0.040430 0.050680 0.038260 0.040900 
0.069580 0.058540 0.064720 0.010490 0.029920 
71
0.479817 0.014461 0.046210 
0.462778 0.970452 0.462022 
0.057405 0.015086 0.491768 
0.014142 0.004190 0.003863 0.008167 0.053101 
0.010740 0.004952 0.017199 0.006298 0.047549 
0.011515 0.004209 0.004432 0.004091 0.012713 
0.008267 0.007155 0.022327 0.717797 0.037293 
0.087130 0.033470 0.046870 0.049530 0.039770 
0.088610 0.033620 0.036890 0.080480 0.085360 
0.014750 0.040430 0.050680 0.038260 0.040900 
0.069580 0.058540 0.064720 0.010490 0.029920 
72
0.479817 0.014461 0.046210 
0.462778 0.970452 0.462022 
0.057405 0.015086 0.491768 
0.054283 0.002400 0.116073 0.437944 0.011613 
0.030029 0.011572 0.012881 0.046788 0.026966 
0.008357 0.024073 0.017579 0.054170 0.031292 
0.040838 0.031037 0.024051 0.004871 0.013185 
0.087130 0.033470 0.046870 0.049530 0.039770 
0.088610 0.033620 0.036890 0.080480 0.085360 
0.014750 0.040430 0.050680 0.038260 0.040900 
0.069580 0.058540 0.064720 0.010490 0.029920 
73
0.479817 0.014461 0.046210 
0.462778 0.970452 0.462022 
0.057405 0.015086 0.491768 
0.037415 0.003065 0.523241 0.085441 0.009805 
0.034616 0.011820 0.012986 0.035702 0.021341 
0.006504 0.050303 0.018342 0.025270 0.024721 
0.036379 0.028774 0.019183 0.003727 0.011365 
0.087130 0.033470 0.046870 0.049530 0.039770 
0.088610 0.033620 0.036890 0.080480 0.085360 
0.014750 0.040430 0.050680 0.038260 0.040900 
0.069580 0.058540 0.064720 0.010490 0.029920 
74
0.479817 0.014461 0.046210 
0.462778 0.970452 0.462022 
0.057405 0.015086 0.491768 
0.048745 0.004929 0.029921 0.035000 0.010373 
0.031908 0.010751 0.016825 0.031776 0.028897 
0.006227 0.019776 0.574586 0.018595 0.023329 
0.041440 0.027967 0.025737 0.003351 0.009868 
0.087130 0.033470 0.046870 0.049530 0.039770 
0.088610 0.033620 0.036890 0.080480 0.085360 
0.014750 0.040430 0.050680 0.038260 0.040900 
0.069580 0.058540 0.064720 0.010490 0.029920 
75
0.479817 0.014461 0.046210 
0.462778 0.970452 0.462022 
0.057405 0.015086 0.491768 
0.026839 0.007075 0.008069 0.012216 0.587551 
0.015346 0.007457 0.034016 0.009583 0.060119 
0.012487 0.007432 0.009254 0.008899 0.006603 
0.016343 0.017503 0.037353 0.025885 0.089970 
0.087130 0.033470 0.046870 0.049530 0.039770 
0.088610 0.033620 0.036890 0.080480 0.085360 
0.014750 0.040430 0.050680 0.038260 0.040900 
0.069580 0.058540 0.064720 0.010490 0.029920 
76
0.479817 0.014461 0.046210 
0.462778 0.970452 0.462022 
0.057405 0.015086 0.491768 
0.044868 0.003818 0.034973 0.044284 0.012272 
0.030719 0.014824 0.017664 0.077725 0.031298 
0.009553 0.029012 0.020825 0.032024 0.479696 
0.035249 0.033839 0.025466 0.005969 0.015923 
0.087130 0.033470 0.046870 0.049530 0.039770 
0.088610 0.033620 0.036890 0.080480 0.085360 
0.014750 0.040430 0.050680 0.038260 0.040900 
0.069580 0.058540 0.064720 0.010490 0.029920 
77
0.479817 0.014461 0.046210 
0.462778 0.970452 0.462022 
0.057405 0.015086 0.491768 
0.043483 0.009042 0.007575 0.008858 0.035497 
0.013826 0.006779 0.084871 0.009456 0.488620 
0.108059 0.008006 0.008970 0.009252 0.010418 
0.012560 0.020633 0.086943 0.007979 0.019173 
0.087130 0.033470 0.046870 0.049530 0.039770 
0.088610 0.033620 0.036890 0.080480 0.085360 
0.014750 0.040430 0.050680 0.038260 0.040900 
0.069580 0.058540 0.064720 0.010490 0.029920 
78
0.479817 0.014461 0.046210 
0.462778 0.970452 0.462022 
0.057405 0.015086 0.491768 
0.038232 0.004985 0.028556 0.029182 0.013479 
0.030474 0.011009 0.019731 0.029059 0.027421 
0.007902 0.025908 0.019287 0.020908 0.022762 
0.077403 0.544401 0.029634 0.004999 0.014668 
0.087130 0.033470 0.046870 0.049530 0.039770 
0.088610 0.033620 0.036890 0.080480 0.085360 
0.014750 0.040430 0.050680 0.038260 0.040900 
0.069580 0.058540 0.064720 0.010490 0.029920 
79
0.479817 0.014461 0.046210 
0.462778 0.970452 0.462022 
0.057405 0.015086 0.491768 
0.047409 0.008417 0.014978 0.018401 0.033062 
0.020693 0.008965 0.058662 0.019705 0.096697 
0.455040 0.013912 0.013011 0.015086 0.017628 
0.020560 0.025605 0.069676 0.008081 0.034413 
0.087130 0.033470 0.046870 0.049530 0.039770 
0.088610 0.033620 0.036890 0.080480 0.085360 
0.014750 0.040430 0.050680 0.038260 0.040900 
0.069580 0.058540 0.064720 0.010490 0.029920 
80
0.479817 0.014461 0.046210 
0.462778 0.970452 0.462022 
0.057405 0.015086 0.491768 
0.040371 0.003254 0.492511 0.059545 0.010386 
0.035029 0.013047 0.014613 0.040825 0.023714 
0.007367 0.055694 0.024095 0.027430 0.043377 
0.039434 0.031872 0.021102 0.004040 0.012294 
0.087130 0.033470 0.046870 0.049530 0.039770 
0.088610 0.033620 0.036890 0.080480 0.085360 
0.014750 0.040430 0.050680 0.038260 0.040900 
0.069580 0.058540 0.064720 0.010490 0.029920 
81
0.479817 0.014461 0.046210 
0.462778 0.970452 0.462022 
0.057405 0.015086 0.491768 
0.407992 0.008771 0.034244 0.059264 0.018996 
0.046311 0.013614 0.027018 0.041092 0.043915 
0.013020 0.030094 0.020118 0.028332 0.032743 
0.067977 0.037007 0.043394 0.006779 0.019318 
0.087130 0.033470 0.046870 0.049530 0.039770 
0.088610 0.033620 0.036890 0.080480 0.085360 
0.014750 0.040430 0.050680 0.038260 0.040900 
0.069580 0.058540 0.064720 0.010490 0.029920 
82
0.479817 0.014461 0.046210 
0.462778 0.970452 0.462022 
0.057405 0.015086 0.491768 
0.028533 0.008820 0.015808 0.018224 0.101456 
0.018650 0.028062 0.029813 0.019004 0.055867 
0.014192 0.017772 0.013057 0.013697 0.019491 
0.023053 0.021200 0.032696 0.030345 0.490259 
0.087130 0.033470 0.046870 0.049530 0.039770 
0.088610 0.033620 0.036890 0.080480 0.085360 
0.014750 0.040430 0.050680 0.038260 0.040900 
0.069580 0.058540 0.064720 0.010490 0.029920 
83
0.479817 0.014461 0.046210 
0.462778 0.970452 0.462022 
0.057405 0.015086 0.491768 
0.017133 0.004433 0.006174 0.009815 0.039263 
0.013292 0.005585 0.019571 0.008263 0.048871 
0.011714 0.005834 0.006082 0.005517 0.013399 
0.010105 0.009296 0.036447 0.696063 0.033142 
0.087130 0.033470 0.046870 0.049530 0.039770 
0.088610 0.033620 0.036890 0.080480 0.085360 
0.014750 0.040430 0.050680 0.038260 0.040900 
